770 1080
771 1065
771 1079
771 1081
771 1094
771 1095
772 1052
772 1054
772 1055
772 1064
772 1066
772 1067
772 1068
772 1069
772 1070
772 1071
772 1072
772 1073
772 1074
772 1075
772 1076
772 1077
772 1078
772 1082
772 1083
772 1084
772 1085
772 1086
772 1087
772 1088
772 1089
772 1090
772 1091
772 1092
772 1093
772 1096
772 1101
772 1102
773 1046
773 1047
773 1051
773 1053
773 1056
773 1057
773 1058
773 1059
773 1060
773 1061
773 1062
773 1063
773 1097
773 1098
773 1099
773 1100
773 1103
773 1107
773 1108
773 1109
774 1038
774 1040
774 1041
774 1045
774 1048
774 1049
774 1050
774 1104
774 1105
774 1106
774 1110
774 1113
774 1114
775 1034
775 1035
775 1037
775 1039
775 1042
775 1043
775 1044
775 1111
775 1112
775 1115
775 1117
775 1118
776 1030
776 1031
776 1033
776 1036
776 1116
776 1119
776 1121
776 1122
777 1026
777 1027
777 1029
777 1032
777 1120
777 1123
778 1025
778 1028
778 1124
778 1125
779 1021
779 1022
779 1024
779 1126
779 1127
779 1128
780 1017
780 1018
780 1020
780 1023
780 1129
780 1130
781 1011
781 1013
781 1014
781 1016
781 1019
781 1131
781 1132
781 1133
782 1009
782 1010
782 1012
782 1015
782 1134
782 1135
783 1007
783 1008
783 1136
783 1137
784 1005
784 1006
784 1138
784 1139
785 1003
785 1004
785 1140
785 1141
786 1001
786 1002
786 1142
786 1143
787 999
787 1000
787 1144
787 1145
788 997
788 998
788 1146
788 1147
789 995
789 996
789 1148
790 993
790 994
790 1149
790 1150
791 991
791 992
791 1151
792 989
792 990
792 1152
792 1153
793 987
793 988
793 1154
794 986
794 1155
794 1156
795 986
795 1157
796 984
796 985
796 1158
796 1159
797 983
797 1160
797 1161
798 981
798 982
798 1162
799 980
799 1163
800 978
800 979
800 1164
800 1165
801 975
801 977
801 1166
802 974
802 976
802 1167
803 972
803 973
803 1168
803 1169
804 971
804 1170
805 970
805 1171
806 969
806 1172
806 1173
807 968
807 1174
808 967
808 1175
809 966
809 1176
810 965
810 1177
811 964
811 1178
812 963
812 1179
813 962
813 1180
814 961
814 1181
815 959
815 960
815 1181
816 958
816 1182
817 957
817 1183
818 956
818 1184
819 955
819 1185
820 954
820 1186
821 954
821 1187
822 953
822 1188
823 952
823 1189
824 951
824 1190
825 951
825 1190
826 950
826 1191
827 949
827 1192
828 948
828 1193
829 947
829 1193
830 946
830 1194
831 945
831 1195
832 944
832 1195
833 943
833 1196
834 942
834 1197
835 942
835 1197
836 941
836 1198
837 940
837 1198
838 939
838 1199
839 938
839 1200
840 938
840 1200
841 937
841 1201
842 937
842 1201
843 936
843 1202
844 935
844 1202
845 935
845 1203
846 934
846 1203
847 933
847 1204
848 933
848 1204
849 932
849 1205
850 931
850 1206
851 931
851 1207
852 930
852 1207
853 930
853 1208
854 929
854 1208
855 929
855 1209
856 928
856 1209
857 928
857 1210
858 927
858 1211
859 927
859 1211
860 926
860 1211
861 925
861 1211
862 925
862 1212
863 924
863 1213
864 924
864 1213
865 923
865 1214
866 923
866 1214
867 922
867 1215
868 922
868 1215
869 921
869 1216
870 921
870 1216
871 920
871 1217
872 920
872 1218
873 919
873 1219
874 919
874 1219
875 918
875 1220
876 918
876 1220
877 917
877 1221
878 917
878 1221
879 917
879 1221
880 916
880 1222
881 916
881 1222
882 916
882 1223
883 915
883 1223
884 915
884 1223
885 915
885 1224
886 914
886 1224
887 914
887 1224
888 914
888 1224
889 913
889 1225
890 913
890 1225
891 913
891 1225
892 913
892 1225
893 912
893 1225
894 912
894 1225
895 912
895 1225
896 911
896 1225
897 911
897 1225
898 911
898 1225
899 910
899 1226
900 910
900 1226
901 909
901 1226
902 909
902 1226
903 909
903 1226
904 909
904 1227
905 908
905 1227
906 908
906 1227
907 908
907 1227
908 908
908 1227
909 907
909 1227
910 907
910 1228
911 907
911 1229
912 907
912 1229
913 907
913 1229
914 907
914 1229
915 906
915 1229
916 906
916 1229
917 906
917 1229
918 906
918 1229
919 906
919 1229
920 905
920 1229
921 905
921 1229
922 905
922 1229
923 905
923 1228
924 905
924 1228
925 905
925 1228
926 905
926 1228
927 904
927 1228
928 904
928 1228
929 904
929 1228
930 904
930 1228
931 904
931 1228
932 904
932 1228
933 904
933 1228
934 904
934 1228
935 904
935 1228
936 904
936 1228
937 904
937 1228
938 904
938 1228
939 904
939 1228
940 904
940 1228
941 904
941 1228
942 904
942 1228
943 904
943 1228
944 904
944 1228
945 904
945 1228
946 904
946 1228
947 904
947 1228
948 904
948 1228
949 904
949 1228
950 904
950 1227
951 904
951 1227
952 904
952 1227
953 904
953 1227
954 904
954 1227
955 904
955 1227
956 904
956 1227
957 904
957 1227
958 904
958 1227
959 904
959 1227
960 904
960 1227
961 904
961 1227
962 904
962 1227
963 904
963 1226
964 904
964 1225
965 904
965 1225
966 904
966 1225
967 904
967 1225
968 904
968 1225
969 904
969 1225
970 904
970 1225
971 905
971 1224
972 905
972 1224
973 905
973 1224
974 905
974 1224
975 905
975 1224
976 905
976 1223
977 905
977 1223
978 905
978 1223
979 906
979 1223
980 906
980 1223
981 906
981 1223
982 906
982 1222
983 906
983 1222
984 907
984 1222
985 907
985 1222
986 907
986 1222
987 908
987 1221
988 908
988 1221
989 908
989 1221
990 908
990 1221
991 908
991 1221
992 908
992 1220
993 909
993 1220
994 909
994 1220
995 909
995 1220
996 909
996 1219
997 909
997 1219
998 910
998 1219
999 910
999 1219
1000 910
1000 1218
1001 910
1001 1218
1002 910
1002 1218
1003 910
1003 1218
1004 911
1004 1217
1005 911
1005 1217
1006 911
1006 1216
1007 912
1007 1216
1008 912
1008 1216
1009 912
1009 1215
1010 913
1010 1215
1011 913
1011 1214
1012 914
1012 1214
1013 914
1013 1213
1014 915
1014 1213
1015 915
1015 1212
1016 916
1016 1212
1017 916
1017 1211
1018 917
1018 1211
1019 917
1019 1210
1020 918
1020 1210
1021 918
1021 1209
1022 918
1022 1209
1023 919
1023 1208
1024 919
1024 1208
1025 919
1025 1207
1026 920
1026 1207
1027 920
1027 1206
1028 921
1028 1205
1029 921
1029 1205
1030 922
1030 1204
1031 922
1031 1204
1032 923
1032 1203
1033 923
1033 1202
1034 924
1034 1201
1035 924
1035 1201
1036 925
1036 1200
1037 926
1037 1200
1038 926
1038 1199
1039 927
1039 1198
1040 928
1040 1198
1041 928
1041 1197
1042 929
1042 1197
1043 930
1043 1196
1044 930
1044 1195
1045 931
1045 1195
1046 932
1046 1195
1047 933
1047 1194
1048 934
1048 1193
1049 935
1049 1193
1050 935
1050 1192
1051 936
1051 1192
1052 937
1052 1191
1053 937
1053 1190
1054 938
1054 1190
1055 939
1055 1189
1056 939
1056 1188
1057 940
1057 1187
1058 940
1058 1186
1059 941
1059 1185
1060 942
1060 1185
1061 943
1061 1184
1062 943
1062 1183
1063 944
1063 1182
1064 945
1064 1181
1065 946
1065 1180
1066 946
1066 1179
1067 947
1067 1178
1068 948
1068 1176
1068 1177
1069 949
1069 1175
1070 950
1070 1174
1071 951
1071 1173
1072 952
1072 1172
1073 952
1073 1171
1074 953
1074 1170
1075 954
1075 1169
1076 955
1076 1167
1076 1168
1077 956
1077 1166
1078 956
1078 1165
1079 957
1079 1164
1080 958
1080 1162
1080 1163
1081 959
1081 1160
1081 1161
1082 960
1082 1159
1083 961
1083 1157
1083 1158
1084 962
1084 1156
1085 963
1085 1154
1085 1155
1086 964
1086 1153
1087 965
1087 1151
1087 1152
1088 966
1088 1150
1089 967
1089 1149
1090 968
1090 1147
1090 1148
1091 969
1091 1146
1092 970
1092 971
1092 1144
1092 1145
1093 972
1093 1143
1094 973
1094 1141
1094 1142
1095 974
1095 1140
1096 975
1096 976
1096 977
1096 1138
1096 1139
1097 978
1097 1137
1098 979
1098 980
1098 1135
1098 1136
1099 981
1099 1134
1100 982
1100 983
1100 1132
1100 1133
1101 984
1101 1131
1102 985
1102 986
1102 1129
1102 1130
1103 987
1103 1127
1103 1128
1104 988
1104 1125
1104 1126
1105 989
1105 990
1105 1124
1106 991
1106 992
1106 1122
1106 1123
1107 993
1107 994
1107 1120
1107 1121
1108 995
1108 996
1108 1118
1108 1119
1109 997
1109 1116
1109 1117
1110 998
1110 999
1110 1114
1110 1115
1111 1000
1111 1001
1111 1111
1111 1112
1111 1113
1112 1002
1112 1003
1112 1004
1112 1109
1112 1110
1113 1005
1113 1006
1113 1007
1113 1106
1113 1107
1113 1108
1114 1008
1114 1009
1114 1104
1114 1105
1115 1010
1115 1011
1115 1012
1115 1014
1115 1101
1115 1102
1115 1103
1116 1013
1116 1015
1116 1099
1116 1100
1117 1016
1117 1017
1117 1018
1117 1021
1117 1091
1117 1092
1117 1096
1117 1097
1117 1098
1118 1019
1118 1020
1118 1022
1118 1025
1118 1027
1118 1028
1118 1029
1118 1030
1118 1087
1118 1090
1118 1093
1118 1094
1118 1095
1119 1023
1119 1024
1119 1026
1119 1031
1119 1034
1119 1035
1119 1036
1119 1037
1119 1082
1119 1083
1119 1086
1119 1088
1119 1089
1120 1032
1120 1033
1120 1038
1120 1040
1120 1041
1120 1042
1120 1043
1120 1044
1120 1045
1120 1046
1120 1047
1120 1048
1120 1073
1120 1074
1120 1075
1120 1076
1120 1077
1120 1078
1120 1081
1120 1084
1120 1085
1121 1039
1121 1049
1121 1051
1121 1052
1121 1053
1121 1054
1121 1055
1121 1056
1121 1057
1121 1058
1121 1059
1121 1060
1121 1061
1121 1062
1121 1063
1121 1064
1121 1065
1121 1066
1121 1067
1121 1068
1121 1069
1121 1072
1121 1079
1121 1080
1122 1050
1122 1070
1122 1071
