818 1057
818 1067
818 1068
818 1078
819 1051
819 1052
819 1056
819 1058
819 1059
819 1060
819 1061
819 1062
819 1063
819 1064
819 1065
819 1066
819 1069
819 1070
819 1071
819 1072
819 1073
819 1074
819 1075
819 1076
819 1077
819 1079
819 1088
820 1046
820 1050
820 1053
820 1054
820 1055
820 1080
820 1081
820 1082
820 1083
820 1084
820 1085
820 1086
820 1087
820 1089
820 1093
820 1094
821 1043
821 1044
821 1045
821 1047
821 1048
821 1049
821 1090
821 1091
821 1092
821 1095
821 1098
822 1040
822 1041
822 1042
822 1096
822 1097
822 1099
822 1102
823 1037
823 1038
823 1039
823 1100
823 1101
823 1103
823 1106
823 1108
824 1034
824 1035
824 1036
824 1104
824 1105
824 1107
824 1109
824 1110
824 1111
825 1030
825 1031
825 1033
825 1112
825 1113
825 1114
826 1027
826 1028
826 1029
826 1032
826 1115
826 1116
826 1117
827 1026
827 1118
828 1024
828 1025
828 1119
828 1120
829 1021
829 1022
829 1023
829 1121
829 1122
830 1018
830 1019
830 1020
830 1123
830 1124
831 1016
831 1017
831 1125
831 1126
832 1014
832 1015
832 1127
833 1012
833 1013
833 1128
833 1129
834 1010
834 1011
834 1130
834 1131
835 1008
835 1009
835 1132
835 1133
836 1006
836 1007
836 1134
837 1004
837 1005
837 1135
837 1136
838 1002
838 1003
838 1137
838 1138
839 1000
839 1001
839 1139
840 999
840 1140
841 997
841 998
841 1141
841 1142
842 996
842 1143
843 994
843 995
843 1144
844 993
844 1145
844 1146
845 991
845 992
845 1147
846 989
846 990
846 1148
847 988
847 1149
848 987
848 1150
849 985
849 986
849 1151
850 984
850 1152
851 982
851 983
851 1153
851 1154
852 981
852 1155
853 980
853 1156
854 979
854 1157
855 978
855 1158
856 977
856 1159
857 976
857 1160
858 975
858 1160
859 974
859 1161
860 973
860 1162
861 972
861 1163
862 971
862 1163
863 971
863 1164
864 970
864 1165
865 969
865 1166
866 968
866 1166
867 967
867 1167
868 967
868 1168
869 966
869 1169
870 965
870 1169
871 964
871 1170
872 964
872 1171
873 963
873 1172
874 962
874 1172
875 962
875 1173
876 961
876 1174
877 961
877 1174
878 960
878 1175
879 959
879 1176
880 959
880 1176
881 958
881 1177
882 958
882 1177
883 957
883 1177
884 957
884 1178
885 956
885 1179
886 955
886 1179
887 955
887 1180
888 954
888 1180
889 954
889 1181
890 953
890 1181
891 953
891 1182
892 952
892 1182
893 952
893 1183
894 951
894 1183
895 951
895 1184
896 950
896 1184
897 950
897 1184
898 950
898 1185
899 949
899 1185
900 949
900 1185
901 948
901 1185
902 948
902 1186
903 948
903 1186
904 947
904 1186
905 947
905 1187
906 947
906 1187
907 946
907 1187
908 946
908 1188
909 946
909 1188
910 946
910 1188
911 945
911 1189
912 945
912 1189
913 945
913 1189
914 944
914 1190
915 944
915 1190
916 944
916 1190
917 943
917 1190
918 943
918 1190
919 943
919 1190
920 942
920 1191
921 942
921 1192
922 941
922 1192
923 941
923 1192
924 941
924 1192
925 941
925 1193
926 940
926 1193
927 940
927 1193
928 940
928 1193
929 940
929 1193
930 940
930 1193
931 939
931 1194
932 939
932 1194
933 939
933 1194
934 939
934 1194
935 939
935 1194
936 939
936 1194
937 939
937 1194
938 939
938 1194
939 939
939 1194
940 939
940 1194
941 939
941 1194
942 939
942 1194
943 939
943 1194
944 939
944 1194
945 939
945 1194
946 939
946 1194
947 939
947 1194
948 939
948 1194
949 939
949 1194
950 939
950 1194
951 938
951 1194
952 938
952 1194
953 938
953 1194
954 938
954 1194
955 938
955 1194
956 938
956 1194
957 938
957 1194
958 938
958 1194
959 938
959 1194
960 938
960 1193
961 938
961 1193
962 938
962 1193
963 938
963 1193
964 938
964 1193
965 938
965 1193
966 938
966 1193
967 938
967 1193
968 938
968 1193
969 938
969 1192
970 938
970 1192
971 938
971 1192
972 938
972 1192
973 938
973 1192
974 938
974 1192
975 938
975 1192
976 938
976 1192
977 939
977 1192
978 939
978 1192
979 939
979 1191
980 939
980 1191
981 939
981 1191
982 940
982 1191
983 940
983 1191
984 940
984 1191
985 940
985 1191
986 941
986 1191
987 941
987 1191
988 941
988 1191
989 941
989 1191
990 942
990 1190
991 942
991 1189
992 942
992 1189
993 943
993 1189
994 943
994 1189
995 943
995 1189
996 943
996 1188
997 944
997 1188
998 944
998 1188
999 944
999 1188
1000 945
1000 1187
1001 945
1001 1187
1002 945
1002 1187
1003 945
1003 1186
1004 946
1004 1186
1005 946
1005 1186
1006 946
1006 1185
1007 947
1007 1185
1008 947
1008 1185
1009 947
1009 1184
1010 948
1010 1184
1011 948
1011 1184
1012 949
1012 1184
1013 949
1013 1183
1014 949
1014 1183
1015 950
1015 1182
1016 950
1016 1182
1017 951
1017 1181
1018 951
1018 1181
1019 952
1019 1181
1020 952
1020 1180
1021 952
1021 1179
1022 953
1022 1179
1023 953
1023 1178
1024 953
1024 1178
1025 954
1025 1177
1026 954
1026 1177
1027 954
1027 1176
1028 955
1028 1176
1029 955
1029 1175
1030 955
1030 1174
1031 955
1031 1174
1032 955
1032 1173
1033 956
1033 1173
1034 956
1034 1172
1035 956
1035 1172
1036 957
1036 1171
1037 957
1037 1170
1038 957
1038 1169
1039 958
1039 1169
1040 958
1040 1168
1041 959
1041 1168
1042 959
1042 1167
1043 959
1043 1167
1044 960
1044 1166
1045 960
1045 1165
1046 961
1046 1165
1047 961
1047 1164
1048 962
1048 1164
1049 962
1049 1163
1050 963
1050 1162
1051 963
1051 1161
1052 964
1052 1161
1053 965
1053 1160
1054 966
1054 1159
1055 966
1055 1158
1056 967
1056 1157
1057 968
1057 1157
1058 968
1058 1156
1059 969
1059 1155
1060 970
1060 1154
1061 971
1061 1153
1062 971
1062 1152
1063 972
1063 1151
1064 973
1064 1149
1064 1150
1065 974
1065 1148
1066 974
1066 1147
1067 975
1067 1146
1068 976
1068 1145
1069 977
1069 1143
1069 1144
1070 978
1070 1142
1071 979
1071 1141
1072 979
1072 1141
1073 980
1073 1140
1074 981
1074 1139
1075 982
1075 1138
1076 983
1076 1136
1076 1137
1077 983
1077 1135
1078 984
1078 1134
1079 985
1079 1132
1079 1133
1080 986
1080 1131
1081 987
1081 1129
1081 1130
1082 988
1082 1128
1083 989
1083 1127
1084 990
1084 1126
1085 991
1085 1124
1085 1125
1086 992
1086 1123
1087 993
1087 1122
1088 994
1088 1120
1088 1121
1089 995
1089 996
1089 1119
1090 997
1090 1118
1091 998
1091 999
1091 1117
1092 1000
1092 1115
1092 1116
1093 1001
1093 1002
1093 1114
1094 1003
1094 1112
1094 1113
1095 1004
1095 1005
1095 1109
1095 1110
1095 1111
1096 1006
1096 1007
1096 1106
1096 1107
1096 1108
1097 1008
1097 1103
1097 1104
1097 1105
1098 1009
1098 1010
1098 1101
1098 1102
1099 1011
1099 1098
1099 1099
1099 1100
1100 1012
1100 1013
1100 1092
1100 1095
1100 1096
1100 1097
1101 1014
1101 1091
1101 1093
1101 1094
1102 1015
1102 1089
1102 1090
1103 1016
1103 1018
1103 1083
1103 1086
1103 1087
1103 1088
1104 1017
1104 1019
1104 1022
1104 1076
1104 1077
1104 1079
1104 1082
1104 1084
1104 1085
1105 1020
1105 1021
1105 1023
1105 1026
1105 1071
1105 1072
1105 1075
1105 1078
1105 1080
1105 1081
1106 1024
1106 1025
1106 1027
1106 1030
1106 1031
1106 1032
1106 1033
1106 1063
1106 1064
1106 1065
1106 1067
1106 1070
1106 1073
1106 1074
1107 1028
1107 1029
1107 1034
1107 1037
1107 1038
1107 1039
1107 1056
1107 1057
1107 1058
1107 1059
1107 1062
1107 1066
1107 1068
1107 1069
1108 1035
1108 1036
1108 1040
1108 1043
1108 1044
1108 1045
1108 1046
1108 1047
1108 1048
1108 1049
1108 1050
1108 1051
1108 1052
1108 1053
1108 1055
1108 1060
1108 1061
1109 1041
1109 1042
1109 1054
