724 972
725 958
725 960
725 961
725 971
725 973
725 986
726 952
726 953
726 957
726 959
726 962
726 963
726 964
726 965
726 966
726 967
726 968
726 969
726 970
726 974
726 975
726 976
726 977
726 978
726 979
726 980
726 981
726 982
726 983
726 984
726 985
726 987
726 997
726 998
726 1000
727 944
727 945
727 946
727 951
727 954
727 955
727 956
727 988
727 989
727 990
727 991
727 992
727 993
727 994
727 995
727 996
727 999
727 1001
727 1005
727 1006
728 939
728 940
728 943
728 947
728 948
728 949
728 950
728 1002
728 1003
728 1004
728 1007
728 1011
728 1012
728 1014
729 934
729 935
729 938
729 941
729 942
729 1008
729 1009
729 1010
729 1013
729 1015
729 1017
729 1018
730 929
730 930
730 933
730 936
730 937
730 1016
730 1019
730 1021
730 1022
731 926
731 927
731 928
731 931
731 932
731 1020
731 1023
731 1025
731 1026
732 924
732 925
732 1024
732 1027
732 1028
733 921
733 922
733 923
733 1029
733 1030
733 1031
734 918
734 919
734 920
734 1032
734 1033
734 1034
735 916
735 917
735 1035
735 1036
736 913
736 914
736 915
736 1037
736 1038
736 1039
737 910
737 911
737 912
737 1040
737 1041
738 907
738 908
738 909
738 1042
738 1043
739 904
739 905
739 906
739 1044
739 1045
740 901
740 902
740 903
740 1046
740 1047
741 899
741 900
741 1048
741 1049
742 897
742 898
742 1050
742 1051
743 895
743 896
743 1052
743 1053
743 1054
744 893
744 894
744 1055
744 1056
745 891
745 892
745 1057
745 1058
746 889
746 890
746 1059
746 1060
747 888
747 1061
748 888
748 1062
748 1063
749 886
749 887
749 1064
749 1065
750 885
750 1066
751 884
751 1067
752 882
752 883
752 1068
753 881
753 1069
753 1070
754 880
754 1071
755 878
755 879
755 1072
755 1073
756 877
756 1074
757 876
757 1075
758 875
758 1076
759 873
759 874
759 1077
759 1078
760 872
760 1079
761 871
761 1080
762 870
762 1081
763 868
763 869
763 1082
764 867
764 1083
764 1084
765 865
765 866
765 1085
766 864
766 1086
767 863
767 1087
768 862
768 1088
769 861
769 1089
770 860
770 1090
771 859
771 1091
772 858
772 1092
773 857
773 1093
774 856
774 1094
775 855
775 1095
776 854
776 1096
777 853
777 1097
778 852
778 1098
779 852
779 1099
780 851
780 1100
781 850
781 1101
782 849
782 1102
783 849
783 1103
784 848
784 1104
785 847
785 1105
786 846
786 1106
787 845
787 1106
788 845
788 1107
789 844
789 1108
790 843
790 1109
791 843
791 1110
792 842
792 1111
793 841
793 1111
794 841
794 1112
795 840
795 1113
796 840
796 1114
797 839
797 1115
798 838
798 1116
799 838
799 1117
800 837
800 1117
801 837
801 1118
802 836
802 1119
803 836
803 1120
804 835
804 1120
805 834
805 1121
806 834
806 1121
807 833
807 1122
808 832
808 1123
809 832
809 1124
810 831
810 1124
811 831
811 1125
812 831
812 1126
813 830
813 1126
814 829
814 1127
815 829
815 1128
816 828
816 1128
817 828
817 1129
818 827
818 1129
819 827
819 1130
820 826
820 1131
821 825
821 1131
822 825
822 1132
823 824
823 1132
824 824
824 1133
825 823
825 1133
826 823
826 1134
827 822
827 1134
828 822
828 1134
829 821
829 1134
830 821
830 1135
831 820
831 1135
832 820
832 1136
833 819
833 1136
834 819
834 1136
835 818
835 1137
836 818
836 1137
837 818
837 1137
838 817
838 1138
839 817
839 1138
840 816
840 1138
841 816
841 1139
842 816
842 1140
843 815
843 1140
844 815
844 1141
845 814
845 1141
846 814
846 1141
847 814
847 1142
848 813
848 1142
849 813
849 1143
850 813
850 1143
851 812
851 1143
852 812
852 1143
853 812
853 1143
854 811
854 1144
855 811
855 1144
856 811
856 1144
857 810
857 1145
858 810
858 1145
859 810
859 1145
860 809
860 1146
861 809
861 1146
862 808
862 1146
863 808
863 1146
864 808
864 1146
865 807
865 1147
866 807
866 1148
867 807
867 1148
868 807
868 1148
869 807
869 1149
870 807
870 1149
871 806
871 1149
872 806
872 1149
873 806
873 1150
874 806
874 1150
875 806
875 1150
876 806
876 1150
877 805
877 1150
878 805
878 1150
879 805
879 1151
880 805
880 1151
881 805
881 1151
882 805
882 1151
883 805
883 1152
884 804
884 1152
885 804
885 1152
886 804
886 1152
887 804
887 1152
888 804
888 1152
889 804
889 1152
890 804
890 1152
891 804
891 1153
892 804
892 1154
893 804
893 1154
894 804
894 1154
895 804
895 1154
896 804
896 1154
897 804
897 1154
898 804
898 1154
899 804
899 1154
900 804
900 1154
901 804
901 1154
902 804
902 1154
903 804
903 1155
904 804
904 1156
905 804
905 1156
906 804
906 1156
907 804
907 1156
908 804
908 1156
909 804
909 1156
910 804
910 1156
911 804
911 1156
912 804
912 1156
913 804
913 1156
914 804
914 1156
915 804
915 1156
916 804
916 1156
917 804
917 1156
918 804
918 1156
919 804
919 1156
920 804
920 1156
921 804
921 1156
922 804
922 1156
923 804
923 1156
924 804
924 1156
925 804
925 1156
926 805
926 1156
927 805
927 1156
928 805
928 1156
929 805
929 1156
930 805
930 1156
931 805
931 1156
932 806
932 1156
933 806
933 1156
934 806
934 1156
935 806
935 1156
936 806
936 1156
937 807
937 1156
938 807
938 1156
939 807
939 1156
940 807
940 1156
941 807
941 1156
942 808
942 1156
943 808
943 1156
944 808
944 1156
945 808
945 1156
946 809
946 1155
947 809
947 1154
948 809
948 1154
949 809
949 1154
950 810
950 1154
951 810
951 1154
952 810
952 1154
953 810
953 1153
954 811
954 1153
955 811
955 1153
956 811
956 1153
957 811
957 1152
958 812
958 1152
959 812
959 1152
960 812
960 1152
961 812
961 1152
962 812
962 1151
963 813
963 1151
964 813
964 1151
965 813
965 1151
966 814
966 1150
967 814
967 1150
968 814
968 1150
969 815
969 1150
970 815
970 1149
971 815
971 1149
972 815
972 1149
973 816
973 1148
974 817
974 1147
975 817
975 1147
976 818
976 1147
977 818
977 1147
978 818
978 1146
979 819
979 1146
980 819
980 1146
981 820
981 1145
982 820
982 1145
983 820
983 1145
984 821
984 1144
985 821
985 1144
986 822
986 1144
987 822
987 1143
988 822
988 1143
989 822
989 1143
990 823
990 1142
991 823
991 1142
992 824
992 1141
993 824
993 1141
994 825
994 1140
995 825
995 1140
996 826
996 1140
997 826
997 1139
998 827
998 1139
999 827
999 1138
1000 828
1000 1137
1001 828
1001 1136
1002 829
1002 1136
1003 830
1003 1135
1004 830
1004 1135
1005 831
1005 1134
1006 832
1006 1134
1007 832
1007 1133
1008 833
1008 1132
1009 834
1009 1132
1010 834
1010 1131
1011 835
1011 1131
1012 836
1012 1131
1013 836
1013 1130
1014 837
1014 1129
1015 838
1015 1129
1016 838
1016 1128
1017 839
1017 1128
1018 840
1018 1127
1019 840
1019 1127
1020 841
1020 1126
1021 842
1021 1125
1022 842
1022 1125
1023 843
1023 1124
1024 844
1024 1124
1025 845
1025 1123
1026 846
1026 1122
1027 847
1027 1122
1028 848
1028 1121
1029 849
1029 1120
1030 850
1030 1120
1031 850
1031 1119
1032 851
1032 1118
1033 852
1033 1118
1034 853
1034 1117
1035 854
1035 1116
1036 854
1036 1115
1037 854
1037 1114
1038 855
1038 1113
1039 856
1039 1113
1040 857
1040 1112
1041 858
1041 1111
1042 859
1042 1110
1043 860
1043 1110
1044 861
1044 1109
1045 862
1045 1108
1046 863
1046 1107
1047 864
1047 865
1047 1107
1048 866
1048 1106
1049 867
1049 1105
1050 868
1050 869
1050 1105
1051 870
1051 1104
1052 871
1052 1103
1053 872
1053 1102
1054 873
1054 874
1054 1102
1055 875
1055 1101
1056 876
1056 877
1056 1100
1057 878
1057 1099
1058 879
1058 880
1058 1098
1059 881
1059 1097
1060 882
1060 883
1060 1096
1061 884
1061 1094
1061 1095
1062 885
1062 1093
1063 886
1063 887
1063 1092
1064 888
1064 1091
1065 889
1065 1090
1066 890
1066 891
1066 1089
1067 892
1067 893
1067 1088
1068 894
1068 1087
1069 895
1069 896
1069 1086
1070 897
1070 898
1070 1084
1070 1085
1071 899
1071 1083
1072 900
1072 901
1072 902
1072 1082
1073 903
1073 904
1073 1080
1073 1081
1074 905
1074 906
1074 1079
1075 907
1075 908
1075 1078
1076 909
1076 910
1076 1076
1076 1077
1077 911
1077 912
1077 1075
1078 913
1078 914
1078 1074
1079 915
1079 916
1079 1072
1079 1073
1080 917
1080 918
1080 1071
1081 919
1081 920
1081 921
1081 1069
1081 1070
1082 922
1082 923
1082 1068
1083 924
1083 925
1083 926
1083 1067
1084 927
1084 928
1084 930
1084 1065
1084 1066
1085 929
1085 931
1085 1064
1086 932
1086 933
1086 934
1086 1061
1086 1062
1086 1063
1087 935
1087 936
1087 937
1087 1060
1088 938
1088 939
1088 940
1088 944
1088 1057
1088 1058
1088 1059
1089 941
1089 942
1089 943
1089 945
1089 1055
1089 1056
1090 946
1090 947
1090 948
1090 1053
1090 1054
1091 949
1091 950
1091 951
1091 954
1091 1050
1091 1051
1091 1052
1092 952
1092 953
1092 955
1092 958
1092 959
1092 1045
1092 1048
1092 1049
1093 956
1093 957
1093 960
1093 963
1093 1041
1093 1044
1093 1046
1093 1047
1094 961
1094 962
1094 964
1094 967
1094 968
1094 1037
1094 1040
1094 1042
1094 1043
1095 965
1095 966
1095 969
1095 1036
1095 1038
1095 1039
1096 970
1096 972
1096 973
1096 974
1096 975
1096 976
1096 977
1096 1030
1096 1031
1096 1033
1096 1034
1096 1035
1097 971
1097 978
1097 981
1097 982
1097 983
1097 984
1097 985
1097 987
1097 988
1097 989
1097 990
1097 991
1097 992
1097 993
1097 994
1097 995
1097 996
1097 1025
1097 1026
1097 1029
1097 1032
1098 979
1098 980
1098 986
1098 997
1098 1021
1098 1024
1098 1027
1098 1028
1099 998
1099 999
1099 1000
1099 1002
1099 1003
1099 1004
1099 1005
1099 1006
1099 1007
1099 1008
1099 1009
1099 1010
1099 1011
1099 1012
1099 1013
1099 1014
1099 1015
1099 1016
1099 1017
1099 1020
1099 1022
1099 1023
1100 1001
1100 1018
1100 1019
