693 968
693 986
694 959
694 960
694 967
694 969
694 970
694 971
694 972
694 973
694 974
694 975
694 976
694 977
694 978
694 979
694 980
694 981
694 982
694 983
694 984
694 985
694 987
694 1003
695 952
695 958
695 961
695 962
695 963
695 964
695 965
695 966
695 988
695 989
695 990
695 991
695 992
695 993
695 994
695 995
695 996
695 997
695 998
695 999
695 1000
695 1001
695 1002
695 1004
695 1006
695 1007
696 947
696 948
696 951
696 953
696 954
696 955
696 956
696 957
696 1005
696 1008
696 1010
696 1011
697 942
697 943
697 946
697 949
697 950
697 1009
697 1012
697 1014
697 1015
698 935
698 938
698 939
698 941
698 944
698 945
698 1013
698 1016
698 1017
698 1018
699 932
699 933
699 934
699 936
699 937
699 940
699 1019
699 1021
699 1022
700 929
700 930
700 931
700 1020
700 1023
700 1024
700 1025
701 926
701 927
701 928
701 1026
701 1027
701 1028
702 923
702 924
702 925
702 1029
702 1031
702 1032
703 920
703 922
703 1030
703 1033
703 1034
704 917
704 918
704 919
704 921
704 1035
704 1036
704 1037
705 915
705 916
705 1038
705 1039
705 1040
706 913
706 914
706 1041
706 1042
707 911
707 912
707 1043
707 1044
707 1045
708 909
708 910
708 1046
708 1047
709 907
709 908
709 1048
709 1049
710 905
710 906
710 1050
710 1051
710 1052
711 902
711 903
711 904
711 1053
711 1054
712 900
712 901
712 1055
712 1056
713 898
713 899
713 1057
713 1058
713 1059
714 896
714 897
714 1060
714 1061
715 894
715 895
715 1062
715 1063
715 1064
716 892
716 893
716 1065
716 1066
717 890
717 891
717 1067
717 1068
718 888
718 889
718 1069
718 1070
719 887
719 1071
719 1072
720 885
720 886
720 1073
720 1074
721 883
721 884
721 1075
721 1076
722 882
722 1077
722 1078
723 880
723 881
723 1079
723 1080
724 879
724 1081
724 1082
725 877
725 878
725 1083
726 876
726 1084
726 1085
727 875
727 1086
727 1087
728 873
728 874
728 1088
729 872
729 1089
729 1090
730 870
730 871
730 1091
730 1092
731 869
731 1093
732 868
732 1094
733 866
733 867
733 1095
734 865
734 1096
734 1097
735 864
735 1098
736 862
736 863
736 1099
737 861
737 1100
737 1101
738 860
738 1102
739 859
739 1103
740 858
740 1104
740 1105
741 856
741 857
741 1106
741 1107
742 855
742 1108
743 854
743 1109
744 853
744 1110
745 852
745 1111
746 850
746 851
746 1112
747 849
747 1113
748 848
748 1114
749 847
749 1115
750 846
750 1116
751 845
751 1117
752 844
752 1117
753 843
753 1118
754 842
754 1119
755 841
755 1120
756 840
756 1121
757 839
757 1122
758 838
758 1123
759 837
759 1124
760 836
760 1125
761 835
761 1126
762 834
762 1127
763 833
763 1128
764 832
764 1129
765 831
765 1130
766 830
766 1131
767 829
767 1132
768 828
768 1133
769 827
769 1134
770 826
770 1135
771 826
771 1135
772 825
772 1136
773 824
773 1137
774 823
774 1138
775 822
775 1138
776 822
776 1139
777 821
777 1140
778 820
778 1141
779 819
779 1142
780 818
780 1142
781 818
781 1143
782 817
782 1144
783 816
783 1145
784 815
784 1146
785 814
785 1146
786 814
786 1147
787 813
787 1148
788 812
788 1149
789 812
789 1150
790 811
790 1150
791 810
791 1151
792 810
792 1151
793 809
793 1152
794 809
794 1153
795 808
795 1153
796 807
796 1154
797 807
797 1154
798 806
798 1155
799 806
799 1155
800 805
800 1156
801 805
801 1157
802 804
802 1158
803 803
803 1158
804 803
804 1159
805 802
805 1160
806 802
806 1160
807 801
807 1161
808 801
808 1162
809 800
809 1162
810 800
810 1163
811 799
811 1163
812 798
812 1164
813 798
813 1164
814 797
814 1165
815 797
815 1165
816 797
816 1166
817 796
817 1166
818 796
818 1167
819 795
819 1167
820 795
820 1168
821 795
821 1168
822 794
822 1169
823 794
823 1169
824 794
824 1169
825 793
825 1170
826 793
826 1170
827 792
827 1170
828 792
828 1170
829 792
829 1171
830 791
830 1171
831 791
831 1171
832 791
832 1171
833 790
833 1172
834 790
834 1172
835 790
835 1172
836 789
836 1172
837 789
837 1173
838 789
838 1173
839 789
839 1173
840 788
840 1173
841 788
841 1173
842 788
842 1173
843 788
843 1174
844 788
844 1175
845 787
845 1175
846 787
846 1175
847 787
847 1176
848 787
848 1176
849 786
849 1176
850 786
850 1177
851 786
851 1177
852 786
852 1177
853 785
853 1177
854 785
854 1178
855 785
855 1178
856 785
856 1178
857 785
857 1178
858 784
858 1179
859 784
859 1179
860 784
860 1179
861 784
861 1179
862 784
862 1179
863 783
863 1180
864 783
864 1180
865 783
865 1180
866 783
866 1180
867 783
867 1180
868 783
868 1180
869 782
869 1180
870 782
870 1180
871 782
871 1180
872 782
872 1181
873 782
873 1182
874 781
874 1182
875 781
875 1182
876 781
876 1182
877 781
877 1182
878 781
878 1182
879 781
879 1182
880 781
880 1182
881 780
881 1182
882 780
882 1182
883 780
883 1182
884 780
884 1182
885 780
885 1182
886 780
886 1182
887 780
887 1183
888 780
888 1184
889 780
889 1184
890 780
890 1184
891 780
891 1184
892 780
892 1184
893 780
893 1184
894 780
894 1184
895 780
895 1184
896 780
896 1184
897 780
897 1184
898 780
898 1184
899 780
899 1184
900 780
900 1184
901 780
901 1184
902 779
902 1184
903 779
903 1184
904 779
904 1184
905 779
905 1184
906 779
906 1184
907 779
907 1184
908 779
908 1184
909 779
909 1184
910 779
910 1184
911 779
911 1184
912 779
912 1184
913 779
913 1184
914 779
914 1184
915 779
915 1184
916 780
916 1184
917 780
917 1184
918 780
918 1184
919 780
919 1184
920 781
920 1184
921 781
921 1183
922 781
922 1183
923 781
923 1183
924 781
924 1183
925 782
925 1183
926 782
926 1183
927 782
927 1183
928 782
928 1183
929 782
929 1183
930 782
930 1183
931 783
931 1183
932 783
932 1183
933 783
933 1183
934 783
934 1182
935 784
935 1181
936 784
936 1181
937 784
937 1181
938 785
938 1181
939 785
939 1181
940 785
940 1181
941 785
941 1181
942 786
942 1181
943 786
943 1181
944 786
944 1181
945 786
945 1180
946 787
946 1180
947 787
947 1180
948 787
948 1180
949 787
949 1180
950 788
950 1180
951 788
951 1180
952 788
952 1179
953 788
953 1178
954 789
954 1178
955 789
955 1178
956 790
956 1178
957 790
957 1178
958 791
958 1178
959 791
959 1177
960 792
960 1177
961 792
961 1177
962 793
962 1177
963 793
963 1177
964 794
964 1176
965 794
965 1176
966 795
966 1176
967 795
967 1176
968 796
968 1175
969 796
969 1174
970 797
970 1174
971 797
971 1174
972 798
972 1174
973 798
973 1174
974 799
974 1174
975 799
975 1173
976 800
976 1173
977 800
977 1173
978 801
978 1173
979 801
979 1172
980 802
980 1172
981 802
981 1172
982 803
982 1171
983 803
983 1171
984 804
984 1171
985 804
985 1171
986 805
986 1171
987 805
987 1171
988 806
988 1170
989 806
989 1170
990 807
990 1170
991 807
991 1169
992 808
992 1169
993 808
993 1169
994 808
994 1168
995 809
995 1168
996 810
996 1168
997 810
997 1167
998 811
998 1166
999 812
999 1166
1000 813
1000 1166
1001 813
1001 1165
1002 814
1002 1165
1003 815
1003 1164
1004 816
1004 1164
1005 816
1005 1163
1006 817
1006 1163
1007 818
1007 1163
1008 819
1008 1162
1009 820
1009 1162
1010 820
1010 1161
1011 821
1011 1161
1012 822
1012 1160
1013 823
1013 1159
1014 823
1014 1159
1015 824
1015 1158
1016 825
1016 1158
1017 826
1017 1157
1018 826
1018 1157
1019 827
1019 1156
1020 827
1020 1155
1021 828
1021 1155
1022 829
1022 1154
1023 830
1023 1154
1024 831
1024 1153
1025 832
1025 1153
1026 832
1026 1152
1027 833
1027 1151
1028 834
1028 1151
1029 835
1029 1150
1030 836
1030 1150
1031 837
1031 1149
1032 838
1032 1148
1033 839
1033 1148
1034 840
1034 1147
1035 841
1035 1146
1036 842
1036 1146
1037 843
1037 1145
1038 844
1038 1144
1039 845
1039 1144
1040 846
1040 1143
1041 847
1041 1143
1042 848
1042 1142
1043 848
1043 1141
1044 849
1044 1140
1045 850
1045 1140
1046 851
1046 1139
1047 852
1047 1138
1048 853
1048 1137
1049 854
1049 1136
1050 855
1050 1136
1051 856
1051 1135
1052 857
1052 1134
1053 858
1053 1133
1054 859
1054 1132
1055 860
1055 1131
1056 861
1056 1130
1057 862
1057 1129
1058 863
1058 1128
1059 864
1059 1127
1060 865
1060 1126
1061 866
1061 1125
1062 867
1062 1124
1063 868
1063 1123
1064 869
1064 870
1064 871
1064 1122
1065 872
1065 1121
1066 873
1066 874
1066 1120
1067 875
1067 1118
1067 1119
1068 876
1068 877
1068 1117
1069 878
1069 1116
1070 879
1070 1115
1071 880
1071 881
1071 1113
1071 1114
1072 882
1072 1112
1073 883
1073 1111
1074 884
1074 885
1074 1110
1075 886
1075 1108
1075 1109
1076 887
1076 888
1076 1107
1077 889
1077 1105
1077 1106
1078 890
1078 891
1078 1104
1079 892
1079 1102
1079 1103
1080 893
1080 894
1080 1101
1081 895
1081 896
1081 1099
1081 1100
1082 897
1082 1098
1083 898
1083 899
1083 1095
1083 1096
1083 1097
1084 900
1084 901
1084 1094
1085 902
1085 903
1085 1093
1086 904
1086 905
1086 1091
1086 1092
1087 906
1087 907
1087 1089
1087 1090
1088 908
1088 909
1088 1087
1088 1088
1089 910
1089 911
1089 1085
1089 1086
1090 912
1090 913
1090 1083
1090 1084
1091 914
1091 915
1091 1081
1091 1082
1092 916
1092 917
1092 1079
1092 1080
1093 918
1093 919
1093 1076
1093 1077
1093 1078
1094 920
1094 921
1094 1074
1094 1075
1095 922
1095 923
1095 1071
1095 1072
1095 1073
1096 924
1096 925
1096 1069
1096 1070
1097 926
1097 927
1097 1066
1097 1067
1097 1068
1098 928
1098 929
1098 930
1098 1064
1098 1065
1099 931
1099 932
1099 1061
1099 1062
1099 1063
1100 933
1100 934
1100 935
1100 1059
1100 1060
1101 936
1101 937
1101 940
1101 1056
1101 1057
1101 1058
1102 938
1102 939
1102 941
1102 1053
1102 1054
1102 1055
1103 942
1103 943
1103 944
1103 947
1103 1048
1103 1050
1103 1051
1103 1052
1104 945
1104 946
1104 948
1104 1047
1104 1049
1105 949
1105 950
1105 951
1105 1041
1105 1044
1105 1045
1105 1046
1106 952
1106 953
1106 955
1106 1037
1106 1040
1106 1042
1106 1043
1107 954
1107 956
1107 959
1107 1031
1107 1032
1107 1033
1107 1036
1107 1038
1107 1039
1108 957
1108 958
1108 960
1108 963
1108 1026
1108 1027
1108 1030
1108 1034
1108 1035
1109 961
1109 962
1109 964
1109 967
1109 1020
1109 1021
1109 1022
1109 1025
1109 1028
1109 1029
1110 965
1110 966
1110 968
1110 971
1110 972
1110 973
1110 974
1110 975
1110 976
1110 1010
1110 1011
1110 1012
1110 1013
1110 1014
1110 1015
1110 1016
1110 1017
1110 1019
1110 1023
1110 1024
1111 969
1111 970
1111 977
1111 979
1111 980
1111 981
1111 982
1111 983
1111 984
1111 988
1111 989
1111 990
1111 991
1111 992
1111 993
1111 994
1111 995
1111 996
1111 997
1111 998
1111 999
1111 1000
1111 1001
1111 1003
1111 1004
1111 1005
1111 1006
1111 1009
1111 1018
1112 978
1112 985
1112 987
1112 1002
1112 1007
1112 1008
1113 986
