726 866
727 853
727 856
727 857
727 865
727 867
727 870
727 871
728 849
728 850
728 852
728 854
728 855
728 858
728 859
728 860
728 861
728 862
728 863
728 864
728 868
728 869
728 872
728 875
728 876
728 878
729 845
729 846
729 848
729 851
729 873
729 874
729 877
729 879
729 884
729 885
730 841
730 842
730 844
730 847
730 880
730 881
730 882
730 883
730 886
730 890
731 838
731 839
731 840
731 843
731 887
731 888
731 889
731 891
731 893
731 894
732 835
732 836
732 837
732 892
732 895
732 897
732 898
733 832
733 833
733 834
733 896
733 899
733 901
733 902
734 830
734 831
734 900
734 903
734 904
734 905
735 827
735 828
735 829
735 906
735 907
735 908
736 824
736 825
736 826
736 909
736 910
736 911
737 821
737 822
737 823
737 912
737 913
738 819
738 820
738 914
738 915
738 916
739 816
739 817
739 818
739 917
739 918
739 919
740 814
740 815
740 920
740 921
740 922
741 812
741 813
741 923
741 924
742 809
742 810
742 811
742 925
742 926
743 807
743 808
743 927
743 928
744 805
744 806
744 929
744 930
745 803
745 804
745 931
746 801
746 802
746 932
746 933
747 799
747 800
747 934
747 935
748 796
748 797
748 798
748 936
748 937
749 795
749 938
750 793
750 794
750 939
750 940
751 792
751 941
752 790
752 791
752 942
752 943
753 789
753 944
754 787
754 788
754 945
755 786
755 946
756 784
756 785
756 947
757 783
757 948
757 949
758 782
758 950
759 781
759 951
759 952
760 779
760 780
760 953
760 954
761 778
761 955
761 956
762 777
762 957
763 777
763 958
764 776
764 959
765 775
765 960
766 774
766 961
767 773
767 962
768 772
768 963
769 771
769 964
770 769
770 770
770 965
771 768
771 966
772 767
772 967
773 766
773 968
774 765
774 969
775 764
775 970
776 763
776 971
777 762
777 971
778 761
778 972
779 760
779 973
780 760
780 974
781 759
781 975
782 758
782 976
783 758
783 977
784 757
784 978
785 756
785 979
786 755
786 980
787 753
787 754
787 981
788 752
788 982
789 751
789 983
790 750
790 983
791 750
791 984
792 749
792 985
793 748
793 986
794 747
794 986
795 747
795 986
796 746
796 987
797 745
797 988
798 745
798 989
799 744
799 989
800 743
800 990
801 743
801 991
802 742
802 991
803 741
803 992
804 741
804 992
805 740
805 993
806 739
806 994
807 739
807 994
808 738
808 995
809 738
809 995
810 737
810 996
811 737
811 996
812 736
812 997
813 736
813 997
814 735
814 998
815 734
815 998
816 734
816 998
817 734
817 999
818 733
818 999
819 733
819 1000
820 732
820 1000
821 732
821 1001
822 731
822 1001
823 731
823 1002
824 730
824 1002
825 730
825 1002
826 729
826 1003
827 729
827 1004
828 728
828 1004
829 728
829 1004
830 728
830 1005
831 727
831 1005
832 727
832 1005
833 727
833 1006
834 726
834 1006
835 726
835 1006
836 725
836 1006
837 725
837 1007
838 725
838 1007
839 724
839 1007
840 724
840 1008
841 723
841 1008
842 723
842 1008
843 723
843 1008
844 722
844 1009
845 722
845 1009
846 722
846 1009
847 721
847 1009
848 721
848 1010
849 721
849 1010
850 721
850 1010
851 720
851 1010
852 720
852 1010
853 720
853 1011
854 720
854 1011
855 719
855 1011
856 719
856 1011
857 719
857 1011
858 718
858 1011
859 718
859 1011
860 718
860 1011
861 717
861 1011
862 717
862 1011
863 717
863 1011
864 717
864 1011
865 717
865 1011
866 716
866 1011
867 716
867 1011
868 716
868 1011
869 716
869 1011
870 716
870 1011
871 716
871 1011
872 716
872 1011
873 716
873 1011
874 716
874 1011
875 716
875 1011
876 716
876 1011
877 716
877 1011
878 716
878 1011
879 716
879 1011
880 716
880 1011
881 716
881 1011
882 716
882 1011
883 716
883 1011
884 716
884 1010
885 716
885 1010
886 716
886 1010
887 716
887 1010
888 716
888 1010
889 716
889 1010
890 716
890 1010
891 716
891 1010
892 716
892 1010
893 716
893 1010
894 716
894 1010
895 716
895 1010
896 716
896 1010
897 716
897 1010
898 716
898 1010
899 716
899 1010
900 716
900 1010
901 716
901 1010
902 716
902 1010
903 716
903 1010
904 716
904 1010
905 716
905 1010
906 716
906 1010
907 716
907 1010
908 716
908 1010
909 716
909 1010
910 716
910 1010
911 716
911 1010
912 716
912 1010
913 716
913 1010
914 716
914 1010
915 716
915 1010
916 716
916 1009
917 716
917 1009
918 716
918 1009
919 717
919 1009
920 717
920 1009
921 717
921 1009
922 717
922 1009
923 717
923 1009
924 717
924 1009
925 717
925 1009
926 717
926 1009
927 717
927 1009
928 717
928 1008
929 717
929 1007
930 717
930 1007
931 717
931 1007
932 717
932 1007
933 717
933 1007
934 718
934 1007
935 718
935 1007
936 718
936 1006
937 719
937 1006
938 719
938 1006
939 719
939 1006
940 719
940 1006
941 720
941 1005
942 720
942 1004
943 720
943 1004
944 721
944 1004
945 721
945 1003
946 721
946 1003
947 721
947 1003
948 722
948 1002
949 722
949 1002
950 722
950 1002
951 722
951 1001
952 722
952 1001
953 723
953 1001
954 723
954 1001
955 724
955 1001
956 724
956 1000
957 725
957 1000
958 725
958 999
959 726
959 999
960 726
960 999
961 727
961 998
962 727
962 998
963 728
963 998
964 728
964 997
965 729
965 997
966 729
966 996
967 729
967 996
968 730
968 995
969 730
969 995
970 731
970 994
971 732
971 994
972 732
972 994
973 733
973 993
974 733
974 993
975 734
975 992
976 735
976 991
977 735
977 991
978 736
978 990
979 736
979 990
980 737
980 989
981 738
981 989
982 738
982 988
983 739
983 988
984 740
984 987
985 740
985 987
986 741
986 986
987 742
987 985
988 742
988 985
989 743
989 984
990 744
990 983
991 745
991 983
992 746
992 982
993 746
993 981
994 747
994 981
995 748
995 980
996 749
996 979
997 750
997 978
998 750
998 977
999 751
999 976
1000 752
1000 975
1001 753
1001 974
1002 754
1002 973
1003 755
1003 972
1004 756
1004 971
1005 757
1005 970
1006 758
1006 969
1007 759
1007 968
1008 760
1008 967
1009 761
1009 966
1010 762
1010 965
1011 763
1011 964
1012 764
1012 963
1013 765
1013 962
1014 766
1014 960
1014 961
1015 767
1015 959
1016 768
1016 958
1017 769
1017 956
1017 957
1018 770
1018 955
1019 771
1019 954
1020 772
1020 953
1021 773
1021 951
1021 952
1022 774
1022 775
1022 950
1023 776
1023 948
1023 949
1024 777
1024 947
1025 778
1025 779
1025 946
1026 780
1026 944
1026 945
1027 781
1027 943
1028 782
1028 941
1028 942
1029 783
1029 940
1030 784
1030 938
1030 939
1031 785
1031 937
1032 786
1032 787
1032 935
1032 936
1033 788
1033 934
1034 789
1034 933
1035 790
1035 931
1035 932
1036 791
1036 792
1036 929
1036 930
1037 793
1037 928
1038 794
1038 795
1038 927
1039 796
1039 925
1039 926
1040 797
1040 798
1040 923
1040 924
1041 799
1041 921
1041 922
1042 800
1042 801
1042 920
1043 802
1043 803
1043 804
1043 918
1043 919
1044 805
1044 806
1044 916
1044 917
1045 807
1045 808
1045 809
1045 914
1045 915
1046 810
1046 811
1046 812
1046 912
1046 913
1047 813
1047 814
1047 909
1047 910
1047 911
1048 815
1048 816
1048 817
1048 903
1048 907
1048 908
1049 818
1049 819
1049 820
1049 902
1049 904
1049 905
1049 906
1050 821
1050 822
1050 823
1050 826
1050 896
1050 899
1050 900
1050 901
1051 824
1051 825
1051 827
1051 830
1051 890
1051 891
1051 895
1051 897
1051 898
1052 828
1052 829
1052 831
1052 834
1052 884
1052 885
1052 886
1052 889
1052 892
1052 893
1052 894
1053 832
1053 833
1053 835
1053 880
1053 883
1053 887
1053 888
1054 836
1054 837
1054 838
1054 840
1054 841
1054 842
1054 843
1054 844
1054 845
1054 846
1054 872
1054 873
1054 874
1054 875
1054 876
1054 877
1054 879
1054 881
1054 882
1055 839
1055 847
1055 849
1055 850
1055 851
1055 852
1055 853
1055 854
1055 855
1055 856
1055 857
1055 858
1055 859
1055 860
1055 861
1055 862
1055 863
1055 864
1055 865
1055 866
1055 867
1055 868
1055 871
1055 878
1056 848
1056 869
1056 870
