687 865
687 881
688 849
688 864
688 866
688 867
688 868
688 869
688 870
688 871
688 872
688 873
688 874
688 875
688 876
688 877
688 878
688 879
688 880
688 882
688 896
689 834
689 848
689 850
689 851
689 852
689 853
689 854
689 855
689 856
689 857
689 858
689 859
689 860
689 861
689 862
689 863
689 883
689 884
689 885
689 886
689 887
689 888
689 889
689 890
689 891
689 892
689 893
689 894
689 895
689 897
689 908
690 828
690 829
690 833
690 835
690 836
690 837
690 838
690 839
690 840
690 841
690 842
690 843
690 844
690 845
690 846
690 847
690 898
690 899
690 900
690 901
690 902
690 903
690 904
690 905
690 906
690 907
690 909
690 911
691 819
691 822
691 823
691 827
691 830
691 831
691 832
691 910
691 912
691 913
691 914
692 816
692 817
692 818
692 820
692 821
692 824
692 825
692 826
692 915
692 916
692 917
693 814
693 815
693 918
693 919
693 920
694 811
694 812
694 813
694 921
694 922
694 923
695 809
695 810
695 924
695 925
695 926
696 806
696 807
696 808
696 927
696 928
696 929
697 804
697 805
697 930
697 931
697 932
698 802
698 803
698 933
698 934
699 799
699 800
699 801
699 935
699 936
699 937
700 796
700 797
700 798
700 938
700 939
700 940
701 794
701 795
701 941
701 942
701 943
702 789
702 791
702 792
702 793
702 944
702 945
703 787
703 788
703 790
703 946
703 947
704 786
704 948
704 949
705 784
705 785
705 950
705 951
706 782
706 783
706 952
706 953
707 780
707 781
707 954
708 779
708 955
708 956
709 777
709 778
709 957
709 958
710 776
710 959
711 776
711 960
711 961
712 775
712 962
712 963
713 773
713 774
713 964
714 772
714 965
714 966
715 771
715 967
716 770
716 968
716 969
717 768
717 769
717 970
717 971
718 767
718 972
719 766
719 973
719 974
720 764
720 765
720 975
720 976
721 763
721 977
722 762
722 978
722 979
723 760
723 761
723 980
724 759
724 981
724 982
725 758
725 983
726 756
726 757
726 984
727 755
727 985
727 986
728 754
728 987
729 753
729 988
730 752
730 989
730 990
731 751
731 991
732 750
732 992
732 993
733 749
733 994
734 748
734 995
735 747
735 996
736 746
736 997
737 745
737 998
738 744
738 999
739 742
739 743
739 1000
740 741
740 1001
741 740
741 1002
742 740
742 1003
743 739
743 1004
744 738
744 1004
745 737
745 1005
746 736
746 1006
747 735
747 1007
748 734
748 1008
749 733
749 1009
750 733
750 1010
751 732
751 1011
752 731
752 1012
753 730
753 1013
754 729
754 1014
755 728
755 1015
756 727
756 1016
757 726
757 1017
758 725
758 1018
759 725
759 1018
760 724
760 1019
761 723
761 1020
762 722
762 1021
763 721
763 1021
764 720
764 1022
765 720
765 1023
766 719
766 1024
767 719
767 1024
768 718
768 1024
769 717
769 1025
770 717
770 1026
771 716
771 1026
772 715
772 1027
773 715
773 1028
774 714
774 1028
775 714
775 1029
776 713
776 1029
777 712
777 1030
778 712
778 1031
779 711
779 1031
780 711
780 1031
781 710
781 1032
782 710
782 1033
783 709
783 1033
784 709
784 1034
785 708
785 1034
786 707
786 1035
787 707
787 1036
788 707
788 1036
789 706
789 1037
790 706
790 1037
791 705
791 1038
792 705
792 1038
793 704
793 1039
794 704
794 1040
795 703
795 1040
796 703
796 1041
797 702
797 1041
798 702
798 1042
799 701
799 1042
800 701
800 1042
801 700
801 1043
802 700
802 1043
803 700
803 1044
804 700
804 1044
805 699
805 1045
806 699
806 1045
807 699
807 1045
808 698
808 1046
809 698
809 1046
810 698
810 1046
811 697
811 1047
812 697
812 1047
813 697
813 1047
814 696
814 1048
815 696
815 1048
816 695
816 1048
817 695
817 1048
818 695
818 1049
819 694
819 1049
820 694
820 1049
821 694
821 1049
822 693
822 1049
823 693
823 1050
824 693
824 1050
825 693
825 1050
826 692
826 1051
827 692
827 1051
828 692
828 1051
829 691
829 1052
830 691
830 1052
831 691
831 1052
832 690
832 1053
833 690
833 1053
834 690
834 1053
835 689
835 1053
836 689
836 1054
837 689
837 1055
838 688
838 1055
839 688
839 1055
840 688
840 1055
841 688
841 1055
842 687
842 1055
843 687
843 1055
844 687
844 1055
845 687
845 1055
846 687
846 1055
847 687
847 1055
848 686
848 1055
849 686
849 1055
850 686
850 1055
851 686
851 1055
852 686
852 1056
853 686
853 1056
854 686
854 1056
855 686
855 1056
856 685
856 1056
857 685
857 1056
858 685
858 1056
859 685
859 1056
860 685
860 1056
861 685
861 1056
862 685
862 1056
863 685
863 1056
864 684
864 1056
865 684
865 1056
866 684
866 1056
867 684
867 1056
868 684
868 1056
869 684
869 1056
870 684
870 1056
871 683
871 1056
872 683
872 1056
873 683
873 1056
874 683
874 1056
875 682
875 1056
876 682
876 1056
877 682
877 1056
878 682
878 1056
879 682
879 1056
880 682
880 1056
881 682
881 1056
882 682
882 1056
883 682
883 1056
884 683
884 1056
885 684
885 1056
886 684
886 1056
887 684
887 1056
888 684
888 1056
889 684
889 1056
890 684
890 1056
891 684
891 1056
892 684
892 1056
893 684
893 1056
894 684
894 1056
895 684
895 1056
896 684
896 1056
897 684
897 1056
898 684
898 1055
899 684
899 1054
900 684
900 1054
901 684
901 1054
902 684
902 1054
903 684
903 1054
904 684
904 1054
905 684
905 1054
906 684
906 1054
907 684
907 1054
908 684
908 1054
909 684
909 1054
910 684
910 1054
911 684
911 1054
912 684
912 1053
913 684
913 1053
914 684
914 1053
915 684
915 1053
916 684
916 1053
917 684
917 1053
918 684
918 1053
919 684
919 1053
920 684
920 1052
921 684
921 1052
922 684
922 1052
923 684
923 1052
924 684
924 1052
925 685
925 1052
926 685
926 1052
927 685
927 1052
928 685
928 1051
929 686
929 1051
930 686
930 1051
931 686
931 1051
932 686
932 1051
933 686
933 1050
934 687
934 1050
935 687
935 1050
936 687
936 1049
937 687
937 1049
938 687
938 1049
939 688
939 1048
940 688
940 1048
941 688
941 1048
942 688
942 1048
943 688
943 1047
944 689
944 1046
945 689
945 1046
946 689
946 1046
947 689
947 1046
948 690
948 1046
949 690
949 1045
950 690
950 1045
951 690
951 1045
952 691
952 1044
953 691
953 1044
954 691
954 1044
955 692
955 1043
956 692
956 1043
957 692
957 1043
958 693
958 1042
959 693
959 1042
960 693
960 1041
961 694
961 1041
962 694
962 1040
963 694
963 1040
964 695
964 1040
965 695
965 1039
966 695
966 1039
967 695
967 1038
968 696
968 1038
969 697
969 1037
970 697
970 1037
971 698
971 1036
972 698
972 1035
973 699
973 1035
974 700
974 1034
975 700
975 1033
976 701
976 1033
977 701
977 1032
978 702
978 1031
979 703
979 1031
980 703
980 1030
981 703
981 1029
982 704
982 1029
983 704
983 1028
984 705
984 1027
985 706
985 1027
986 706
986 1026
987 707
987 1025
988 707
988 1024
989 708
989 1024
990 709
990 1023
991 709
991 1022
992 710
992 1022
993 711
993 1021
994 711
994 1020
995 712
995 1019
996 712
996 1019
997 713
997 1018
998 714
998 1017
999 714
999 1016
1000 715
1000 1015
1001 716
1001 1015
1002 716
1002 1014
1003 717
1003 1013
1004 718
1004 1012
1005 718
1005 1011
1006 719
1006 1011
1007 720
1007 1010
1008 721
1008 1010
1009 722
1009 1009
1010 723
1010 1008
1011 724
1011 1007
1012 725
1012 1006
1013 725
1013 1005
1014 726
1014 1004
1015 727
1015 1003
1016 728
1016 1002
1017 729
1017 1001
1018 730
1018 999
1018 1000
1019 731
1019 998
1020 732
1020 997
1021 733
1021 996
1022 734
1022 995
1023 735
1023 994
1024 736
1024 993
1025 737
1025 992
1026 738
1026 991
1027 739
1027 990
1028 740
1028 989
1029 741
1029 989
1030 742
1030 987
1030 988
1031 743
1031 986
1032 744
1032 985
1033 745
1033 984
1034 746
1034 983
1035 747
1035 982
1036 748
1036 981
1037 749
1037 979
1037 980
1038 750
1038 978
1039 751
1039 752
1039 977
1040 753
1040 976
1041 754
1041 755
1041 974
1041 975
1042 756
1042 973
1043 757
1043 758
1043 972
1044 759
1044 970
1044 971
1045 760
1045 761
1045 969
1046 762
1046 968
1047 763
1047 764
1047 966
1047 967
1048 765
1048 766
1048 965
1049 767
1049 964
1050 768
1050 769
1050 963
1051 770
1051 961
1051 962
1052 771
1052 772
1052 960
1053 773
1053 958
1053 959
1054 774
1054 775
1054 957
1055 776
1055 953
1055 956
1056 777
1056 778
1056 952
1056 954
1056 955
1057 779
1057 780
1057 950
1057 951
1058 781
1058 782
1058 948
1058 949
1059 783
1059 784
1059 946
1059 947
1060 785
1060 786
1060 944
1060 945
1061 787
1061 788
1061 942
1061 943
1062 789
1062 790
1062 791
1062 792
1062 940
1062 941
1063 793
1063 794
1063 938
1063 939
1064 795
1064 796
1064 797
1064 936
1064 937
1065 798
1065 799
1065 933
1065 934
1065 935
1066 800
1066 801
1066 802
1066 931
1066 932
1067 803
1067 804
1067 929
1067 930
1068 805
1068 806
1068 926
1068 927
1068 928
1069 807
1069 808
1069 809
1069 923
1069 924
1069 925
1070 810
1070 811
1070 812
1070 920
1070 921
1070 922
1071 813
1071 814
1071 815
1071 917
1071 918
1071 919
1072 816
1072 817
1072 818
1072 821
1072 822
1072 914
1072 915
1072 916
1073 819
1073 820
1073 823
1073 826
1073 827
1073 905
1073 906
1073 907
1073 908
1073 909
1073 911
1073 912
1073 913
1074 824
1074 825
1074 828
1074 831
1074 832
1074 890
1074 891
1074 892
1074 893
1074 894
1074 896
1074 897
1074 898
1074 899
1074 900
1074 901
1074 904
1074 910
1075 829
1075 830
1075 833
1075 836
1075 837
1075 838
1075 839
1075 840
1075 841
1075 842
1075 843
1075 844
1075 845
1075 846
1075 847
1075 848
1075 882
1075 883
1075 884
1075 885
1075 886
1075 889
1075 895
1075 902
1075 903
1076 834
1076 835
1076 849
1076 851
1076 852
1076 853
1076 854
1076 855
1076 856
1076 857
1076 858
1076 859
1076 860
1076 861
1076 862
1076 863
1076 864
1076 865
1076 866
1076 867
1076 868
1076 869
1076 870
1076 871
1076 872
1076 873
1076 874
1076 875
1076 876
1076 877
1076 878
1076 879
1076 881
1076 887
1076 888
1077 850
1077 880
