764 968
764 982
765 961
765 962
765 967
765 969
765 970
765 971
765 972
765 973
765 974
765 975
765 976
765 977
765 978
765 979
765 980
765 981
765 983
765 988
765 989
766 954
766 960
766 963
766 964
766 965
766 966
766 984
766 985
766 986
766 987
766 990
766 994
766 995
766 996
767 948
767 949
767 953
767 955
767 956
767 957
767 958
767 959
767 991
767 992
767 993
767 997
767 1001
767 1002
768 943
768 944
768 947
768 950
768 951
768 952
768 998
768 999
768 1000
768 1003
768 1007
768 1008
769 940
769 942
769 945
769 946
769 1004
769 1005
769 1006
769 1009
769 1010
770 936
770 937
770 939
770 941
770 1011
770 1012
770 1013
771 933
771 935
771 938
771 1014
771 1015
771 1016
772 929
772 930
772 932
772 934
772 1017
772 1018
773 925
773 926
773 928
773 931
773 1019
773 1020
773 1021
774 922
774 923
774 924
774 927
774 1022
774 1023
774 1024
775 919
775 920
775 921
775 1025
775 1026
775 1027
776 917
776 918
776 1028
776 1029
777 911
777 914
777 915
777 916
777 1030
777 1031
778 909
778 910
778 912
778 913
778 1032
778 1033
779 906
779 907
779 908
779 1034
779 1035
780 904
780 905
780 1036
781 901
781 902
781 903
781 1037
781 1038
782 899
782 900
782 1039
782 1040
783 898
783 1041
783 1042
784 896
784 897
784 1043
784 1044
785 894
785 895
785 1045
785 1046
786 892
786 893
786 1047
786 1048
786 1049
787 891
787 1050
787 1051
788 889
788 890
788 1052
788 1053
789 887
789 888
789 1054
789 1055
790 886
790 1056
791 884
791 885
791 1057
791 1058
792 883
792 1059
792 1060
793 881
793 882
793 1061
794 880
794 1062
795 878
795 879
795 1063
795 1064
796 877
796 1065
797 875
797 876
797 1066
797 1067
798 873
798 874
798 1068
799 872
799 1069
799 1070
800 870
800 871
800 1071
801 869
801 1072
801 1073
802 868
802 1074
802 1075
803 867
803 1076
804 866
804 1077
804 1078
805 864
805 865
805 1079
805 1080
806 863
806 1081
807 862
807 1082
807 1083
808 861
808 1084
808 1085
809 860
809 1086
810 859
810 1087
811 858
811 1088
812 857
812 1089
813 857
813 1090
813 1091
814 856
814 1092
815 855
815 1093
816 854
816 1094
817 853
817 1095
818 852
818 1096
819 852
819 1097
820 851
820 1098
821 850
821 1099
822 849
822 1100
823 848
823 1101
824 848
824 1102
825 847
825 1103
826 846
826 1104
826 1105
827 845
827 1106
828 844
828 1107
829 843
829 1108
830 842
830 1109
831 841
831 1110
832 841
832 1111
833 840
833 1112
834 839
834 1113
835 838
835 1113
836 838
836 1114
837 837
837 1115
838 836
838 1115
839 836
839 1116
840 835
840 1116
841 834
841 1117
842 833
842 1118
843 833
843 1118
844 832
844 1119
845 831
845 1119
846 831
846 1119
847 830
847 1120
848 829
848 1121
849 829
849 1121
850 828
850 1122
851 827
851 1122
852 827
852 1123
853 826
853 1123
854 826
854 1124
855 825
855 1124
856 825
856 1125
857 824
857 1125
858 823
858 1125
859 823
859 1126
860 822
860 1127
861 821
861 1127
862 821
862 1128
863 820
863 1128
864 819
864 1129
865 819
865 1129
866 818
866 1130
867 818
867 1130
868 817
868 1131
869 817
869 1131
870 816
870 1131
871 816
871 1132
872 815
872 1132
873 815
873 1133
874 815
874 1133
875 814
875 1133
876 814
876 1134
877 813
877 1134
878 813
878 1134
879 812
879 1135
880 812
880 1135
881 811
881 1135
882 811
882 1136
883 811
883 1137
884 810
884 1137
885 810
885 1138
886 810
886 1138
887 809
887 1138
888 809
888 1139
889 808
889 1139
890 808
890 1140
891 808
891 1140
892 807
892 1140
893 807
893 1140
894 807
894 1140
895 806
895 1141
896 806
896 1141
897 806
897 1141
898 806
898 1142
899 805
899 1142
900 805
900 1142
901 805
901 1142
902 804
902 1143
903 804
903 1143
904 804
904 1143
905 804
905 1143
906 803
906 1143
907 803
907 1143
908 803
908 1144
909 803
909 1145
910 803
910 1145
911 803
911 1145
912 803
912 1145
913 803
913 1145
914 803
914 1145
915 803
915 1145
916 803
916 1145
917 803
917 1145
918 802
918 1145
919 802
919 1146
920 802
920 1147
921 802
921 1147
922 802
922 1147
923 802
923 1147
924 802
924 1147
925 802
925 1147
926 802
926 1147
927 802
927 1147
928 802
928 1147
929 802
929 1147
930 802
930 1147
931 802
931 1147
932 802
932 1147
933 802
933 1148
934 802
934 1148
935 802
935 1148
936 802
936 1148
937 802
937 1148
938 802
938 1148
939 802
939 1148
940 802
940 1148
941 802
941 1148
942 802
942 1148
943 802
943 1148
944 802
944 1148
945 802
945 1148
946 802
946 1148
947 802
947 1148
948 802
948 1148
949 802
949 1148
950 802
950 1148
951 802
951 1148
952 802
952 1148
953 802
953 1148
954 803
954 1148
955 803
955 1148
956 803
956 1148
957 803
957 1148
958 804
958 1148
959 804
959 1148
960 804
960 1147
961 804
961 1146
962 804
962 1146
963 804
963 1146
964 805
964 1146
965 805
965 1146
966 805
966 1146
967 805
967 1146
968 805
968 1146
969 806
969 1146
970 806
970 1146
971 806
971 1145
972 806
972 1145
973 806
973 1145
974 807
974 1145
975 807
975 1145
976 807
976 1145
977 807
977 1145
978 808
978 1144
979 808
979 1144
980 808
980 1144
981 809
981 1144
982 809
982 1144
983 809
983 1144
984 810
984 1144
985 810
985 1143
986 810
986 1143
987 811
987 1143
988 811
988 1142
989 812
989 1142
990 812
990 1142
991 813
991 1141
992 813
992 1141
993 814
993 1141
994 814
994 1141
995 815
995 1140
996 815
996 1140
997 816
997 1140
998 816
998 1139
999 817
999 1139
1000 817
1000 1139
1001 818
1001 1139
1002 818
1002 1138
1003 819
1003 1138
1004 819
1004 1138
1005 820
1005 1137
1006 820
1006 1137
1007 821
1007 1136
1008 821
1008 1136
1009 822
1009 1136
1010 822
1010 1135
1011 823
1011 1134
1012 823
1012 1134
1013 824
1013 1134
1014 824
1014 1133
1015 825
1015 1133
1016 825
1016 1133
1017 826
1017 1132
1018 826
1018 1132
1019 827
1019 1131
1020 827
1020 1131
1021 828
1021 1130
1022 828
1022 1130
1023 829
1023 1130
1024 829
1024 1129
1025 830
1025 1129
1026 831
1026 1128
1027 832
1027 1127
1028 832
1028 1127
1029 833
1029 1126
1030 834
1030 1126
1031 835
1031 1125
1032 835
1032 1125
1033 836
1033 1124
1034 837
1034 1123
1035 838
1035 1123
1036 839
1036 1123
1037 840
1037 1122
1038 840
1038 1121
1039 841
1039 1121
1040 842
1040 1120
1041 843
1041 1120
1042 843
1042 1119
1043 844
1043 1118
1044 845
1044 1118
1045 845
1045 1117
1046 845
1046 1116
1047 846
1047 1115
1048 847
1048 1114
1049 848
1049 1114
1050 848
1050 1113
1051 849
1051 1112
1052 850
1052 1112
1053 851
1053 1111
1054 852
1054 1110
1055 852
1055 1110
1056 853
1056 854
1056 855
1056 1109
1057 856
1057 1108
1058 857
1058 1107
1059 858
1059 1107
1060 859
1060 1106
1061 860
1061 1105
1062 861
1062 1104
1063 862
1063 1103
1064 863
1064 864
1064 1102
1065 865
1065 1101
1066 866
1066 1100
1067 867
1067 1099
1068 868
1068 1098
1069 869
1069 1097
1070 870
1070 871
1070 1095
1070 1096
1071 872
1071 1094
1072 873
1072 1093
1073 874
1073 1092
1074 875
1074 1091
1075 876
1075 1090
1076 877
1076 1089
1077 878
1077 1088
1078 879
1078 880
1078 1087
1079 881
1079 1086
1080 882
1080 1084
1080 1085
1081 883
1081 1083
1082 884
1082 885
1082 1082
1083 886
1083 1081
1084 887
1084 1079
1084 1080
1085 888
1085 889
1085 1078
1086 890
1086 1076
1086 1077
1087 891
1087 1075
1088 892
1088 1074
1089 893
1089 894
1089 1072
1089 1073
1090 895
1090 1070
1090 1071
1091 896
1091 1069
1092 897
1092 898
1092 1068
1093 899
1093 1066
1093 1067
1094 900
1094 1065
1095 901
1095 902
1095 1063
1095 1064
1096 903
1096 1061
1096 1062
1097 904
1097 905
1097 1060
1098 906
1098 907
1098 1058
1098 1059
1099 908
1099 909
1099 1056
1099 1057
1100 910
1100 911
1100 912
1100 1054
1100 1055
1101 913
1101 914
1101 1051
1101 1052
1101 1053
1102 915
1102 916
1102 1049
1102 1050
1103 917
1103 918
1103 919
1103 1045
1103 1046
1103 1047
1103 1048
1104 920
1104 921
1104 922
1104 1042
1104 1043
1104 1044
1105 923
1105 924
1105 1036
1105 1039
1105 1040
1105 1041
1106 925
1106 926
1106 927
1106 1035
1106 1037
1106 1038
1107 928
1107 929
1107 932
1107 1034
1108 930
1108 931
1108 933
1108 1031
1108 1032
1108 1033
1109 934
1109 935
1109 936
1109 1029
1109 1030
1110 937
1110 938
1110 939
1110 1026
1110 1027
1110 1028
1111 940
1111 941
1111 942
1111 944
1111 945
1111 946
1111 1019
1111 1020
1111 1023
1111 1024
1111 1025
1112 943
1112 947
1112 950
1112 951
1112 1014
1112 1015
1112 1018
1112 1021
1112 1022
1113 948
1113 949
1113 952
1113 1013
1113 1016
1113 1017
1114 953
1114 954
1114 955
1114 957
1114 958
1114 959
1114 1004
1114 1005
1114 1006
1114 1007
1114 1008
1114 1010
1114 1011
1114 1012
1115 956
1115 960
1115 963
1115 964
1115 965
1115 997
1115 998
1115 999
1115 1000
1115 1003
1115 1009
1116 961
1116 962
1116 966
1116 970
1116 971
1116 972
1116 973
1116 974
1116 975
1116 976
1116 977
1116 978
1116 979
1116 980
1116 987
1116 988
1116 989
1116 990
1116 991
1116 992
1116 993
1116 994
1116 996
1116 1001
1116 1002
1117 967
1117 968
1117 969
1117 981
1117 983
1117 986
1117 995
1118 982
1118 984
1118 985
