719 981
720 969
720 970
720 980
720 982
720 999
721 964
721 968
721 971
721 972
721 973
721 974
721 975
721 976
721 977
721 978
721 979
721 983
721 984
721 985
721 986
721 987
721 988
721 989
721 990
721 991
721 992
721 993
721 994
721 995
721 996
721 997
721 998
721 1000
721 1005
721 1006
722 956
722 963
722 965
722 966
722 967
722 1001
722 1002
722 1003
722 1004
722 1007
722 1011
722 1012
722 1017
723 945
723 948
723 955
723 957
723 958
723 959
723 960
723 961
723 962
723 1008
723 1009
723 1010
723 1013
723 1014
723 1015
723 1016
723 1018
723 1020
723 1021
724 940
724 941
724 944
724 946
724 947
724 949
724 950
724 951
724 952
724 953
724 954
724 1019
724 1022
724 1024
724 1025
725 936
725 937
725 939
725 942
725 943
725 1023
725 1026
725 1028
725 1029
726 931
726 932
726 935
726 938
726 1027
726 1030
726 1032
726 1033
727 928
727 930
727 933
727 934
727 1031
727 1034
728 924
728 925
728 927
728 929
728 1035
728 1036
728 1037
729 921
729 922
729 923
729 926
729 1038
729 1039
729 1040
730 918
730 919
730 920
730 1041
730 1042
730 1043
731 915
731 916
731 917
731 1044
731 1045
731 1046
732 911
732 912
732 913
732 914
732 1047
732 1048
732 1049
733 908
733 909
733 910
733 1050
734 905
734 906
734 907
734 1051
734 1052
734 1053
735 903
735 904
735 1054
735 1055
735 1056
736 900
736 901
736 902
736 1057
736 1058
736 1059
737 897
737 898
737 899
737 1060
737 1061
737 1062
738 895
738 896
738 1063
738 1064
739 892
739 893
739 894
739 1065
739 1066
739 1067
740 890
740 891
740 1068
740 1069
741 888
741 889
741 1070
741 1071
742 886
742 887
742 1072
742 1073
743 883
743 884
743 885
743 1074
743 1075
744 881
744 882
744 1076
744 1077
745 879
745 880
745 1078
745 1079
746 877
746 878
746 1080
746 1081
746 1083
747 876
747 1082
747 1084
747 1085
748 874
748 875
748 1086
749 872
749 873
749 1087
750 871
750 1088
751 869
751 870
751 1089
752 868
752 1090
753 866
753 867
753 1091
753 1092
754 864
754 865
754 1093
755 863
755 1094
756 862
756 1095
757 860
757 861
757 1096
758 859
758 1097
759 857
759 858
759 1098
759 1099
760 856
760 1100
761 855
761 1101
762 853
762 854
762 1102
763 852
763 1103
764 850
764 851
764 1104
765 849
765 1105
766 847
766 848
766 1106
767 846
767 1107
768 845
768 1108
769 843
769 844
769 1109
770 842
770 1110
771 841
771 1110
772 839
772 840
772 1111
773 838
773 1112
774 837
774 1113
775 835
775 836
775 1114
776 834
776 1115
777 833
777 1116
778 832
778 1117
779 831
779 1118
780 829
780 830
780 1119
781 828
781 1120
782 827
782 1121
783 826
783 1122
784 825
784 1123
785 824
785 1124
786 823
786 1125
787 822
787 1126
788 821
788 1127
789 819
789 820
789 1128
790 818
790 1129
791 817
791 1130
792 816
792 1131
793 815
793 1132
794 814
794 1133
795 813
795 1134
796 812
796 1135
797 811
797 1136
798 810
798 1137
799 809
799 1138
800 808
800 1139
801 807
801 1140
802 806
802 1141
803 805
803 1142
804 804
804 1143
805 803
805 1144
806 803
806 1145
807 802
807 1145
808 801
808 1145
809 800
809 1146
810 799
810 1147
811 798
811 1148
812 798
812 1148
813 797
813 1149
814 796
814 1150
815 796
815 1151
816 795
816 1151
817 794
817 1152
818 794
818 1153
819 793
819 1154
820 792
820 1154
821 792
821 1155
822 791
822 1156
823 790
823 1157
824 790
824 1158
825 789
825 1158
826 788
826 1159
827 788
827 1160
828 787
828 1161
829 786
829 1161
830 786
830 1162
831 785
831 1163
832 785
832 1164
833 784
833 1164
834 784
834 1165
835 783
835 1166
836 783
836 1167
837 782
837 1168
838 782
838 1168
839 781
839 1169
840 781
840 1170
841 780
841 1170
842 779
842 1171
843 779
843 1172
844 778
844 1173
845 778
845 1173
846 777
846 1174
847 777
847 1174
848 777
848 1174
849 776
849 1175
850 776
850 1175
851 776
851 1176
852 776
852 1176
853 775
853 1176
854 775
854 1177
855 775
855 1177
856 774
856 1177
857 774
857 1178
858 774
858 1178
859 774
859 1178
860 773
860 1179
861 773
861 1179
862 773
862 1179
863 773
863 1179
864 773
864 1180
865 772
865 1181
866 772
866 1181
867 772
867 1181
868 772
868 1182
869 771
869 1182
870 771
870 1182
871 771
871 1183
872 771
872 1183
873 770
873 1183
874 770
874 1183
875 770
875 1184
876 770
876 1184
877 769
877 1184
878 769
878 1184
879 769
879 1184
880 768
880 1184
881 768
881 1185
882 767
882 1185
883 767
883 1185
884 767
884 1185
885 767
885 1186
886 766
886 1186
887 766
887 1186
888 766
888 1186
889 766
889 1186
890 765
890 1187
891 765
891 1187
892 765
892 1187
893 765
893 1187
894 765
894 1187
895 765
895 1188
896 765
896 1189
897 765
897 1189
898 765
898 1189
899 765
899 1189
900 765
900 1189
901 765
901 1190
902 765
902 1190
903 765
903 1190
904 765
904 1190
905 765
905 1190
906 765
906 1191
907 765
907 1191
908 765
908 1191
909 765
909 1191
910 765
910 1191
911 766
911 1191
912 766
912 1192
913 766
913 1192
914 766
914 1192
915 766
915 1192
916 766
916 1192
917 766
917 1193
918 766
918 1193
919 766
919 1193
920 766
920 1193
921 766
921 1193
922 767
922 1193
923 767
923 1193
924 767
924 1193
925 767
925 1193
926 767
926 1193
927 767
927 1193
928 767
928 1193
929 767
929 1194
930 767
930 1194
931 767
931 1194
932 767
932 1194
933 767
933 1194
934 767
934 1195
935 767
935 1195
936 767
936 1195
937 767
937 1195
938 767
938 1195
939 767
939 1195
940 767
940 1195
941 767
941 1195
942 767
942 1195
943 767
943 1195
944 768
944 1196
945 768
945 1196
946 768
946 1196
947 768
947 1196
948 768
948 1196
949 769
949 1196
950 770
950 1196
951 770
951 1196
952 770
952 1196
953 770
953 1196
954 770
954 1196
955 770
955 1196
956 770
956 1196
957 770
957 1196
958 770
958 1196
959 770
959 1196
960 770
960 1196
961 770
961 1196
962 770
962 1196
963 770
963 1196
964 770
964 1196
965 770
965 1196
966 770
966 1196
967 770
967 1196
968 770
968 1196
969 770
969 1196
970 771
970 1196
971 771
971 1196
972 771
972 1196
973 771
973 1196
974 771
974 1196
975 771
975 1196
976 771
976 1196
977 771
977 1196
978 772
978 1196
979 772
979 1195
980 772
980 1194
981 772
981 1194
982 772
982 1194
983 772
983 1194
984 772
984 1194
985 772
985 1194
986 772
986 1194
987 772
987 1194
988 773
988 1194
989 773
989 1193
990 773
990 1193
991 773
991 1193
992 773
992 1193
993 773
993 1193
994 773
994 1193
995 774
995 1193
996 774
996 1193
997 775
997 1192
998 775
998 1192
999 775
999 1192
1000 776
1000 1192
1001 776
1001 1192
1002 776
1002 1192
1003 777
1003 1192
1004 777
1004 1191
1005 777
1005 1191
1006 778
1006 1191
1007 778
1007 1191
1008 778
1008 1190
1009 779
1009 1190
1010 780
1010 1190
1011 780
1011 1190
1012 780
1012 1189
1013 781
1013 1189
1014 781
1014 1189
1015 781
1015 1189
1016 782
1016 1188
1017 782
1017 1187
1018 783
1018 1187
1019 783
1019 1187
1020 783
1020 1186
1021 784
1021 1186
1022 784
1022 1185
1023 784
1023 1185
1024 785
1024 1185
1025 785
1025 1184
1026 786
1026 1184
1027 786
1027 1183
1028 786
1028 1183
1029 787
1029 1183
1030 787
1030 1182
1031 787
1031 1182
1032 788
1032 1181
1033 788
1033 1181
1034 789
1034 1181
1035 789
1035 1180
1036 789
1036 1180
1037 790
1037 1180
1038 790
1038 1179
1039 790
1039 1179
1040 791
1040 1178
1041 791
1041 1178
1042 792
1042 1177
1043 793
1043 1177
1044 793
1044 1176
1045 794
1045 1176
1046 794
1046 1176
1047 795
1047 1175
1048 796
1048 1175
1049 796
1049 1174
1050 797
1050 1174
1051 797
1051 1173
1052 798
1052 1173
1053 798
1053 1172
1054 799
1054 1172
1055 800
1055 1171
1056 800
1056 1171
1057 800
1057 1170
1058 801
1058 1170
1059 801
1059 1169
1060 802
1060 1169
1061 803
1061 1168
1062 803
1062 1167
1063 804
1063 1167
1064 804
1064 1166
1065 805
1065 1166
1066 806
1066 1165
1067 806
1067 1165
1068 807
1068 1164
1069 807
1069 1164
1070 808
1070 1163
1071 809
1071 1163
1072 810
1072 1162
1073 810
1073 1161
1074 811
1074 1161
1075 812
1075 1160
1076 812
1076 1160
1077 813
1077 1159
1078 814
1078 1158
1079 814
1079 1158
1080 815
1080 1157
1081 816
1081 1156
1082 816
1082 1156
1083 817
1083 1155
1084 818
1084 1155
1085 818
1085 1154
1086 819
1086 1154
1087 820
1087 1153
1088 821
1088 1152
1089 822
1089 1152
1090 822
1090 1151
1091 823
1091 1151
1092 824
1092 1150
1093 825
1093 1149
1094 826
1094 1149
1095 827
1095 1148
1096 827
1096 1147
1097 828
1097 1146
1098 829
1098 1146
1099 830
1099 1145
1100 831
1100 1144
1101 832
1101 1143
1102 833
1102 1143
1103 834
1103 1142
1104 835
1104 1141
1105 835
1105 1140
1106 836
1106 1139
1107 837
1107 1139
1108 838
1108 1138
1109 839
1109 1137
1110 840
1110 1137
1111 841
1111 1136
1112 842
1112 1135
1113 843
1113 1134
1114 844
1114 1134
1115 845
1115 1133
1116 846
1116 1132
1117 847
1117 1131
1118 848
1118 1131
1119 849
1119 1130
1120 850
1120 1129
1121 851
1121 1128
1122 852
1122 853
1122 1127
1123 854
1123 1126
1124 855
1124 1125
1125 856
1125 857
1125 1123
1125 1124
1126 858
1126 1122
1127 859
1127 860
1127 1121
1128 861
1128 1120
1129 862
1129 863
1129 1119
1130 864
1130 1118
1131 865
1131 866
1131 1117
1132 867
1132 1116
1133 868
1133 1114
1133 1115
1134 869
1134 870
1134 1113
1135 871
1135 1112
1136 872
1136 873
1136 1110
1136 1111
1137 874
1137 875
1137 1109
1138 876
1138 1108
1139 877
1139 878
1139 1107
1140 879
1140 1105
1140 1106
1141 880
1141 881
1141 1104
1142 882
1142 883
1142 1103
1143 884
1143 885
1143 1101
1143 1102
1144 886
1144 887
1144 1100
1145 888
1145 1098
1145 1099
1146 889
1146 890
1146 1097
1147 891
1147 892
1147 1095
1147 1096
1148 893
1148 894
1148 1093
1148 1094
1149 895
1149 1092
1150 896
1150 897
1150 898
1150 1090
1150 1091
1151 899
1151 900
1151 1089
1152 901
1152 902
1152 1087
1152 1088
1153 903
1153 904
1153 1085
1153 1086
1154 905
1154 906
1154 1084
1155 907
1155 908
1155 1082
1155 1083
1156 909
1156 910
1156 1080
1156 1081
1157 911
1157 912
1157 1079
1158 913
1158 914
1158 1077
1158 1078
1159 915
1159 916
1159 1076
1160 917
1160 918
1160 1074
1160 1075
1161 919
1161 920
1161 921
1161 1073
1162 922
1162 923
1162 1071
1162 1072
1163 924
1163 925
1163 1069
1163 1070
1164 926
1164 927
1164 930
1164 1067
1164 1068
1165 928
1165 929
1165 931
1165 1064
1165 1065
1165 1066
1166 932
1166 933
1166 934
1166 1062
1166 1063
1167 935
1167 936
1167 937
1167 940
1167 1059
1167 1060
1167 1061
1168 938
1168 939
1168 941
1168 1057
1168 1058
1169 942
1169 943
1169 944
1169 947
1169 948
1169 1051
1169 1052
1169 1054
1169 1055
1169 1056
1170 945
1170 946
1170 949
1170 952
1170 953
1170 1046
1170 1047
1170 1050
1170 1053
1171 950
1171 951
1171 954
1171 957
1171 958
1171 1041
1171 1042
1171 1045
1171 1048
1171 1049
1172 955
1172 956
1172 959
1172 962
1172 1036
1172 1037
1172 1040
1172 1043
1172 1044
1173 960
1173 961
1173 963
1173 965
1173 966
1173 967
1173 968
1173 969
1173 1028
1173 1029
1173 1030
1173 1031
1173 1032
1173 1033
1173 1035
1173 1038
1173 1039
1174 964
1174 970
1174 972
1174 973
1174 974
1174 975
1174 976
1174 1019
1174 1020
1174 1021
1174 1022
1174 1023
1174 1024
1174 1027
1174 1034
1175 971
1175 977
1175 979
1175 980
1175 982
1175 983
1175 984
1175 985
1175 986
1175 987
1175 988
1175 989
1175 990
1175 991
1175 992
1175 993
1175 994
1175 995
1175 996
1175 997
1175 998
1175 999
1175 1000
1175 1001
1175 1002
1175 1003
1175 1004
1175 1005
1175 1006
1175 1007
1175 1008
1175 1009
1175 1010
1175 1011
1175 1012
1175 1013
1175 1014
1175 1015
1175 1016
1175 1018
1175 1025
1175 1026
1176 978
1176 981
1176 1017
