923 971
923 986
923 999
924 958
924 970
924 972
924 973
924 974
924 975
924 976
924 977
924 978
924 979
924 980
924 981
924 982
924 983
924 984
924 985
924 987
924 988
924 989
924 990
924 991
924 992
924 993
924 994
924 995
924 996
924 997
924 998
924 1000
924 1013
925 950
925 957
925 959
925 960
925 961
925 962
925 963
925 964
925 965
925 966
925 967
925 968
925 969
925 1001
925 1002
925 1003
925 1004
925 1005
925 1006
925 1007
925 1008
925 1009
925 1010
925 1011
925 1012
925 1014
925 1024
925 1025
925 1027
926 943
926 949
926 951
926 952
926 953
926 954
926 955
926 956
926 1015
926 1016
926 1017
926 1018
926 1019
926 1020
926 1021
926 1022
926 1023
926 1026
926 1028
926 1030
926 1031
927 939
927 940
927 942
927 944
927 945
927 946
927 947
927 948
927 1029
927 1032
927 1034
927 1035
928 935
928 936
928 938
928 941
928 1033
928 1036
928 1038
928 1039
929 930
929 931
929 932
929 934
929 937
929 1037
929 1040
929 1041
930 927
930 928
930 929
930 933
930 1042
930 1043
930 1044
931 924
931 925
931 926
931 1045
931 1046
932 920
932 921
932 923
932 1047
932 1048
933 916
933 917
933 918
933 919
933 922
933 1049
933 1050
933 1051
934 914
934 915
934 1052
934 1053
934 1054
935 912
935 913
935 1055
935 1056
935 1057
936 910
936 911
936 1058
936 1059
937 908
937 909
937 1060
937 1061
937 1062
938 906
938 907
938 1063
938 1064
939 904
939 905
939 1065
939 1066
940 902
940 903
940 1067
940 1068
941 900
941 901
941 1069
942 899
942 1070
942 1071
943 897
943 898
943 1072
944 895
944 896
944 1073
944 1074
945 893
945 894
945 1075
946 892
946 1076
946 1077
947 890
947 891
947 1078
948 889
948 1079
948 1080
949 887
949 888
949 1081
950 885
950 886
950 1082
950 1083
951 884
951 1084
952 882
952 883
952 1085
952 1086
953 881
953 1087
954 879
954 880
954 1088
955 878
955 1089
956 877
956 1090
956 1091
957 876
957 1092
958 875
958 1093
959 874
959 1094
960 873
960 1095
961 872
961 1096
962 871
962 1097
963 870
963 1098
963 1099
964 869
964 1100
965 868
965 1100
966 867
966 1101
967 866
967 1102
968 865
968 1103
969 864
969 1104
970 863
970 1105
971 863
971 1106
972 862
972 1107
973 861
973 1107
974 860
974 1108
975 859
975 1109
976 858
976 1110
977 857
977 1111
978 856
978 1112
979 855
979 1113
980 854
980 1114
981 853
981 1115
982 853
982 1115
983 852
983 1116
984 851
984 1117
985 850
985 1118
986 849
986 1118
987 849
987 1118
988 848
988 1119
989 847
989 1120
990 847
990 1121
991 846
991 1121
992 845
992 1122
993 845
993 1123
994 844
994 1123
995 843
995 1124
996 843
996 1125
997 842
997 1126
998 841
998 1127
999 840
999 1128
1000 840
1000 1128
1001 839
1001 1129
1002 839
1002 1129
1003 838
1003 1130
1004 837
1004 1130
1005 837
1005 1131
1006 836
1006 1131
1007 835
1007 1132
1008 835
1008 1132
1009 834
1009 1132
1010 834
1010 1133
1011 833
1011 1134
1012 833
1012 1134
1013 832
1013 1135
1014 832
1014 1135
1015 831
1015 1136
1016 831
1016 1136
1017 830
1017 1137
1018 830
1018 1137
1019 829
1019 1138
1020 829
1020 1138
1021 829
1021 1138
1022 829
1022 1139
1023 828
1023 1139
1024 828
1024 1140
1025 828
1025 1140
1026 828
1026 1141
1027 827
1027 1141
1028 827
1028 1141
1029 827
1029 1142
1030 827
1030 1142
1031 826
1031 1143
1032 826
1032 1143
1033 826
1033 1143
1034 825
1034 1144
1035 825
1035 1144
1036 825
1036 1144
1037 825
1037 1145
1038 824
1038 1145
1039 824
1039 1145
1040 824
1040 1146
1041 824
1041 1146
1042 824
1042 1146
1043 823
1043 1147
1044 823
1044 1147
1045 823
1045 1147
1046 823
1046 1148
1047 823
1047 1148
1048 823
1048 1148
1049 822
1049 1149
1050 822
1050 1149
1051 822
1051 1149
1052 822
1052 1150
1053 822
1053 1150
1054 822
1054 1150
1055 821
1055 1150
1056 821
1056 1150
1057 821
1057 1150
1058 821
1058 1151
1059 821
1059 1152
1060 821
1060 1152
1061 820
1061 1152
1062 820
1062 1152
1063 820
1063 1152
1064 820
1064 1152
1065 820
1065 1152
1066 819
1066 1152
1067 819
1067 1152
1068 819
1068 1152
1069 819
1069 1152
1070 819
1070 1152
1071 819
1071 1153
1072 818
1072 1154
1073 818
1073 1154
1074 818
1074 1154
1075 818
1075 1154
1076 818
1076 1154
1077 818
1077 1154
1078 818
1078 1154
1079 818
1079 1154
1080 818
1080 1154
1081 818
1081 1154
1082 818
1082 1154
1083 818
1083 1154
1084 818
1084 1154
1085 818
1085 1154
1086 817
1086 1155
1087 817
1087 1155
1088 817
1088 1155
1089 817
1089 1155
1090 817
1090 1155
1091 817
1091 1155
1092 817
1092 1155
1093 817
1093 1155
1094 817
1094 1155
1095 817
1095 1155
1096 817
1096 1155
1097 817
1097 1155
1098 817
1098 1156
1099 817
1099 1156
1100 817
1100 1156
1101 817
1101 1156
1102 817
1102 1156
1103 817
1103 1156
1104 817
1104 1156
1105 817
1105 1156
1106 817
1106 1156
1107 817
1107 1156
1108 817
1108 1156
1109 817
1109 1156
1110 817
1110 1156
1111 817
1111 1155
1112 817
1112 1155
1113 817
1113 1155
1114 817
1114 1155
1115 817
1115 1155
1116 817
1116 1155
1117 817
1117 1155
1118 817
1118 1155
1119 817
1119 1155
1120 817
1120 1155
1121 817
1121 1155
1122 817
1122 1155
1123 817
1123 1155
1124 817
1124 1155
1125 818
1125 1155
1126 818
1126 1155
1127 818
1127 1155
1128 818
1128 1155
1129 818
1129 1155
1130 818
1130 1155
1131 818
1131 1155
1132 818
1132 1155
1133 818
1133 1155
1134 818
1134 1155
1135 818
1135 1155
1136 818
1136 1155
1137 818
1137 1155
1138 818
1138 1155
1139 818
1139 1155
1140 819
1140 1154
1141 819
1141 1154
1142 819
1142 1154
1143 820
1143 1154
1144 820
1144 1153
1145 820
1145 1153
1146 820
1146 1153
1147 821
1147 1152
1148 821
1148 1152
1149 821
1149 1152
1150 821
1150 1151
1151 822
1151 1151
1152 822
1152 1151
1153 822
1153 1150
1154 822
1154 1149
1155 823
1155 1149
1156 823
1156 1149
1157 823
1157 1149
1158 824
1158 1148
1159 824
1159 1148
1160 824
1160 1148
1161 824
1161 1147
1162 825
1162 1147
1163 825
1163 1147
1164 825
1164 1146
1165 826
1165 1146
1166 826
1166 1146
1167 826
1167 1145
1168 827
1168 1145
1169 827
1169 1145
1170 827
1170 1144
1171 828
1171 1144
1172 828
1172 1143
1173 828
1173 1143
1174 829
1174 1143
1175 829
1175 1142
1176 829
1176 1142
1177 830
1177 1141
1178 830
1178 1141
1179 831
1179 1140
1180 831
1180 1139
1181 832
1181 1139
1182 832
1182 1138
1183 833
1183 1137
1184 833
1184 1137
1185 834
1185 1136
1186 834
1186 1136
1187 835
1187 1135
1188 835
1188 1135
1189 836
1189 1134
1190 836
1190 1133
1191 837
1191 1133
1192 837
1192 1133
1193 838
1193 1132
1194 838
1194 1132
1195 839
1195 1131
1196 839
1196 1130
1197 840
1197 1130
1198 840
1198 1129
1199 841
1199 1129
1200 841
1200 1128
1201 842
1201 1127
1202 843
1202 1127
1203 844
1203 1126
1204 844
1204 1126
1205 845
1205 1125
1206 846
1206 1124
1207 846
1207 1124
1208 847
1208 1123
1209 848
1209 1122
1210 848
1210 1121
1211 849
1211 1121
1212 849
1212 1120
1213 850
1213 1119
1214 850
1214 1118
1215 851
1215 1118
1216 852
1216 1117
1217 853
1217 1116
1218 854
1218 1115
1219 855
1219 1114
1220 856
1220 1114
1221 857
1221 1113
1222 858
1222 1112
1223 859
1223 1111
1224 860
1224 1110
1225 861
1225 1110
1226 862
1226 1109
1227 863
1227 1108
1228 864
1228 1107
1229 865
1229 1106
1230 866
1230 1105
1231 867
1231 1104
1232 868
1232 1103
1233 869
1233 1102
1234 870
1234 1101
1235 870
1235 1100
1236 871
1236 1099
1237 872
1237 1097
1237 1098
1238 873
1238 1096
1239 874
1239 1095
1240 875
1240 1094
1241 876
1241 1093
1242 877
1242 1091
1242 1092
1243 878
1243 1090
1244 879
1244 880
1244 1090
1245 881
1245 1088
1245 1089
1246 882
1246 1087
1247 883
1247 884
1247 1085
1247 1086
1248 885
1248 1084
1249 886
1249 1082
1249 1083
1250 887
1250 1081
1251 888
1251 889
1251 1079
1251 1080
1252 890
1252 1078
1253 891
1253 1076
1253 1077
1254 892
1254 893
1254 1075
1255 894
1255 1073
1255 1074
1256 895
1256 896
1256 1072
1257 897
1257 1070
1257 1071
1258 898
1258 899
1258 1069
1259 900
1259 1065
1259 1066
1259 1067
1259 1068
1260 901
1260 902
1260 1062
1260 1063
1260 1064
1261 903
1261 904
1261 1059
1261 1060
1261 1061
1262 905
1262 906
1262 1054
1262 1057
1262 1058
1263 907
1263 908
1263 1053
1263 1055
1263 1056
1264 909
1264 910
1264 1052
1265 911
1265 912
1265 1049
1265 1050
1265 1051
1266 913
1266 914
1266 1047
1266 1048
1267 915
1267 916
1267 917
1267 1044
1267 1045
1267 1046
1268 918
1268 919
1268 920
1268 1041
1268 1042
1268 1043
1269 921
1269 922
1269 1039
1269 1040
1270 923
1270 924
1270 925
1270 1036
1270 1037
1270 1038
1271 926
1271 927
1271 1033
1271 1034
1271 1035
1272 928
1272 929
1272 1030
1272 1031
1272 1032
1273 930
1273 931
1273 1024
1273 1025
1273 1027
1273 1028
1273 1029
1274 932
1274 933
1274 934
1274 1020
1274 1021
1274 1023
1274 1026
1275 935
1275 936
1275 937
1275 1015
1275 1016
1275 1019
1275 1022
1276 938
1276 939
1276 940
1276 944
1276 945
1276 946
1276 947
1276 948
1276 1010
1276 1011
1276 1012
1276 1014
1276 1017
1276 1018
1277 941
1277 942
1277 943
1277 949
1277 952
1277 953
1277 954
1277 955
1277 1005
1277 1006
1277 1009
1277 1013
1278 950
1278 951
1278 956
1278 958
1278 959
1278 960
1278 961
1278 962
1278 963
1278 964
1278 994
1278 995
1278 996
1278 997
1278 998
1278 1000
1278 1001
1278 1004
1278 1007
1278 1008
1279 957
1279 965
1279 968
1279 969
1279 973
1279 974
1279 975
1279 976
1279 977
1279 978
1279 979
1279 980
1279 981
1279 982
1279 983
1279 984
1279 985
1279 986
1279 987
1279 988
1279 989
1279 990
1279 993
1279 999
1279 1002
1279 1003
1280 966
1280 967
1280 970
1280 972
1280 991
1280 992
1281 971
