963 975
963 986
963 997
963 1008
964 964
964 974
964 976
964 977
964 978
964 979
964 980
964 981
964 982
964 983
964 984
964 985
964 987
964 988
964 989
964 990
964 991
964 992
964 993
964 994
964 995
964 996
964 998
964 999
964 1000
964 1001
964 1002
964 1003
964 1004
964 1005
964 1006
964 1007
964 1009
964 1012
964 1013
965 954
965 963
965 965
965 966
965 967
965 968
965 969
965 970
965 971
965 972
965 973
965 1010
965 1011
965 1014
965 1017
965 1018
966 951
966 953
966 955
966 956
966 957
966 958
966 959
966 960
966 961
966 962
966 1015
966 1016
966 1019
966 1022
966 1023
967 947
967 948
967 950
967 952
967 1020
967 1021
967 1024
967 1026
967 1027
968 943
968 944
968 946
968 949
968 1025
968 1028
968 1029
969 940
969 941
969 942
969 945
969 1030
969 1032
969 1033
970 936
970 937
970 939
970 1031
970 1034
970 1035
970 1036
971 933
971 934
971 935
971 938
971 1037
971 1038
971 1039
972 930
972 931
972 932
972 1040
972 1041
973 928
973 929
973 1042
973 1043
974 925
974 926
974 927
974 1044
974 1045
975 923
975 924
975 1046
975 1047
976 921
976 922
976 1048
976 1049
977 920
977 1050
977 1051
978 918
978 919
978 1052
978 1053
979 917
979 1054
979 1055
980 915
980 916
980 1056
980 1057
981 913
981 914
981 1058
982 912
982 1059
982 1060
983 910
983 911
983 1061
983 1062
984 909
984 1063
985 908
985 1064
985 1065
986 907
986 1066
986 1067
987 906
987 1068
988 905
988 1069
989 904
989 1070
989 1071
990 903
990 1072
991 902
991 1073
991 1074
992 901
992 1075
993 900
993 1076
994 899
994 1077
994 1078
995 897
995 898
995 1079
996 896
996 1080
997 895
997 1081
998 894
998 1082
999 893
999 1083
999 1084
1000 892
1000 1085
1001 891
1001 1085
1002 890
1002 1086
1003 889
1003 1087
1004 889
1004 1088
1005 888
1005 1089
1006 887
1006 1090
1007 886
1007 1091
1008 886
1008 1092
1009 885
1009 1093
1010 884
1010 1094
1011 883
1011 1095
1012 882
1012 1096
1013 882
1013 1096
1014 881
1014 1097
1015 880
1015 1098
1016 880
1016 1099
1017 879
1017 1099
1018 879
1018 1099
1019 878
1019 1100
1020 877
1020 1101
1021 877
1021 1102
1022 877
1022 1102
1023 877
1023 1103
1024 876
1024 1104
1025 876
1025 1104
1026 875
1026 1105
1027 875
1027 1106
1028 874
1028 1106
1029 874
1029 1107
1030 873
1030 1107
1031 872
1031 1108
1032 872
1032 1108
1033 871
1033 1109
1034 871
1034 1109
1035 870
1035 1109
1036 870
1036 1110
1037 869
1037 1111
1038 869
1038 1112
1039 869
1039 1112
1040 868
1040 1113
1041 867
1041 1113
1042 867
1042 1114
1043 866
1043 1114
1044 866
1044 1115
1045 865
1045 1115
1046 865
1046 1115
1047 865
1047 1116
1048 864
1048 1116
1049 864
1049 1117
1050 864
1050 1117
1051 864
1051 1117
1052 864
1052 1118
1053 863
1053 1118
1054 863
1054 1118
1055 862
1055 1118
1056 862
1056 1119
1057 862
1057 1120
1058 861
1058 1120
1059 861
1059 1120
1060 861
1060 1120
1061 860
1061 1121
1062 860
1062 1121
1063 859
1063 1121
1064 859
1064 1121
1065 859
1065 1121
1066 858
1066 1121
1067 858
1067 1122
1068 857
1068 1123
1069 857
1069 1123
1070 857
1070 1123
1071 856
1071 1123
1072 856
1072 1123
1073 856
1073 1124
1074 856
1074 1124
1075 855
1075 1124
1076 855
1076 1124
1077 855
1077 1124
1078 855
1078 1125
1079 855
1079 1125
1080 855
1080 1125
1081 854
1081 1125
1082 854
1082 1125
1083 854
1083 1125
1084 854
1084 1125
1085 853
1085 1125
1086 853
1086 1125
1087 853
1087 1125
1088 853
1088 1125
1089 852
1089 1125
1090 852
1090 1125
1091 851
1091 1125
1092 851
1092 1125
1093 851
1093 1125
1094 851
1094 1125
1095 851
1095 1125
1096 851
1096 1125
1097 851
1097 1125
1098 851
1098 1125
1099 850
1099 1125
1100 850
1100 1125
1101 850
1101 1125
1102 850
1102 1125
1103 850
1103 1125
1104 850
1104 1125
1105 850
1105 1125
1106 850
1106 1125
1107 850
1107 1125
1108 850
1108 1125
1109 850
1109 1125
1110 850
1110 1126
1111 850
1111 1126
1112 850
1112 1126
1113 850
1113 1126
1114 850
1114 1126
1115 850
1115 1126
1116 850
1116 1126
1117 850
1117 1126
1118 850
1118 1126
1119 850
1119 1126
1120 850
1120 1126
1121 850
1121 1125
1122 850
1122 1125
1123 850
1123 1125
1124 850
1124 1125
1125 850
1125 1125
1126 850
1126 1125
1127 850
1127 1125
1128 850
1128 1125
1129 850
1129 1125
1130 850
1130 1125
1131 851
1131 1125
1132 851
1132 1125
1133 851
1133 1125
1134 851
1134 1125
1135 851
1135 1125
1136 851
1136 1125
1137 851
1137 1125
1138 851
1138 1125
1139 851
1139 1124
1140 851
1140 1124
1141 851
1141 1124
1142 852
1142 1124
1143 852
1143 1124
1144 852
1144 1123
1145 852
1145 1123
1146 852
1146 1123
1147 853
1147 1123
1148 853
1148 1122
1149 853
1149 1122
1150 853
1150 1122
1151 854
1151 1122
1152 854
1152 1121
1153 854
1153 1121
1154 855
1154 1121
1155 855
1155 1120
1156 855
1156 1120
1157 855
1157 1120
1158 855
1158 1119
1159 856
1159 1119
1160 856
1160 1119
1161 856
1161 1118
1162 856
1162 1118
1163 856
1163 1118
1164 857
1164 1117
1165 857
1165 1117
1166 857
1166 1116
1167 858
1167 1115
1168 858
1168 1115
1169 858
1169 1115
1170 859
1170 1114
1171 859
1171 1114
1172 860
1172 1113
1173 860
1173 1113
1174 860
1174 1112
1175 861
1175 1112
1176 861
1176 1111
1177 862
1177 1111
1178 862
1178 1110
1179 863
1179 1110
1180 863
1180 1109
1181 864
1181 1109
1182 864
1182 1108
1183 865
1183 1107
1184 865
1184 1107
1185 866
1185 1106
1186 866
1186 1106
1187 867
1187 1105
1188 867
1188 1105
1189 868
1189 1104
1190 868
1190 1103
1191 869
1191 1103
1192 869
1192 1102
1193 870
1193 1101
1194 870
1194 1101
1195 871
1195 1100
1196 872
1196 1098
1196 1099
1197 873
1197 1097
1198 874
1198 1096
1199 875
1199 1096
1200 875
1200 1095
1201 876
1201 1094
1202 877
1202 1093
1203 878
1203 1092
1204 878
1204 1092
1205 879
1205 1091
1206 880
1206 1091
1207 881
1207 1090
1208 882
1208 1089
1209 883
1209 1089
1210 883
1210 1088
1211 884
1211 1087
1212 885
1212 1086
1213 886
1213 1085
1214 887
1214 1084
1215 887
1215 1084
1216 888
1216 1083
1217 889
1217 1082
1218 890
1218 1080
1218 1081
1219 891
1219 1079
1220 892
1220 1078
1221 893
1221 1077
1222 894
1222 1075
1222 1076
1223 895
1223 1074
1224 896
1224 1072
1224 1073
1225 897
1225 1071
1226 898
1226 1070
1227 899
1227 1069
1228 900
1228 1068
1229 901
1229 1066
1229 1067
1230 902
1230 1065
1231 903
1231 1063
1231 1064
1232 904
1232 1062
1233 905
1233 1060
1233 1061
1234 906
1234 1059
1235 907
1235 1057
1235 1058
1236 908
1236 1056
1237 909
1237 1055
1238 910
1238 1053
1238 1054
1239 911
1239 1052
1240 912
1240 1050
1240 1051
1241 913
1241 914
1241 1049
1242 915
1242 916
1242 1047
1242 1048
1243 917
1243 918
1243 1044
1243 1045
1243 1046
1244 919
1244 1042
1244 1043
1245 920
1245 921
1245 1040
1245 1041
1246 922
1246 923
1246 1038
1246 1039
1247 924
1247 925
1247 926
1247 1036
1247 1037
1248 927
1248 928
1248 1034
1248 1035
1249 929
1249 930
1249 931
1249 1032
1249 1033
1250 932
1250 933
1250 1029
1250 1030
1250 1031
1251 934
1251 935
1251 1021
1251 1023
1251 1026
1251 1027
1251 1028
1252 936
1252 937
1252 1017
1252 1020
1252 1022
1252 1024
1252 1025
1253 938
1253 939
1253 940
1253 1013
1253 1016
1253 1018
1253 1019
1254 941
1254 942
1254 1007
1254 1008
1254 1009
1254 1012
1254 1014
1254 1015
1255 943
1255 944
1255 945
1255 1002
1255 1003
1255 1006
1255 1010
1255 1011
1256 946
1256 947
1256 949
1256 950
1256 951
1256 1001
1256 1004
1256 1005
1257 948
1257 952
1257 955
1257 956
1257 957
1257 996
1257 997
1257 999
1257 1000
1258 953
1258 954
1258 958
1258 962
1258 963
1258 964
1258 965
1258 966
1258 991
1258 992
1258 995
1258 998
1259 959
1259 960
1259 961
1259 967
1259 969
1259 970
1259 971
1259 972
1259 973
1259 974
1259 975
1259 976
1259 977
1259 978
1259 979
1259 980
1259 981
1259 982
1259 983
1259 984
1259 986
1259 987
1259 990
1259 993
1259 994
1260 968
1260 985
1260 988
1260 989
