840 959
840 960
841 947
841 948
841 958
841 961
841 989
842 945
842 946
842 949
842 950
842 951
842 952
842 953
842 954
842 955
842 956
842 957
842 962
842 963
842 964
842 965
842 966
842 967
842 968
842 969
842 970
842 971
842 972
842 973
842 974
842 975
842 976
842 977
842 978
842 979
842 980
842 981
842 982
842 983
842 984
842 985
842 986
842 987
842 988
842 990
842 997
842 998
843 941
843 942
843 944
843 991
843 992
843 993
843 994
843 995
843 996
843 999
843 1004
844 937
844 938
844 940
844 943
844 1000
844 1001
844 1002
844 1003
844 1005
844 1008
844 1009
845 930
845 933
845 934
845 936
845 939
845 1006
845 1007
845 1010
845 1012
845 1013
846 926
846 927
846 929
846 931
846 932
846 935
846 1011
846 1014
846 1016
846 1017
846 1018
847 922
847 923
847 925
847 928
847 1015
847 1019
847 1021
847 1022
848 918
848 919
848 921
848 924
848 1020
848 1023
848 1025
848 1026
849 916
849 917
849 920
849 1024
849 1027
849 1029
850 913
850 914
850 915
850 1028
850 1030
850 1031
851 910
851 911
851 912
851 1032
851 1033
851 1034
852 908
852 909
852 1035
852 1036
853 905
853 906
853 907
853 1037
853 1038
854 901
854 902
854 903
854 904
854 1039
854 1040
855 899
855 900
855 1041
855 1042
855 1043
855 1044
856 897
856 898
856 1045
856 1046
856 1047
857 895
857 896
857 1048
857 1049
858 893
858 894
858 1050
858 1051
859 891
859 892
859 1052
859 1053
860 889
860 890
860 1054
860 1055
861 888
861 1056
861 1057
862 885
862 886
862 887
862 1058
862 1059
862 1060
863 883
863 884
863 1061
863 1062
864 881
864 882
864 1063
864 1064
865 879
865 880
865 1065
865 1066
866 877
866 878
866 1067
866 1068
866 1069
867 875
867 876
867 1070
868 874
868 1071
869 873
869 1072
869 1073
870 872
870 1074
870 1075
871 871
871 1076
872 869
872 870
872 1077
872 1078
873 868
873 1079
873 1080
874 867
874 1081
875 866
875 1082
875 1083
876 865
876 1084
876 1085
877 864
877 1086
877 1087
878 863
878 1088
879 862
879 1089
879 1090
880 861
880 1091
880 1092
881 860
881 1093
882 859
882 1094
882 1095
883 858
883 1096
883 1097
884 857
884 1098
885 856
885 1099
885 1100
886 855
886 1101
887 854
887 1102
887 1103
888 853
888 1104
888 1105
889 852
889 1106
889 1107
890 851
890 1108
891 850
891 1109
892 849
892 1110
893 848
893 1111
894 847
894 1112
895 846
895 1113
896 845
896 1114
896 1115
897 844
897 1116
898 843
898 1117
899 842
899 1118
900 841
900 1119
901 841
901 1120
902 840
902 1121
903 840
903 1122
904 839
904 1123
905 838
905 1124
906 838
906 1125
907 837
907 1126
908 836
908 1127
909 836
909 1128
910 835
910 1129
911 834
911 1130
912 834
912 1131
913 833
913 1132
914 833
914 1133
915 832
915 1134
916 831
916 1135
917 831
917 1136
918 830
918 1137
919 829
919 1138
920 829
920 1139
921 828
921 1140
922 827
922 1141
923 827
923 1142
924 826
924 1143
925 825
925 1144
926 825
926 1145
927 825
927 1145
928 824
928 1146
929 823
929 1146
930 823
930 1147
931 822
931 1148
932 821
932 1149
933 821
933 1150
934 820
934 1151
935 819
935 1152
936 819
936 1153
937 818
937 1153
938 817
938 1154
939 817
939 1155
940 816
940 1156
941 816
941 1157
942 815
942 1158
943 815
943 1158
944 815
944 1159
945 814
945 1160
946 814
946 1160
947 814
947 1161
948 813
948 1161
949 813
949 1162
950 813
950 1163
951 812
951 1163
952 812
952 1163
953 812
953 1164
954 811
954 1164
955 811
955 1164
956 810
956 1165
957 810
957 1165
958 810
958 1165
959 809
959 1166
960 809
960 1166
961 809
961 1166
962 809
962 1167
963 808
963 1167
964 808
964 1167
965 808
965 1167
966 807
966 1168
967 807
967 1169
968 807
968 1169
969 806
969 1169
970 806
970 1170
971 806
971 1170
972 805
972 1170
973 805
973 1171
974 805
974 1171
975 804
975 1171
976 804
976 1172
977 804
977 1172
978 803
978 1172
979 803
979 1172
980 803
980 1172
981 803
981 1173
982 803
982 1173
983 803
983 1173
984 803
984 1173
985 803
985 1173
986 803
986 1173
987 803
987 1174
988 803
988 1174
989 803
989 1174
990 803
990 1174
991 803
991 1174
992 803
992 1174
993 803
993 1174
994 803
994 1174
995 803
995 1175
996 803
996 1176
997 803
997 1176
998 803
998 1176
999 803
999 1176
1000 803
1000 1176
1001 803
1001 1177
1002 803
1002 1177
1003 803
1003 1177
1004 803
1004 1177
1005 803
1005 1177
1006 803
1006 1177
1007 803
1007 1177
1008 802
1008 1177
1009 802
1009 1178
1010 802
1010 1178
1011 802
1011 1178
1012 802
1012 1178
1013 802
1013 1178
1014 802
1014 1178
1015 802
1015 1178
1016 802
1016 1179
1017 802
1017 1179
1018 802
1018 1179
1019 802
1019 1179
1020 802
1020 1179
1021 802
1021 1179
1022 802
1022 1179
1023 802
1023 1179
1024 802
1024 1179
1025 802
1025 1179
1026 802
1026 1179
1027 803
1027 1179
1028 803
1028 1179
1029 803
1029 1179
1030 803
1030 1179
1031 803
1031 1179
1032 803
1032 1179
1033 803
1033 1179
1034 803
1034 1179
1035 803
1035 1179
1036 803
1036 1179
1037 803
1037 1179
1038 804
1038 1179
1039 804
1039 1179
1040 804
1040 1179
1041 804
1041 1179
1042 804
1042 1178
1043 804
1043 1178
1044 804
1044 1178
1045 804
1045 1178
1046 804
1046 1178
1047 805
1047 1178
1048 805
1048 1178
1049 805
1049 1178
1050 805
1050 1178
1051 805
1051 1178
1052 805
1052 1178
1053 806
1053 1178
1054 806
1054 1178
1055 806
1055 1178
1056 806
1056 1178
1057 806
1057 1178
1058 806
1058 1178
1059 806
1059 1178
1060 807
1060 1178
1061 807
1061 1178
1062 807
1062 1178
1063 807
1063 1178
1064 807
1064 1178
1065 807
1065 1178
1066 808
1066 1177
1067 808
1067 1177
1068 808
1068 1177
1069 808
1069 1177
1070 809
1070 1177
1071 809
1071 1177
1072 809
1072 1176
1073 810
1073 1175
1074 810
1074 1175
1075 810
1075 1175
1076 811
1076 1174
1077 811
1077 1174
1078 811
1078 1174
1079 812
1079 1174
1080 812
1080 1173
1081 813
1081 1173
1082 813
1082 1173
1083 814
1083 1172
1084 814
1084 1172
1085 815
1085 1172
1086 815
1086 1171
1087 815
1087 1171
1088 816
1088 1171
1089 816
1089 1171
1090 817
1090 1170
1091 817
1091 1170
1092 817
1092 1170
1093 818
1093 1169
1094 818
1094 1169
1095 818
1095 1169
1096 818
1096 1168
1097 819
1097 1168
1098 819
1098 1168
1099 819
1099 1167
1100 820
1100 1166
1101 820
1101 1166
1102 821
1102 1166
1103 821
1103 1165
1104 821
1104 1165
1105 822
1105 1164
1106 822
1106 1164
1107 822
1107 1164
1108 823
1108 1163
1109 824
1109 1163
1110 825
1110 1162
1111 826
1111 1162
1112 826
1112 1161
1113 827
1113 1161
1114 828
1114 1161
1115 828
1115 1160
1116 829
1116 1160
1117 830
1117 1159
1118 830
1118 1159
1119 831
1119 1158
1120 832
1120 1158
1121 832
1121 1157
1122 833
1122 1156
1123 834
1123 1156
1124 834
1124 1155
1125 835
1125 1154
1126 836
1126 1154
1127 836
1127 1153
1128 837
1128 1152
1129 838
1129 1152
1130 839
1130 1151
1131 839
1131 1151
1132 840
1132 1150
1133 840
1133 1150
1134 841
1134 1149
1135 842
1135 1148
1136 842
1136 1148
1137 843
1137 1147
1138 844
1138 1147
1139 845
1139 1146
1140 845
1140 1144
1140 1145
1141 846
1141 1143
1142 847
1142 1142
1143 848
1143 1142
1144 849
1144 850
1144 1141
1145 851
1145 1140
1146 852
1146 1139
1147 853
1147 1138
1148 854
1148 1137
1149 855
1149 1137
1150 856
1150 1136
1151 857
1151 1135
1152 858
1152 1134
1153 859
1153 1133
1154 860
1154 1132
1155 861
1155 1131
1156 862
1156 1130
1157 863
1157 1129
1158 864
1158 1128
1159 865
1159 866
1159 1127
1160 867
1160 1126
1161 868
1161 1125
1162 869
1162 1124
1163 870
1163 871
1163 1123
1164 872
1164 1122
1165 873
1165 1121
1166 874
1166 1120
1167 875
1167 1119
1168 876
1168 877
1168 1118
1169 878
1169 1117
1170 879
1170 1116
1171 880
1171 1114
1171 1115
1172 881
1172 1113
1173 882
1173 883
1173 1111
1173 1112
1174 884
1174 1109
1174 1110
1175 885
1175 886
1175 1108
1176 887
1176 1106
1176 1107
1177 888
1177 889
1177 1105
1178 890
1178 1103
1178 1104
1179 891
1179 892
1179 1101
1179 1102
1180 893
1180 1100
1181 894
1181 1098
1181 1099
1182 895
1182 896
1182 1096
1182 1097
1183 897
1183 1095
1184 898
1184 899
1184 1093
1184 1094
1185 900
1185 1091
1185 1092
1186 901
1186 902
1186 1089
1186 1090
1187 903
1187 1086
1187 1087
1187 1088
1188 904
1188 905
1188 1084
1188 1085
1189 906
1189 1083
1190 907
1190 908
1190 1081
1190 1082
1191 909
1191 910
1191 1079
1191 1080
1192 911
1192 1077
1192 1078
1193 912
1193 913
1193 1075
1193 1076
1194 914
1194 915
1194 1073
1194 1074
1195 916
1195 1070
1195 1071
1195 1072
1196 917
1196 918
1196 919
1196 920
1196 1067
1196 1068
1196 1069
1197 921
1197 922
1197 1065
1197 1066
1198 923
1198 924
1198 925
1198 1062
1198 1063
1198 1064
1199 926
1199 927
1199 1060
1199 1061
1200 928
1200 929
1200 930
1200 1057
1200 1058
1200 1059
1201 931
1201 932
1201 1054
1201 1055
1201 1056
1202 933
1202 934
1202 1048
1202 1051
1202 1052
1202 1053
1203 935
1203 936
1203 1047
1203 1049
1203 1050
1204 937
1204 938
1204 1045
1204 1046
1205 939
1205 940
1205 1042
1205 1043
1205 1044
1206 941
1206 942
1206 1040
1206 1041
1207 943
1207 944
1207 945
1207 947
1207 1027
1207 1028
1207 1029
1207 1030
1207 1031
1207 1033
1207 1034
1207 1037
1207 1038
1207 1039
1208 946
1208 948
1208 951
1208 1020
1208 1021
1208 1022
1208 1023
1208 1026
1208 1032
1208 1035
1208 1036
1209 949
1209 950
1209 952
1209 954
1209 1014
1209 1015
1209 1016
1209 1017
1209 1019
1209 1024
1209 1025
1210 953
1210 955
1210 958
1210 1006
1210 1007
1210 1008
1210 1009
1210 1010
1210 1013
1210 1018
1211 956
1211 957
1211 959
1211 961
1211 962
1211 963
1211 964
1211 965
1211 966
1211 967
1211 968
1211 969
1211 970
1211 971
1211 972
1211 973
1211 974
1211 976
1211 977
1211 978
1211 979
1211 980
1211 981
1211 982
1211 983
1211 984
1211 985
1211 986
1211 987
1211 988
1211 989
1211 990
1211 991
1211 992
1211 993
1211 994
1211 995
1211 996
1211 997
1211 998
1211 999
1211 1000
1211 1001
1211 1002
1211 1005
1211 1011
1211 1012
1212 960
1212 975
1212 1003
1212 1004
