881 967
881 978
881 990
881 1001
882 963
882 966
882 968
882 969
882 970
882 971
882 972
882 973
882 974
882 975
882 976
882 977
882 979
882 980
882 981
882 982
882 983
882 984
882 985
882 986
882 987
882 988
882 989
882 991
882 992
882 993
882 994
882 995
882 996
882 997
882 998
882 999
882 1000
882 1002
882 1008
882 1009
883 959
883 962
883 964
883 965
883 1003
883 1004
883 1005
883 1006
883 1007
883 1010
883 1013
884 956
884 958
884 960
884 961
884 1011
884 1012
884 1014
884 1018
884 1019
885 953
885 954
885 955
885 957
885 1015
885 1016
885 1017
885 1020
885 1023
886 951
886 952
886 1021
886 1022
886 1024
886 1026
886 1027
887 948
887 949
887 950
887 1025
887 1028
887 1030
887 1031
888 946
888 947
888 1029
888 1032
888 1034
889 943
889 944
889 945
889 1033
889 1035
889 1038
890 940
890 941
890 942
890 1036
890 1037
890 1039
890 1042
891 937
891 938
891 939
891 1040
891 1041
891 1043
891 1045
892 934
892 935
892 936
892 1044
892 1046
892 1047
892 1048
893 932
893 933
893 1049
893 1050
893 1051
894 931
894 1052
894 1053
894 1054
894 1056
895 929
895 930
895 1055
895 1057
895 1058
896 927
896 928
896 1059
896 1060
897 925
897 926
897 1061
898 923
898 924
898 1062
898 1063
899 922
899 1064
900 920
900 921
900 1065
901 919
901 1066
902 917
902 918
902 1067
902 1068
903 916
903 1069
903 1070
904 914
904 915
904 1071
905 913
905 1072
905 1073
906 912
906 1074
906 1075
907 910
907 911
907 1076
907 1077
908 909
908 1078
909 908
909 1079
909 1080
910 907
910 1081
911 905
911 906
911 1082
911 1083
912 904
912 1084
913 903
913 1085
914 902
914 1086
914 1087
915 901
915 1088
916 900
916 1089
917 899
917 1090
918 898
918 1091
919 897
919 1092
920 896
920 1093
921 895
921 1094
921 1095
922 895
922 1096
923 894
923 1097
924 893
924 1098
925 892
925 1099
926 890
926 891
926 1100
927 889
927 1101
928 888
928 1102
929 887
929 1103
930 886
930 1104
931 885
931 1105
932 884
932 1106
933 883
933 1107
934 882
934 1108
935 882
935 1109
936 881
936 1110
937 880
937 1111
938 880
938 1112
939 879
939 1113
940 878
940 1114
941 877
941 1114
942 877
942 1115
943 876
943 1116
944 876
944 1116
945 875
945 1117
946 874
946 1117
947 873
947 1117
948 873
948 1118
949 872
949 1119
950 871
950 1119
951 871
951 1120
952 870
952 1120
953 870
953 1121
954 869
954 1122
955 868
955 1122
956 868
956 1123
957 867
957 1123
958 866
958 1124
959 866
959 1125
960 865
960 1125
961 864
961 1126
962 864
962 1126
963 863
963 1127
964 863
964 1127
965 862
965 1128
966 862
966 1128
967 862
967 1129
968 861
968 1130
969 861
969 1130
970 860
970 1131
971 860
971 1131
972 860
972 1132
973 859
973 1132
974 859
974 1132
975 859
975 1133
976 859
976 1133
977 858
977 1133
978 858
978 1134
979 858
979 1134
980 857
980 1135
981 857
981 1135
982 856
982 1135
983 856
983 1136
984 856
984 1136
985 856
985 1136
986 855
986 1137
987 855
987 1137
988 855
988 1137
989 855
989 1137
990 854
990 1138
991 854
991 1138
992 854
992 1138
993 854
993 1138
994 853
994 1139
995 853
995 1139
996 853
996 1139
997 853
997 1139
998 852
998 1139
999 852
999 1139
1000 852
1000 1139
1001 852
1001 1140
1002 852
1002 1141
1003 852
1003 1141
1004 851
1004 1141
1005 851
1005 1141
1006 851
1006 1141
1007 851
1007 1141
1008 851
1008 1141
1009 851
1009 1141
1010 851
1010 1141
1011 851
1011 1141
1012 851
1012 1142
1013 851
1013 1143
1014 851
1014 1143
1015 851
1015 1143
1016 851
1016 1143
1017 851
1017 1143
1018 851
1018 1144
1019 851
1019 1144
1020 851
1020 1144
1021 851
1021 1144
1022 851
1022 1144
1023 851
1023 1144
1024 851
1024 1144
1025 851
1025 1144
1026 851
1026 1144
1027 851
1027 1144
1028 851
1028 1144
1029 851
1029 1144
1030 851
1030 1144
1031 851
1031 1144
1032 851
1032 1144
1033 851
1033 1144
1034 851
1034 1144
1035 851
1035 1144
1036 852
1036 1144
1037 852
1037 1144
1038 852
1038 1144
1039 852
1039 1144
1040 852
1040 1144
1041 852
1041 1144
1042 852
1042 1144
1043 852
1043 1144
1044 852
1044 1144
1045 852
1045 1144
1046 852
1046 1144
1047 852
1047 1144
1048 852
1048 1144
1049 852
1049 1143
1050 852
1050 1143
1051 852
1051 1143
1052 852
1052 1143
1053 852
1053 1143
1054 852
1054 1143
1055 853
1055 1143
1056 853
1056 1143
1057 853
1057 1143
1058 854
1058 1143
1059 854
1059 1143
1060 854
1060 1143
1061 854
1061 1143
1062 854
1062 1143
1063 854
1063 1143
1064 854
1064 1143
1065 855
1065 1143
1066 855
1066 1142
1067 855
1067 1142
1068 855
1068 1142
1069 855
1069 1142
1070 855
1070 1142
1071 856
1071 1141
1072 856
1072 1141
1073 856
1073 1141
1074 857
1074 1141
1075 857
1075 1140
1076 857
1076 1140
1077 858
1077 1140
1078 858
1078 1139
1079 859
1079 1139
1080 859
1080 1139
1081 859
1081 1138
1082 860
1082 1138
1083 860
1083 1138
1084 860
1084 1137
1085 861
1085 1137
1086 861
1086 1137
1087 861
1087 1136
1088 862
1088 1136
1089 862
1089 1136
1090 862
1090 1135
1091 863
1091 1135
1092 863
1092 1135
1093 864
1093 1134
1094 864
1094 1134
1095 865
1095 1133
1096 865
1096 1133
1097 866
1097 1133
1098 866
1098 1132
1099 867
1099 1132
1100 867
1100 1131
1101 868
1101 1131
1102 868
1102 1130
1103 869
1103 1130
1104 870
1104 1129
1105 870
1105 1129
1106 871
1106 1128
1107 872
1107 1128
1108 872
1108 1127
1109 873
1109 1127
1110 873
1110 1126
1111 874
1111 1125
1112 874
1112 1124
1113 875
1113 1123
1114 876
1114 1123
1115 876
1115 1122
1116 877
1116 1122
1117 878
1117 1121
1118 878
1118 1120
1119 879
1119 880
1119 1120
1120 881
1120 1119
1121 882
1121 1119
1122 883
1122 1118
1123 884
1123 1117
1124 885
1124 1117
1125 886
1125 1116
1126 887
1126 1115
1127 887
1127 1114
1128 887
1128 1113
1129 888
1129 1112
1130 889
1130 1110
1130 1111
1131 890
1131 1109
1132 891
1132 1108
1133 892
1133 1107
1134 893
1134 1106
1135 894
1135 1105
1136 895
1136 896
1136 1104
1137 897
1137 1103
1138 898
1138 1102
1139 899
1139 1102
1140 900
1140 1101
1141 901
1141 1100
1142 902
1142 1099
1143 903
1143 1097
1143 1098
1144 904
1144 1096
1145 905
1145 1095
1146 906
1146 1094
1147 907
1147 1092
1147 1093
1148 908
1148 909
1148 1090
1148 1091
1149 910
1149 1089
1150 911
1150 1087
1150 1088
1151 912
1151 913
1151 1086
1152 914
1152 1084
1152 1085
1153 915
1153 916
1153 1083
1154 917
1154 1082
1155 918
1155 1080
1155 1081
1156 919
1156 920
1156 1078
1156 1079
1157 921
1157 1076
1157 1077
1158 922
1158 923
1158 1075
1159 924
1159 925
1159 1073
1159 1074
1160 926
1160 927
1160 1071
1160 1072
1161 928
1161 1069
1161 1070
1162 929
1162 930
1162 1068
1163 931
1163 932
1163 1066
1163 1067
1164 933
1164 934
1164 1064
1164 1065
1165 935
1165 936
1165 1062
1165 1063
1166 937
1166 938
1166 939
1166 1059
1166 1060
1166 1061
1167 940
1167 941
1167 1056
1167 1057
1167 1058
1168 942
1168 943
1168 1053
1168 1054
1168 1055
1169 944
1169 945
1169 1050
1169 1051
1169 1052
1170 946
1170 947
1170 1048
1170 1049
1171 948
1171 949
1171 950
1171 1045
1171 1046
1171 1047
1172 951
1172 952
1172 956
1172 1039
1172 1042
1172 1043
1172 1044
1173 953
1173 954
1173 955
1173 957
1173 1038
1173 1040
1173 1041
1174 958
1174 959
1174 960
1174 1033
1174 1036
1174 1037
1175 961
1175 962
1175 963
1175 1029
1175 1032
1175 1034
1175 1035
1176 964
1176 965
1176 967
1176 968
1176 969
1176 1023
1176 1024
1176 1025
1176 1028
1176 1030
1176 1031
1177 966
1177 970
1177 973
1177 974
1177 975
1177 1018
1177 1019
1177 1022
1177 1026
1177 1027
1178 971
1178 972
1178 976
1178 979
1178 980
1178 981
1178 982
1178 983
1178 984
1178 985
1178 986
1178 987
1178 988
1178 992
1178 993
1178 994
1178 995
1178 996
1178 997
1178 998
1178 999
1178 1000
1178 1001
1178 1002
1178 1003
1178 1004
1178 1005
1178 1006
1178 1007
1178 1008
1178 1009
1178 1010
1178 1011
1178 1012
1178 1013
1178 1017
1178 1020
1178 1021
1179 977
1179 978
1179 989
1179 991
1179 1014
1179 1015
1179 1016
1180 990
