678 989
678 1002
679 976
679 979
679 980
679 988
679 990
679 991
679 992
679 993
679 994
679 995
679 996
679 997
679 998
679 999
679 1000
679 1001
679 1003
679 1010
679 1011
680 969
680 970
680 975
680 977
680 978
680 981
680 982
680 983
680 984
680 985
680 986
680 987
680 1004
680 1005
680 1006
680 1007
680 1008
680 1009
680 1012
680 1014
681 964
681 968
681 971
681 972
681 973
681 974
681 1013
681 1015
681 1019
681 1020
682 959
682 960
682 963
682 965
682 966
682 967
682 1016
682 1017
682 1018
682 1021
682 1025
682 1026
682 1027
683 955
683 956
683 958
683 961
683 962
683 1022
683 1023
683 1024
683 1028
683 1029
683 1030
684 951
684 954
684 957
684 1031
684 1032
685 948
685 949
685 950
685 952
685 953
685 1033
685 1034
686 946
686 947
686 1035
686 1036
687 943
687 944
687 945
687 1037
687 1038
688 940
688 941
688 942
688 1039
688 1040
688 1041
689 937
689 938
689 939
689 1042
689 1043
690 934
690 935
690 936
690 1044
690 1045
691 931
691 932
691 933
691 1046
691 1047
692 927
692 928
692 929
692 930
692 1048
692 1049
693 926
693 1050
694 924
694 925
694 1051
694 1052
694 1053
695 922
695 923
695 1054
695 1055
696 920
696 921
696 1056
696 1057
697 919
697 1058
697 1059
698 917
698 918
698 1060
698 1061
699 915
699 916
699 1062
699 1063
700 914
700 1064
701 912
701 913
701 1065
701 1066
702 911
702 1067
703 909
703 910
703 1068
704 908
704 1069
704 1070
705 907
705 1071
706 906
706 1072
706 1073
707 904
707 905
707 1074
708 903
708 1075
709 901
709 902
709 1076
709 1077
710 900
710 1078
711 898
711 899
711 1079
712 896
712 897
712 1080
713 895
713 1081
714 893
714 894
714 1082
715 892
715 1083
716 891
716 1084
716 1085
717 890
717 1086
718 889
718 1087
719 887
719 888
719 1088
719 1089
720 886
720 1090
721 886
721 1091
722 885
722 1092
723 884
723 1093
724 883
724 1094
725 881
725 882
725 1095
726 880
726 1096
727 879
727 1097
728 877
728 878
728 1098
729 876
729 1099
730 875
730 1100
731 874
731 1101
732 873
732 1102
733 872
733 1103
734 870
734 871
734 1104
735 869
735 1105
736 868
736 1106
737 867
737 1107
738 867
738 1108
739 866
739 1109
740 866
740 1110
741 865
741 1111
742 864
742 1112
743 863
743 1113
744 862
744 1114
745 862
745 1115
746 861
746 1115
747 860
747 1116
748 859
748 1117
749 858
749 1118
750 858
750 1119
751 857
751 1119
752 856
752 1120
753 855
753 1121
754 855
754 1122
755 854
755 1122
756 853
756 1123
757 852
757 1123
758 852
758 1124
759 851
759 1125
760 850
760 1126
761 849
761 1127
762 849
762 1127
763 848
763 1128
764 847
764 1129
765 847
765 1130
766 846
766 1130
767 845
767 1131
768 845
768 1132
769 844
769 1133
770 844
770 1133
771 843
771 1134
772 843
772 1134
773 842
773 1135
774 842
774 1136
775 841
775 1136
776 841
776 1137
777 840
777 1137
778 840
778 1137
779 839
779 1138
780 839
780 1138
781 838
781 1139
782 838
782 1139
783 837
783 1140
784 837
784 1140
785 836
785 1141
786 836
786 1141
787 835
787 1142
788 835
788 1142
789 835
789 1142
790 834
790 1143
791 833
791 1143
792 833
792 1144
793 833
793 1144
794 832
794 1144
795 832
795 1145
796 831
796 1145
797 831
797 1146
798 831
798 1146
799 830
799 1146
800 830
800 1146
801 830
801 1147
802 829
802 1148
803 829
803 1148
804 829
804 1148
805 829
805 1148
806 829
806 1148
807 829
807 1148
808 829
808 1148
809 828
809 1148
810 828
810 1148
811 828
811 1148
812 828
812 1148
813 828
813 1148
814 828
814 1149
815 828
815 1149
816 828
816 1149
817 828
817 1149
818 828
818 1149
819 827
819 1149
820 827
820 1149
821 827
821 1149
822 827
822 1149
823 827
823 1149
824 827
824 1149
825 827
825 1149
826 827
826 1149
827 827
827 1149
828 827
828 1149
829 827
829 1149
830 827
830 1149
831 827
831 1149
832 827
832 1149
833 827
833 1149
834 827
834 1149
835 827
835 1149
836 827
836 1149
837 827
837 1149
838 827
838 1149
839 827
839 1149
840 827
840 1149
841 827
841 1149
842 827
842 1149
843 827
843 1149
844 827
844 1149
845 827
845 1149
846 827
846 1149
847 827
847 1149
848 827
848 1149
849 827
849 1149
850 828
850 1149
851 828
851 1149
852 829
852 1149
853 829
853 1149
854 829
854 1149
855 829
855 1149
856 829
856 1149
857 829
857 1149
858 829
858 1149
859 829
859 1149
860 829
860 1149
861 829
861 1149
862 830
862 1149
863 830
863 1149
864 830
864 1149
865 830
865 1148
866 830
866 1147
867 830
867 1147
868 830
868 1147
869 831
869 1147
870 831
870 1147
871 831
871 1147
872 831
872 1147
873 832
873 1147
874 832
874 1147
875 832
875 1147
876 832
876 1146
877 833
877 1146
878 833
878 1146
879 833
879 1146
880 833
880 1146
881 834
881 1146
882 834
882 1145
883 834
883 1145
884 835
884 1145
885 835
885 1145
886 835
886 1145
887 836
887 1144
888 836
888 1144
889 836
889 1144
890 837
890 1144
891 837
891 1143
892 837
892 1142
893 838
893 1142
894 838
894 1142
895 839
895 1142
896 839
896 1142
897 839
897 1141
898 840
898 1141
899 840
899 1141
900 841
900 1140
901 841
901 1140
902 842
902 1140
903 842
903 1140
904 843
904 1139
905 843
905 1139
906 843
906 1139
907 844
907 1138
908 844
908 1138
909 845
909 1138
910 845
910 1137
911 846
911 1137
912 846
912 1137
913 847
913 1136
914 847
914 1136
915 848
915 1135
916 849
916 1134
917 849
917 1134
918 850
918 1133
919 851
919 1133
920 851
920 1132
921 852
921 1131
922 852
922 1131
923 852
923 1130
924 853
924 1129
925 853
925 1128
926 854
926 1128
927 855
927 1127
928 855
928 1127
929 856
929 1126
930 856
930 1125
931 857
931 1125
932 858
932 1124
933 858
933 1123
934 859
934 1123
935 860
935 1122
936 861
936 1121
937 861
937 1120
938 862
938 1119
939 863
939 1119
940 863
940 1118
941 864
941 1117
942 865
942 1116
943 865
943 1115
944 866
944 867
944 1115
945 868
945 1114
946 869
946 1113
947 870
947 1112
948 871
948 1111
949 872
949 1110
950 873
950 1109
951 874
951 1108
952 875
952 876
952 1107
953 877
953 1106
954 878
954 1104
954 1105
955 879
955 1103
956 880
956 1102
957 881
957 1101
958 882
958 1099
958 1100
959 883
959 1098
960 884
960 885
960 1097
961 886
961 1096
962 887
962 1095
963 888
963 1094
964 889
964 890
964 1092
964 1093
965 891
965 1091
966 892
966 1089
966 1090
967 893
967 1088
968 894
968 895
968 1086
968 1087
969 896
969 1085
970 897
970 898
970 1082
970 1083
970 1084
971 899
971 1081
972 900
972 901
972 1079
972 1080
973 902
973 903
973 1078
974 904
974 1076
974 1077
975 905
975 906
975 1074
975 1075
976 907
976 908
976 1073
977 909
977 910
977 1072
978 911
978 1070
978 1071
979 912
979 913
979 1068
979 1069
980 914
980 915
980 1067
981 916
981 1065
981 1066
982 917
982 918
982 1064
983 919
983 920
983 1060
983 1061
983 1062
983 1063
984 921
984 922
984 1058
984 1059
985 923
985 924
985 1056
985 1057
986 925
986 926
986 1054
986 1055
987 927
987 928
987 929
987 1051
987 1052
987 1053
988 930
988 931
988 1049
988 1050
989 932
989 933
989 934
989 1046
989 1047
989 1048
990 935
990 936
990 1044
990 1045
991 937
991 938
991 939
991 1041
991 1042
991 1043
992 940
992 941
992 1040
993 942
993 943
993 944
993 1038
993 1039
994 945
994 946
994 1035
994 1036
994 1037
995 947
995 948
995 949
995 1032
995 1033
995 1034
996 950
996 951
996 953
996 954
996 955
996 956
996 1022
996 1023
996 1024
996 1025
996 1029
996 1030
996 1031
997 952
997 957
997 960
997 961
997 962
997 1016
997 1017
997 1018
997 1021
997 1026
997 1027
997 1028
998 958
998 959
998 963
998 965
998 966
998 967
998 968
998 969
998 970
998 971
998 972
998 973
998 974
998 1004
998 1005
998 1006
998 1007
998 1008
998 1009
998 1010
998 1011
998 1012
998 1013
998 1015
998 1019
998 1020
999 964
999 975
999 978
999 979
999 980
999 981
999 982
999 983
999 984
999 985
999 986
999 987
999 988
999 989
999 990
999 991
999 992
999 993
999 994
999 995
999 996
999 997
999 998
999 999
999 1000
999 1003
999 1014
1000 976
1000 977
1000 1001
1000 1002
