733 982
733 990
734 975
734 976
734 981
734 983
734 984
734 985
734 986
734 987
734 988
734 989
734 991
734 999
735 973
735 974
735 977
735 978
735 979
735 980
735 992
735 993
735 994
735 995
735 996
735 997
735 998
735 1000
735 1005
735 1006
735 1007
736 965
736 966
736 967
736 972
736 1001
736 1002
736 1003
736 1004
736 1008
736 1012
736 1013
736 1015
737 961
737 962
737 964
737 968
737 969
737 970
737 971
737 1009
737 1010
737 1011
737 1014
737 1016
737 1020
737 1021
738 957
738 958
738 960
738 963
738 1017
738 1018
738 1019
738 1022
738 1023
739 955
739 956
739 959
739 1024
739 1025
739 1026
740 952
740 953
740 954
740 1027
740 1028
741 949
741 950
741 951
741 1029
741 1030
741 1031
742 947
742 948
742 1032
742 1033
743 944
743 945
743 946
743 1034
743 1035
744 942
744 943
744 1036
745 940
745 941
745 1037
745 1038
746 938
746 939
746 1039
747 936
747 937
747 1040
748 934
748 935
748 1041
749 932
749 933
749 1042
749 1043
750 930
750 931
750 1044
751 928
751 929
751 1045
751 1046
752 927
752 1047
752 1048
753 925
753 926
753 1049
754 924
754 1050
754 1051
755 922
755 923
755 1052
756 921
756 1053
756 1054
757 920
757 1055
758 919
758 1056
758 1057
759 918
759 1058
760 916
760 917
760 1059
761 915
761 1059
762 914
762 1060
763 913
763 1061
764 912
764 1062
765 911
765 1063
766 910
766 1063
767 909
767 1064
768 909
768 1065
769 907
769 908
769 1066
770 906
770 1067
771 905
771 1067
772 904
772 1068
773 903
773 1069
774 903
774 1070
775 902
775 1071
776 901
776 1072
777 900
777 1073
778 899
778 1073
779 899
779 1074
780 898
780 1074
781 897
781 1075
782 896
782 1076
783 895
783 1077
784 895
784 1078
785 894
785 1079
786 893
786 1079
787 893
787 1080
788 892
788 1081
789 891
789 1081
790 891
790 1082
791 891
791 1083
792 891
792 1083
793 890
793 1084
794 889
794 1085
795 889
795 1085
796 888
796 1086
797 887
797 1087
798 886
798 1087
799 885
799 1087
800 885
800 1088
801 884
801 1089
802 883
802 1089
803 883
803 1090
804 882
804 1090
805 882
805 1090
806 882
806 1091
807 881
807 1092
808 881
808 1093
809 881
809 1093
810 880
810 1094
811 880
811 1094
812 879
812 1094
813 879
813 1094
814 878
814 1095
815 878
815 1096
816 877
816 1096
817 877
817 1097
818 877
818 1097
819 877
819 1098
820 876
820 1098
821 876
821 1098
822 876
822 1098
823 875
823 1099
824 875
824 1099
825 875
825 1099
826 875
826 1100
827 875
827 1100
828 875
828 1100
829 875
829 1100
830 875
830 1100
831 875
831 1101
832 875
832 1101
833 875
833 1101
834 875
834 1101
835 875
835 1101
836 875
836 1101
837 875
837 1101
838 874
838 1102
839 874
839 1102
840 874
840 1102
841 874
841 1102
842 874
842 1102
843 874
843 1102
844 873
844 1102
845 873
845 1102
846 873
846 1102
847 873
847 1103
848 873
848 1103
849 873
849 1103
850 873
850 1103
851 873
851 1103
852 873
852 1103
853 873
853 1103
854 873
854 1103
855 873
855 1103
856 873
856 1103
857 873
857 1103
858 873
858 1103
859 873
859 1103
860 873
860 1103
861 873
861 1103
862 873
862 1103
863 873
863 1103
864 873
864 1103
865 873
865 1103
866 873
866 1103
867 873
867 1102
868 873
868 1102
869 873
869 1102
870 873
870 1102
871 873
871 1102
872 873
872 1102
873 873
873 1102
874 873
874 1102
875 873
875 1101
876 873
876 1101
877 873
877 1101
878 874
878 1101
879 874
879 1101
880 874
880 1101
881 874
881 1101
882 875
882 1101
883 875
883 1101
884 875
884 1100
885 875
885 1100
886 875
886 1100
887 876
887 1100
888 876
888 1100
889 876
889 1099
890 876
890 1099
891 877
891 1099
892 877
892 1099
893 877
893 1099
894 877
894 1098
895 878
895 1097
896 878
896 1097
897 878
897 1097
898 879
898 1097
899 879
899 1097
900 879
900 1096
901 880
901 1096
902 880
902 1096
903 881
903 1095
904 881
904 1095
905 882
905 1095
906 882
906 1094
907 883
907 1094
908 883
908 1093
909 884
909 1093
910 884
910 1093
911 885
911 1092
912 885
912 1092
913 886
913 1091
914 886
914 1091
915 887
915 1091
916 887
916 1090
917 888
917 1090
918 888
918 1089
919 889
919 1089
920 890
920 1088
921 890
921 1088
922 891
922 1087
923 892
923 1086
924 893
924 1086
925 893
925 1086
926 894
926 1085
927 895
927 1085
928 895
928 1084
929 896
929 1084
930 897
930 1083
931 897
931 1083
932 898
932 1082
933 899
933 1082
934 900
934 1081
935 901
935 1080
936 902
936 1079
937 903
937 1079
938 904
938 1078
939 905
939 1077
940 906
940 1076
941 907
941 1076
942 908
942 1075
943 909
943 1074
944 910
944 1073
945 911
945 1072
946 912
946 1071
947 913
947 1070
948 914
948 1069
949 915
949 1068
950 916
950 1067
951 917
951 1066
952 918
952 1065
953 919
953 1064
954 920
954 1064
955 921
955 1063
956 922
956 923
956 1062
957 924
957 1061
958 925
958 926
958 1060
959 927
959 1059
960 928
960 929
960 1058
961 930
961 931
961 1057
962 932
962 933
962 1055
962 1056
963 934
963 935
963 1054
964 936
964 937
964 1052
964 1053
965 938
965 1050
965 1051
966 939
966 940
966 1049
967 941
967 942
967 1047
967 1048
968 943
968 944
968 1045
968 1046
969 945
969 946
969 1044
970 947
970 948
970 949
970 1042
970 1043
971 950
971 951
971 1040
971 1041
972 952
972 953
972 954
972 1038
972 1039
973 955
973 956
973 959
973 1036
973 1037
974 957
974 958
974 960
974 1033
974 1034
974 1035
975 961
975 962
975 963
975 966
975 1032
976 964
976 965
976 967
976 969
976 970
976 971
976 972
976 1029
976 1030
976 1031
977 968
977 973
977 976
977 977
977 1026
977 1027
977 1028
978 974
978 975
978 978
978 980
978 981
978 982
978 983
978 984
978 1018
978 1019
978 1020
978 1021
978 1023
978 1024
978 1025
979 979
979 985
979 988
979 989
979 991
979 992
979 993
979 994
979 995
979 996
979 997
979 998
979 999
979 1003
979 1004
979 1005
979 1006
979 1007
979 1008
979 1009
979 1010
979 1011
979 1013
979 1014
979 1017
979 1022
980 986
980 987
980 990
980 1000
980 1002
980 1012
980 1015
980 1016
981 1001
