810 942
810 955
810 967
811 938
811 939
811 941
811 943
811 944
811 945
811 946
811 947
811 948
811 949
811 950
811 951
811 952
811 953
811 954
811 956
811 957
811 958
811 959
811 960
811 961
811 962
811 963
811 964
811 965
811 966
811 968
811 973
811 974
812 933
812 934
812 937
812 940
812 969
812 970
812 971
812 972
812 975
812 979
813 930
813 932
813 935
813 936
813 976
813 977
813 978
813 980
813 983
813 984
814 927
814 928
814 929
814 931
814 981
814 982
814 985
814 988
814 989
814 991
815 924
815 925
815 926
815 986
815 987
815 990
815 992
815 995
815 996
816 919
816 920
816 921
816 923
816 993
816 994
816 997
816 999
816 1000
817 916
817 917
817 918
817 922
817 998
817 1001
817 1002
818 913
818 914
818 915
818 1003
818 1005
818 1006
819 910
819 911
819 912
819 1004
819 1007
819 1008
819 1009
820 908
820 909
820 1010
820 1011
820 1012
821 905
821 906
821 907
821 1013
822 903
822 904
822 1014
822 1015
822 1016
823 901
823 902
823 1017
823 1018
823 1019
824 898
824 899
824 900
824 1020
824 1021
825 896
825 897
825 1022
825 1023
825 1024
826 895
826 1025
826 1026
826 1027
827 893
827 894
827 1028
827 1029
828 891
828 892
828 1030
828 1031
829 890
829 1032
829 1033
829 1034
829 1035
830 888
830 889
830 1036
830 1037
830 1038
831 886
831 887
831 1039
831 1040
832 884
832 885
832 1041
832 1042
833 882
833 883
833 1043
833 1044
833 1045
834 881
834 1046
835 879
835 880
835 1047
836 878
836 1048
837 876
837 877
837 1049
838 875
838 1050
839 874
839 1051
840 873
840 1052
840 1053
841 872
841 1054
842 870
842 871
842 1055
843 869
843 1056
843 1057
844 868
844 1058
845 867
845 1059
846 866
846 1060
847 865
847 1061
848 864
848 1062
849 863
849 1063
850 862
850 1064
851 861
851 1065
852 860
852 1066
853 859
853 1067
854 858
854 1068
855 857
855 1069
856 856
856 1070
857 855
857 1071
858 854
858 1072
859 853
859 1072
860 852
860 1073
861 851
861 1074
862 850
862 1075
863 849
863 1075
864 848
864 1076
865 847
865 1077
866 847
866 1077
867 846
867 1078
868 845
868 1079
869 844
869 1080
870 844
870 1081
871 843
871 1081
872 842
872 1082
873 841
873 1083
874 841
874 1083
875 840
875 1084
876 839
876 1084
877 839
877 1085
878 838
878 1085
879 837
879 1086
880 836
880 1087
881 836
881 1087
882 835
882 1088
883 834
883 1088
884 834
884 1089
885 833
885 1089
886 833
886 1090
887 832
887 1090
888 832
888 1090
889 831
889 1091
890 831
890 1091
891 830
891 1092
892 830
892 1092
893 829
893 1092
894 829
894 1093
895 829
895 1093
896 828
896 1093
897 828
897 1093
898 827
898 1094
899 827
899 1095
900 827
900 1095
901 826
901 1096
902 826
902 1096
903 825
903 1096
904 825
904 1097
905 825
905 1097
906 825
906 1097
907 824
907 1098
908 824
908 1098
909 824
909 1098
910 823
910 1099
911 823
911 1099
912 823
912 1099
913 822
913 1099
914 822
914 1100
915 822
915 1100
916 821
916 1100
917 821
917 1100
918 821
918 1100
919 821
919 1101
920 820
920 1102
921 820
921 1102
922 820
922 1102
923 820
923 1102
924 820
924 1103
925 819
925 1103
926 819
926 1103
927 819
927 1103
928 819
928 1103
929 819
929 1103
930 819
930 1103
931 818
931 1104
932 818
932 1104
933 818
933 1104
934 818
934 1104
935 817
935 1104
936 817
936 1104
937 817
937 1104
938 817
938 1104
939 816
939 1104
940 816
940 1104
941 816
941 1105
942 816
942 1105
943 816
943 1105
944 816
944 1105
945 816
945 1105
946 816
946 1105
947 816
947 1105
948 816
948 1105
949 816
949 1105
950 816
950 1105
951 816
951 1106
952 815
952 1106
953 815
953 1106
954 815
954 1106
955 815
955 1106
956 815
956 1106
957 815
957 1106
958 815
958 1106
959 815
959 1106
960 815
960 1106
961 815
961 1106
962 815
962 1106
963 815
963 1106
964 815
964 1106
965 815
965 1106
966 815
966 1106
967 815
967 1106
968 815
968 1106
969 815
969 1106
970 815
970 1106
971 815
971 1106
972 815
972 1106
973 815
973 1106
974 816
974 1106
975 816
975 1106
976 816
976 1106
977 816
977 1106
978 816
978 1106
979 816
979 1106
980 817
980 1106
981 817
981 1106
982 817
982 1106
983 817
983 1106
984 817
984 1105
985 817
985 1104
986 818
986 1104
987 818
987 1104
988 818
988 1104
989 818
989 1104
990 818
990 1104
991 818
991 1104
992 818
992 1104
993 819
993 1104
994 819
994 1104
995 819
995 1103
996 819
996 1103
997 819
997 1103
998 820
998 1103
999 820
999 1103
1000 820
1000 1103
1001 820
1001 1103
1002 821
1002 1102
1003 821
1003 1102
1004 821
1004 1102
1005 822
1005 1102
1006 822
1006 1102
1007 822
1007 1102
1008 823
1008 1101
1009 823
1009 1100
1010 823
1010 1100
1011 823
1011 1100
1012 824
1012 1099
1013 824
1013 1099
1014 824
1014 1099
1015 825
1015 1098
1016 825
1016 1098
1017 825
1017 1097
1018 826
1018 1096
1019 826
1019 1096
1020 827
1020 1096
1021 827
1021 1095
1022 827
1022 1095
1023 828
1023 1095
1024 828
1024 1094
1025 829
1025 1094
1026 829
1026 1093
1027 830
1027 1093
1028 830
1028 1093
1029 831
1029 1092
1030 831
1030 1092
1031 832
1031 1092
1032 832
1032 1091
1033 833
1033 1091
1034 833
1034 1090
1035 834
1035 1090
1036 834
1036 1089
1037 835
1037 1089
1038 835
1038 1088
1039 836
1039 1087
1040 836
1040 1087
1041 837
1041 1086
1042 837
1042 1086
1043 838
1043 1085
1044 839
1044 1085
1045 839
1045 1084
1046 840
1046 1083
1047 841
1047 1083
1048 841
1048 1082
1049 842
1049 1081
1050 843
1050 1081
1051 843
1051 1080
1052 844
1052 1079
1053 845
1053 1078
1054 846
1054 1077
1055 847
1055 1077
1056 848
1056 1076
1057 849
1057 1075
1058 850
1058 1074
1059 850
1059 1073
1060 851
1060 1072
1061 852
1061 1071
1062 853
1062 1070
1063 854
1063 1070
1064 855
1064 1069
1065 856
1065 1068
1066 857
1066 1067
1067 858
1067 1066
1068 859
1068 1065
1069 860
1069 1065
1070 861
1070 1064
1071 862
1071 1063
1072 863
1072 1062
1073 864
1073 1060
1073 1061
1074 865
1074 1059
1075 866
1075 1058
1076 867
1076 1057
1077 868
1077 1056
1078 869
1078 870
1078 1055
1079 871
1079 1054
1080 872
1080 1053
1081 873
1081 1052
1082 874
1082 875
1082 1051
1083 876
1083 1050
1084 877
1084 1049
1085 878
1085 879
1085 1047
1085 1048
1086 880
1086 1046
1087 881
1087 882
1087 1045
1088 883
1088 1042
1088 1043
1088 1044
1089 884
1089 1041
1090 885
1090 886
1090 1039
1090 1040
1091 887
1091 1037
1091 1038
1092 888
1092 1035
1092 1036
1093 889
1093 890
1093 1032
1093 1033
1093 1034
1094 891
1094 892
1094 1030
1094 1031
1095 893
1095 894
1095 1027
1095 1028
1095 1029
1096 895
1096 896
1096 1025
1096 1026
1097 897
1097 898
1097 1023
1097 1024
1098 899
1098 900
1098 1021
1098 1022
1099 901
1099 902
1099 1019
1099 1020
1100 903
1100 904
1100 1017
1100 1018
1101 905
1101 906
1101 1014
1101 1015
1101 1016
1102 907
1102 908
1102 1011
1102 1012
1102 1013
1103 909
1103 910
1103 911
1103 1008
1103 1009
1103 1010
1104 912
1104 913
1104 914
1104 1006
1104 1007
1105 915
1105 916
1105 1003
1105 1004
1105 1005
1106 917
1106 918
1106 1002
1107 919
1107 921
1107 997
1107 1000
1107 1001
1108 920
1108 922
1108 925
1108 996
1108 998
1108 999
1109 923
1109 924
1109 926
1109 988
1109 989
1109 993
1109 994
1109 995
1110 927
1110 928
1110 929
1110 933
1110 934
1110 935
1110 936
1110 937
1110 938
1110 984
1110 987
1110 990
1110 991
1110 992
1111 930
1111 931
1111 932
1111 939
1111 941
1111 942
1111 943
1111 945
1111 946
1111 947
1111 948
1111 949
1111 950
1111 951
1111 952
1111 953
1111 980
1111 983
1111 985
1111 986
1112 940
1112 944
1112 954
1112 956
1112 957
1112 958
1112 959
1112 960
1112 961
1112 962
1112 963
1112 964
1112 965
1112 969
1112 970
1112 971
1112 972
1112 973
1112 974
1112 975
1112 976
1112 977
1112 979
1112 981
1112 982
1113 955
1113 966
1113 968
1113 978
1114 967
