767 966
767 982
768 951
768 965
768 967
768 968
768 969
768 970
768 971
768 972
768 973
768 974
768 975
768 976
768 977
768 978
768 979
768 980
768 981
768 983
768 988
768 989
769 935
769 942
769 943
769 950
769 952
769 953
769 954
769 955
769 956
769 957
769 958
769 959
769 960
769 961
769 962
769 963
769 964
769 984
769 985
769 986
769 987
769 990
769 995
769 996
769 997
770 929
770 930
770 934
770 936
770 937
770 938
770 939
770 940
770 941
770 944
770 945
770 946
770 947
770 948
770 949
770 991
770 992
770 993
770 994
770 998
770 1002
770 1003
771 924
771 925
771 928
771 931
771 932
771 933
771 999
771 1000
771 1001
771 1004
771 1007
771 1008
772 920
772 923
772 926
772 927
772 1005
772 1006
772 1009
772 1012
773 917
773 918
773 919
773 921
773 922
773 1010
773 1011
773 1013
773 1015
773 1016
774 914
774 915
774 916
774 1014
774 1017
774 1018
774 1019
775 910
775 911
775 913
775 1020
775 1021
775 1022
776 907
776 908
776 909
776 912
776 1023
776 1024
776 1025
777 905
777 906
777 1026
777 1027
778 902
778 903
778 904
778 1028
778 1029
778 1030
779 899
779 900
779 901
779 1031
779 1032
779 1033
780 896
780 897
780 898
780 1034
780 1035
780 1036
781 893
781 894
781 895
781 1037
781 1038
781 1039
782 891
782 892
782 1040
782 1041
783 888
783 889
783 890
783 1042
783 1043
783 1044
784 886
784 887
784 1045
784 1046
785 884
785 885
785 1047
785 1048
786 882
786 883
786 1049
786 1050
787 879
787 880
787 881
787 1051
787 1052
787 1053
788 877
788 878
788 1054
788 1055
789 875
789 876
789 1056
789 1057
790 873
790 874
790 1058
790 1059
791 872
791 1060
792 870
792 871
792 1061
792 1062
793 868
793 869
793 1063
793 1064
794 867
794 1065
795 865
795 866
795 1066
795 1067
796 864
796 1068
797 862
797 863
797 1069
797 1070
798 860
798 861
798 1071
799 859
799 1072
799 1073
800 857
800 858
800 1074
801 856
801 1075
801 1076
802 854
802 855
802 1077
803 853
803 1078
803 1079
804 850
804 851
804 852
804 1080
805 849
805 1081
806 848
806 1082
807 847
807 1083
808 846
808 1084
808 1085
809 845
809 1086
810 844
810 1087
811 843
811 1088
811 1089
812 841
812 842
812 1090
813 840
813 1091
814 839
814 1092
814 1093
815 838
815 1094
815 1095
816 838
816 1096
817 837
817 1097
818 836
818 1098
819 835
819 1099
820 834
820 1100
821 833
821 1101
822 833
822 1102
823 832
823 1103
824 831
824 1104
825 830
825 1105
825 1106
826 829
826 1107
827 828
827 1108
828 827
828 1109
829 826
829 1110
830 825
830 1111
831 825
831 1112
832 824
832 1113
833 823
833 1114
834 822
834 1115
835 821
835 1115
836 820
836 1115
837 818
837 819
837 1116
838 817
838 1117
839 817
839 1118
840 816
840 1118
841 815
841 1119
842 815
842 1120
843 814
843 1121
844 813
844 1121
845 812
845 1122
846 812
846 1123
847 811
847 1124
848 810
848 1125
849 810
849 1126
850 809
850 1127
851 808
851 1127
852 808
852 1128
853 807
853 1128
854 807
854 1129
855 806
855 1129
856 806
856 1130
857 805
857 1130
858 805
858 1131
859 804
859 1132
860 804
860 1132
861 803
861 1132
862 803
862 1133
863 802
863 1134
864 802
864 1134
865 802
865 1135
866 801
866 1135
867 801
867 1136
868 800
868 1136
869 800
869 1137
870 799
870 1138
871 799
871 1138
872 799
872 1139
873 798
873 1139
874 798
874 1139
875 797
875 1140
876 797
876 1140
877 796
877 1141
878 795
878 1141
879 795
879 1141
880 795
880 1142
881 794
881 1142
882 794
882 1142
883 794
883 1143
884 793
884 1143
885 793
885 1143
886 792
886 1144
887 792
887 1144
888 792
888 1144
889 791
889 1145
890 791
890 1145
891 791
891 1145
892 791
892 1146
893 790
893 1146
894 790
894 1146
895 790
895 1147
896 790
896 1147
897 789
897 1147
898 789
898 1147
899 789
899 1148
900 788
900 1148
901 788
901 1148
902 788
902 1148
903 787
903 1148
904 787
904 1149
905 787
905 1149
906 787
906 1149
907 786
907 1149
908 786
908 1150
909 786
909 1150
910 785
910 1150
911 785
911 1150
912 785
912 1150
913 785
913 1151
914 784
914 1151
915 784
915 1151
916 784
916 1151
917 783
917 1151
918 783
918 1152
919 783
919 1152
920 783
920 1152
921 783
921 1152
922 782
922 1152
923 782
923 1152
924 782
924 1153
925 782
925 1153
926 782
926 1153
927 782
927 1153
928 782
928 1153
929 782
929 1153
930 782
930 1153
931 782
931 1153
932 782
932 1154
933 782
933 1155
934 781
934 1155
935 781
935 1155
936 781
936 1155
937 781
937 1155
938 781
938 1155
939 781
939 1155
940 781
940 1155
941 781
941 1155
942 780
942 1155
943 780
943 1155
944 780
944 1155
945 780
945 1155
946 780
946 1155
947 780
947 1155
948 780
948 1155
949 780
949 1155
950 780
950 1155
951 780
951 1155
952 779
952 1155
953 779
953 1155
954 779
954 1155
955 779
955 1155
956 779
956 1155
957 779
957 1155
958 779
958 1155
959 779
959 1155
960 779
960 1155
961 779
961 1155
962 779
962 1155
963 779
963 1155
964 779
964 1155
965 779
965 1155
966 779
966 1155
967 779
967 1155
968 779
968 1155
969 779
969 1155
970 779
970 1155
971 779
971 1155
972 779
972 1155
973 779
973 1155
974 779
974 1155
975 779
975 1155
976 779
976 1154
977 779
977 1154
978 779
978 1154
979 779
979 1154
980 779
980 1154
981 779
981 1154
982 779
982 1154
983 779
983 1154
984 779
984 1154
985 780
985 1154
986 780
986 1154
987 780
987 1154
988 780
988 1154
989 780
989 1154
990 780
990 1154
991 780
991 1154
992 780
992 1153
993 781
993 1153
994 781
994 1153
995 781
995 1153
996 781
996 1153
997 781
997 1153
998 781
998 1153
999 781
999 1153
1000 781
1000 1153
1001 782
1001 1153
1002 782
1002 1152
1003 782
1003 1152
1004 782
1004 1152
1005 782
1005 1152
1006 783
1006 1152
1007 783
1007 1152
1008 783
1008 1151
1009 784
1009 1150
1010 784
1010 1150
1011 784
1011 1150
1012 785
1012 1150
1013 785
1013 1149
1014 785
1014 1149
1015 785
1015 1149
1016 786
1016 1149
1017 786
1017 1148
1018 786
1018 1148
1019 787
1019 1148
1020 787
1020 1147
1021 787
1021 1147
1022 787
1022 1147
1023 788
1023 1146
1024 788
1024 1146
1025 788
1025 1146
1026 789
1026 1145
1027 789
1027 1145
1028 789
1028 1145
1029 790
1029 1144
1030 790
1030 1144
1031 790
1031 1143
1032 791
1032 1143
1033 791
1033 1143
1034 791
1034 1142
1035 791
1035 1142
1036 792
1036 1142
1037 792
1037 1141
1038 793
1038 1141
1039 793
1039 1141
1040 793
1040 1140
1041 794
1041 1140
1042 794
1042 1139
1043 795
1043 1139
1044 795
1044 1138
1045 796
1045 1138
1046 796
1046 1138
1047 796
1047 1137
1048 797
1048 1137
1049 797
1049 1136
1050 798
1050 1136
1051 798
1051 1135
1052 799
1052 1134
1053 799
1053 1134
1054 800
1054 1133
1055 800
1055 1133
1056 801
1056 1132
1057 802
1057 1132
1058 802
1058 1131
1059 803
1059 1130
1060 803
1060 1130
1061 804
1061 805
1061 1129
1062 806
1062 1129
1063 806
1063 1128
1064 807
1064 1127
1065 808
1065 1126
1066 808
1066 1126
1067 809
1067 1125
1068 809
1068 1124
1069 810
1069 1124
1070 811
1070 1123
1071 811
1071 1123
1072 812
1072 1122
1073 812
1073 1121
1074 812
1074 1121
1075 813
1075 1120
1076 814
1076 1120
1077 814
1077 1119
1078 815
1078 1118
1079 816
1079 1118
1080 817
1080 1117
1081 817
1081 1116
1082 818
1082 1115
1083 819
1083 1115
1084 820
1084 1114
1085 820
1085 1113
1086 821
1086 1112
1087 822
1087 1112
1088 823
1088 1110
1088 1111
1089 824
1089 1109
1090 825
1090 1108
1091 826
1091 1107
1092 827
1092 1106
1093 828
1093 1105
1094 829
1094 1104
1095 830
1095 1103
1096 831
1096 1102
1097 831
1097 1101
1098 832
1098 1100
1099 833
1099 1100
1100 834
1100 1099
1101 835
1101 1098
1102 836
1102 1097
1103 837
1103 1096
1104 838
1104 1095
1105 839
1105 1094
1106 840
1106 1093
1107 841
1107 842
1107 1092
1108 843
1108 1091
1109 844
1109 1090
1110 845
1110 1088
1110 1089
1111 846
1111 1087
1112 847
1112 1086
1113 848
1113 1085
1114 849
1114 1084
1115 850
1115 1083
1116 851
1116 1082
1117 852
1117 1080
1117 1081
1118 853
1118 854
1118 1079
1119 855
1119 1078
1120 856
1120 857
1120 1077
1121 858
1121 1075
1121 1076
1122 859
1122 860
1122 1074
1123 861
1123 1073
1124 862
1124 863
1124 1071
1124 1072
1125 864
1125 1070
1126 865
1126 866
1126 1069
1127 867
1127 1068
1128 868
1128 869
1128 1067
1129 870
1129 1065
1129 1066
1130 871
1130 872
1130 1064
1131 873
1131 1062
1131 1063
1132 874
1132 875
1132 1061
1133 876
1133 1060
1134 877
1134 878
1134 1058
1134 1059
1135 879
1135 1057
1136 880
1136 881
1136 1055
1136 1056
1137 882
1137 883
1137 1053
1137 1054
1138 884
1138 885
1138 1050
1138 1051
1138 1052
1139 886
1139 887
1139 1048
1139 1049
1140 888
1140 889
1140 1046
1140 1047
1141 890
1141 891
1141 1043
1141 1044
1141 1045
1142 892
1142 893
1142 1041
1142 1042
1143 894
1143 895
1143 896
1143 1039
1143 1040
1144 897
1144 898
1144 899
1144 1036
1144 1037
1144 1038
1145 900
1145 901
1145 1033
1145 1034
1145 1035
1146 902
1146 903
1146 904
1146 1030
1146 1031
1146 1032
1147 905
1147 906
1147 1027
1147 1028
1147 1029
1148 907
1148 908
1148 1024
1148 1025
1148 1026
1149 909
1149 910
1149 911
1149 1018
1149 1021
1149 1022
1149 1023
1150 912
1150 913
1150 914
1150 1017
1150 1019
1150 1020
1151 915
1151 916
1151 917
1151 1008
1151 1009
1151 1011
1151 1014
1151 1015
1151 1016
1152 918
1152 919
1152 920
1152 922
1152 923
1152 924
1152 1003
1152 1004
1152 1007
1152 1010
1152 1012
1152 1013
1153 921
1153 925
1153 928
1153 929
1153 998
1153 999
1153 1002
1153 1005
1153 1006
1154 926
1154 927
1154 930
1154 933
1154 934
1154 935
1154 938
1154 939
1154 940
1154 941
1154 942
1154 992
1154 993
1154 994
1154 995
1154 997
1154 1000
1154 1001
1155 931
1155 932
1155 936
1155 937
1155 943
1155 946
1155 947
1155 948
1155 949
1155 985
1155 986
1155 987
1155 988
1155 991
1155 996
1156 944
1156 945
1156 950
1156 952
1156 953
1156 954
1156 955
1156 956
1156 957
1156 958
1156 959
1156 960
1156 961
1156 962
1156 963
1156 964
1156 965
1156 966
1156 967
1156 968
1156 969
1156 970
1156 971
1156 972
1156 973
1156 974
1156 975
1156 976
1156 977
1156 978
1156 979
1156 980
1156 984
1156 989
1156 990
1157 951
1157 981
1157 982
1157 983
