735 1163
735 1178
736 1148
736 1162
736 1164
736 1165
736 1166
736 1167
736 1168
736 1169
736 1170
736 1171
736 1172
736 1173
736 1174
736 1175
736 1176
736 1177
736 1179
736 1191
737 1144
737 1147
737 1149
737 1150
737 1151
737 1152
737 1153
737 1154
737 1155
737 1156
737 1157
737 1158
737 1159
737 1160
737 1161
737 1180
737 1181
737 1182
737 1183
737 1184
737 1185
737 1186
737 1187
737 1188
737 1189
737 1190
737 1192
737 1195
737 1196
738 1139
738 1140
738 1143
738 1145
738 1146
738 1193
738 1194
738 1197
738 1200
738 1201
739 1134
739 1135
739 1138
739 1141
739 1142
739 1198
739 1199
739 1202
739 1204
739 1205
740 1131
740 1132
740 1133
740 1136
740 1137
740 1203
740 1206
740 1207
740 1208
741 1128
741 1129
741 1130
741 1209
741 1210
741 1211
742 1125
742 1126
742 1127
742 1212
742 1213
742 1214
743 1121
743 1122
743 1123
743 1124
743 1215
743 1216
743 1217
744 1119
744 1120
744 1218
745 1117
745 1118
745 1219
745 1220
745 1221
746 1115
746 1116
746 1222
746 1223
747 1113
747 1114
747 1224
747 1225
748 1111
748 1112
748 1226
748 1227
748 1228
749 1109
749 1110
749 1229
749 1230
749 1231
750 1108
750 1232
750 1233
751 1106
751 1107
751 1234
751 1235
752 1104
752 1105
752 1236
752 1237
753 1103
753 1238
753 1239
754 1101
754 1102
754 1240
754 1241
755 1099
755 1100
755 1242
755 1243
756 1096
756 1097
756 1098
756 1244
757 1094
757 1095
757 1245
758 1092
758 1093
758 1246
758 1247
759 1090
759 1091
759 1248
760 1088
760 1089
760 1249
760 1250
761 1086
761 1087
761 1251
762 1084
762 1085
762 1252
762 1253
763 1083
763 1254
763 1255
764 1082
764 1256
764 1257
765 1080
765 1081
765 1258
765 1259
766 1079
766 1260
767 1077
767 1078
767 1261
767 1262
768 1076
768 1263
769 1074
769 1075
769 1264
769 1265
770 1073
770 1266
771 1071
771 1072
771 1267
771 1268
772 1070
772 1269
773 1069
773 1270
774 1067
774 1068
774 1271
775 1066
775 1272
776 1065
776 1273
777 1064
777 1274
777 1275
778 1062
778 1063
778 1276
779 1061
779 1276
780 1060
780 1277
781 1059
781 1278
782 1058
782 1279
783 1057
783 1280
784 1056
784 1281
785 1055
785 1282
786 1054
786 1283
787 1053
787 1284
788 1052
788 1285
789 1050
789 1051
789 1286
790 1049
790 1287
791 1048
791 1288
792 1048
792 1289
793 1047
793 1290
794 1046
794 1290
795 1045
795 1291
796 1044
796 1292
797 1043
797 1293
798 1042
798 1293
799 1041
799 1293
800 1041
800 1294
801 1040
801 1295
802 1039
802 1296
803 1038
803 1296
804 1037
804 1297
805 1037
805 1298
806 1036
806 1298
807 1035
807 1299
808 1034
808 1300
809 1033
809 1300
810 1033
810 1300
811 1032
811 1301
812 1032
812 1302
813 1031
813 1302
814 1030
814 1303
815 1029
815 1304
816 1029
816 1304
817 1028
817 1305
818 1027
818 1305
819 1027
819 1306
820 1026
820 1306
821 1025
821 1307
822 1025
822 1308
823 1024
823 1309
824 1023
824 1309
825 1023
825 1310
826 1022
826 1310
827 1022
827 1311
828 1021
828 1311
829 1021
829 1312
830 1020
830 1312
831 1020
831 1312
832 1019
832 1312
833 1019
833 1313
834 1018
834 1314
835 1017
835 1314
836 1016
836 1314
837 1016
837 1315
838 1016
838 1315
839 1015
839 1315
840 1015
840 1315
841 1014
841 1316
842 1014
842 1316
843 1014
843 1316
844 1013
844 1316
845 1013
845 1317
846 1012
846 1317
847 1012
847 1317
848 1012
848 1318
849 1012
849 1318
850 1011
850 1318
851 1011
851 1319
852 1011
852 1319
853 1011
853 1319
854 1010
854 1319
855 1010
855 1319
856 1010
856 1319
857 1010
857 1320
858 1009
858 1320
859 1009
859 1320
860 1009
860 1320
861 1009
861 1320
862 1009
862 1320
863 1008
863 1320
864 1008
864 1320
865 1008
865 1320
866 1008
866 1320
867 1007
867 1320
868 1007
868 1321
869 1007
869 1322
870 1006
870 1322
871 1006
871 1322
872 1006
872 1322
873 1005
873 1322
874 1005
874 1323
875 1005
875 1323
876 1005
876 1323
877 1004
877 1323
878 1004
878 1323
879 1004
879 1323
880 1004
880 1324
881 1004
881 1324
882 1003
882 1324
883 1003
883 1324
884 1003
884 1324
885 1003
885 1324
886 1003
886 1324
887 1003
887 1324
888 1002
888 1324
889 1002
889 1324
890 1002
890 1324
891 1002
891 1324
892 1002
892 1325
893 1002
893 1325
894 1002
894 1325
895 1002
895 1325
896 1002
896 1325
897 1002
897 1325
898 1002
898 1325
899 1002
899 1325
900 1002
900 1325
901 1002
901 1325
902 1001
902 1325
903 1001
903 1325
904 1001
904 1325
905 1001
905 1325
906 1001
906 1325
907 1001
907 1325
908 1001
908 1325
909 1001
909 1325
910 1001
910 1325
911 1001
911 1325
912 1001
912 1325
913 1001
913 1325
914 1001
914 1325
915 1001
915 1325
916 1001
916 1325
917 1001
917 1325
918 1001
918 1325
919 1001
919 1325
920 1001
920 1325
921 1001
921 1325
922 1001
922 1325
923 1001
923 1325
924 1001
924 1325
925 1001
925 1325
926 1001
926 1325
927 1001
927 1325
928 1001
928 1325
929 1001
929 1325
930 1001
930 1325
931 1001
931 1325
932 1001
932 1325
933 1001
933 1325
934 1001
934 1325
935 1001
935 1325
936 1001
936 1325
937 1002
937 1325
938 1002
938 1324
939 1002
939 1323
940 1002
940 1323
941 1002
941 1323
942 1003
942 1323
943 1003
943 1323
944 1003
944 1323
945 1003
945 1323
946 1003
946 1323
947 1003
947 1323
948 1003
948 1322
949 1004
949 1322
950 1004
950 1322
951 1004
951 1322
952 1004
952 1322
953 1004
953 1322
954 1004
954 1322
955 1004
955 1322
956 1005
956 1321
957 1005
957 1321
958 1005
958 1321
959 1006
959 1321
960 1006
960 1321
961 1006
961 1321
962 1006
962 1320
963 1007
963 1319
964 1007
964 1319
965 1007
965 1319
966 1007
966 1319
967 1008
967 1319
968 1008
968 1318
969 1008
969 1318
970 1008
970 1318
971 1009
971 1317
972 1009
972 1317
973 1009
973 1317
974 1010
974 1316
975 1010
975 1316
976 1010
976 1315
977 1011
977 1315
978 1011
978 1315
979 1012
979 1314
980 1012
980 1314
981 1012
981 1313
982 1013
982 1313
983 1013
983 1313
984 1014
984 1312
985 1014
985 1311
986 1015
986 1311
987 1015
987 1310
988 1015
988 1310
989 1016
989 1310
990 1016
990 1309
991 1017
991 1309
992 1017
992 1308
993 1017
993 1308
994 1018
994 1307
995 1018
995 1307
996 1018
996 1307
997 1019
997 1306
998 1019
998 1306
999 1020
999 1305
1000 1020
1000 1304
1001 1021
1001 1304
1002 1021
1002 1303
1003 1022
1003 1303
1004 1022
1004 1302
1005 1023
1005 1302
1006 1023
1006 1301
1007 1024
1007 1300
1008 1024
1008 1300
1009 1025
1009 1299
1010 1025
1010 1298
1011 1026
1011 1298
1012 1026
1012 1297
1013 1027
1013 1296
1014 1027
1014 1296
1015 1028
1015 1295
1016 1028
1016 1295
1017 1029
1017 1294
1018 1030
1018 1293
1019 1030
1019 1293
1020 1031
1020 1292
1021 1032
1021 1291
1022 1032
1022 1291
1023 1033
1023 1290
1024 1034
1024 1289
1025 1034
1025 1289
1026 1035
1026 1288
1027 1035
1027 1287
1028 1036
1028 1286
1029 1037
1029 1285
1030 1037
1030 1284
1031 1038
1031 1284
1032 1039
1032 1283
1033 1039
1033 1282
1034 1040
1034 1281
1035 1040
1035 1280
1036 1041
1036 1280
1037 1042
1037 1279
1038 1042
1038 1278
1039 1043
1039 1277
1040 1044
1040 1277
1041 1044
1041 1276
1042 1045
1042 1275
1043 1046
1043 1274
1044 1046
1044 1273
1045 1047
1045 1271
1045 1272
1046 1048
1046 1270
1047 1049
1047 1269
1048 1050
1048 1268
1049 1051
1049 1268
1050 1052
1050 1267
1051 1053
1051 1266
1052 1054
1052 1265
1053 1055
1053 1264
1054 1056
1054 1263
1055 1057
1055 1263
1056 1057
1056 1262
1057 1058
1057 1261
1058 1059
1058 1260
1059 1060
1059 1259
1060 1061
1060 1258
1061 1062
1061 1257
1062 1063
1062 1256
1063 1064
1063 1256
1064 1064
1064 1255
1065 1065
1065 1254
1066 1066
1066 1253
1067 1066
1067 1252
1068 1067
1068 1252
1069 1068
1069 1251
1070 1069
1070 1250
1071 1070
1071 1249
1072 1071
1072 1248
1073 1072
1073 1247
1074 1073
1074 1246
1075 1074
1075 1245
1076 1075
1076 1244
1077 1076
1077 1242
1077 1243
1078 1077
1078 1078
1078 1241
1079 1079
1079 1240
1080 1080
1080 1239
1081 1081
1081 1082
1081 1238
1082 1083
1082 1237
1083 1084
1083 1236
1084 1085
1084 1235
1085 1086
1085 1087
1085 1233
1085 1234
1086 1088
1086 1232
1087 1089
1087 1090
1087 1231
1088 1091
1088 1092
1088 1229
1088 1230
1089 1093
1089 1228
1090 1094
1090 1095
1090 1227
1091 1096
1091 1225
1091 1226
1092 1097
1092 1098
1092 1224
1093 1099
1093 1222
1093 1223
1094 1100
1094 1101
1094 1219
1094 1220
1094 1221
1095 1102
1095 1217
1095 1218
1096 1103
1096 1104
1096 1216
1097 1105
1097 1106
1097 1214
1097 1215
1098 1107
1098 1108
1098 1212
1098 1213
1099 1109
1099 1110
1099 1210
1099 1211
1100 1111
1100 1112
1100 1208
1100 1209
1101 1113
1101 1114
1101 1207
1102 1115
1102 1116
1102 1205
1102 1206
1103 1117
1103 1118
1103 1202
1103 1203
1103 1204
1104 1119
1104 1120
1104 1121
1104 1199
1104 1200
1104 1201
1105 1122
1105 1123
1105 1124
1105 1191
1105 1193
1105 1196
1105 1197
1105 1198
1106 1125
1106 1126
1106 1127
1106 1187
1106 1190
1106 1192
1106 1194
1106 1195
1107 1128
1107 1129
1107 1132
1107 1133
1107 1183
1107 1186
1107 1188
1107 1189
1108 1130
1108 1131
1108 1134
1108 1136
1108 1137
1108 1179
1108 1182
1108 1184
1108 1185
1109 1135
1109 1138
1109 1140
1109 1141
1109 1172
1109 1173
1109 1174
1109 1175
1109 1176
1109 1178
1109 1180
1109 1181
1110 1139
1110 1142
1110 1144
1110 1164
1110 1165
1110 1166
1110 1167
1110 1168
1110 1171
1110 1177
1111 1143
1111 1145
1111 1147
1111 1148
1111 1149
1111 1150
1111 1151
1111 1152
1111 1153
1111 1154
1111 1155
1111 1156
1111 1157
1111 1158
1111 1159
1111 1160
1111 1161
1111 1163
1111 1169
1111 1170
1112 1146
1112 1162
