677 1176
678 1157
678 1158
678 1175
678 1177
678 1194
678 1195
679 1151
679 1152
679 1156
679 1159
679 1160
679 1161
679 1162
679 1163
679 1164
679 1165
679 1166
679 1167
679 1168
679 1169
679 1170
679 1171
679 1172
679 1173
679 1174
679 1178
679 1179
679 1180
679 1181
679 1182
679 1183
679 1184
679 1185
679 1186
679 1187
679 1188
679 1189
679 1190
679 1191
679 1192
679 1193
679 1196
679 1207
679 1208
680 1145
680 1146
680 1150
680 1153
680 1154
680 1155
680 1197
680 1198
680 1199
680 1200
680 1201
680 1202
680 1203
680 1204
680 1205
680 1206
680 1209
680 1214
681 1139
681 1144
681 1147
681 1148
681 1149
681 1210
681 1211
681 1212
681 1213
681 1215
681 1217
681 1218
682 1133
682 1134
682 1138
682 1140
682 1141
682 1142
682 1143
682 1216
682 1219
682 1221
682 1222
683 1128
683 1129
683 1132
683 1135
683 1136
683 1137
683 1220
683 1223
683 1225
683 1226
684 1123
684 1124
684 1127
684 1130
684 1131
684 1224
684 1227
684 1228
684 1229
685 1121
685 1122
685 1125
685 1126
685 1230
685 1231
686 1117
686 1118
686 1120
686 1232
686 1233
686 1234
687 1114
687 1115
687 1116
687 1119
687 1235
687 1236
688 1111
688 1112
688 1113
688 1237
688 1238
689 1108
689 1109
689 1110
689 1239
689 1240
690 1105
690 1106
690 1107
690 1241
690 1242
691 1103
691 1104
691 1243
691 1244
692 1100
692 1101
692 1102
692 1245
692 1246
693 1098
693 1099
693 1247
693 1248
694 1095
694 1096
694 1097
694 1249
694 1250
695 1093
695 1094
695 1251
695 1252
696 1090
696 1091
696 1092
696 1253
696 1254
697 1085
697 1087
697 1088
697 1089
697 1255
698 1083
698 1084
698 1086
698 1256
698 1257
699 1081
699 1082
699 1258
699 1259
700 1079
700 1080
700 1260
701 1077
701 1078
701 1261
701 1262
702 1075
702 1076
702 1263
702 1264
703 1073
703 1074
703 1265
703 1266
704 1071
704 1072
704 1267
705 1069
705 1070
705 1268
706 1068
706 1269
706 1270
707 1066
707 1067
707 1271
708 1065
708 1272
709 1063
709 1064
709 1273
709 1274
710 1062
710 1275
711 1061
711 1276
712 1059
712 1060
712 1277
712 1278
713 1058
713 1279
714 1056
714 1057
714 1280
714 1281
715 1055
715 1282
716 1054
716 1283
717 1052
717 1053
717 1284
718 1051
718 1285
718 1286
719 1050
719 1287
720 1049
720 1288
721 1047
721 1048
721 1289
722 1046
722 1290
723 1045
723 1291
723 1292
724 1044
724 1293
725 1043
725 1294
726 1041
726 1042
726 1295
727 1040
727 1296
728 1039
728 1297
729 1038
729 1298
730 1037
730 1299
731 1036
731 1300
732 1035
732 1301
733 1034
733 1302
734 1033
734 1303
735 1032
735 1304
735 1305
736 1031
736 1306
737 1030
737 1307
738 1029
738 1308
739 1028
739 1309
740 1027
740 1310
741 1026
741 1311
742 1026
742 1312
743 1025
743 1313
744 1024
744 1314
745 1024
745 1315
746 1023
746 1316
747 1022
747 1317
748 1021
748 1318
749 1020
749 1319
750 1019
750 1320
751 1019
751 1321
752 1018
752 1322
753 1017
753 1323
754 1016
754 1324
755 1015
755 1325
756 1014
756 1326
757 1013
757 1327
758 1012
758 1328
759 1011
759 1329
760 1011
760 1330
761 1010
761 1331
762 1009
762 1332
763 1008
763 1333
764 1008
764 1334
765 1007
765 1335
766 1006
766 1336
767 1005
767 1337
768 1004
768 1338
769 1004
769 1339
770 1003
770 1340
771 1003
771 1341
772 1002
772 1342
773 1002
773 1342
774 1001
774 1343
775 1000
775 1344
776 1000
776 1344
777 999
777 1345
778 999
778 1346
779 998
779 1346
780 997
780 1347
781 997
781 1348
782 996
782 1348
783 996
783 1349
784 995
784 1350
785 995
785 1350
786 994
786 1351
787 994
787 1351
788 993
788 1351
789 993
789 1352
790 992
790 1353
791 992
791 1353
792 992
792 1354
793 991
793 1354
794 991
794 1355
795 990
795 1356
796 990
796 1356
797 989
797 1357
798 989
798 1357
799 989
799 1358
800 988
800 1359
801 988
801 1359
802 987
802 1360
803 987
803 1361
804 987
804 1361
805 986
805 1362
806 986
806 1362
807 985
807 1363
808 985
808 1363
809 985
809 1364
810 984
810 1364
811 984
811 1365
812 984
812 1365
813 983
813 1366
814 983
814 1366
815 983
815 1367
816 982
816 1367
817 982
817 1367
818 982
818 1368
819 981
819 1368
820 981
820 1368
821 981
821 1369
822 980
822 1369
823 980
823 1369
824 980
824 1370
825 979
825 1370
826 979
826 1370
827 979
827 1371
828 978
828 1371
829 978
829 1371
830 978
830 1372
831 977
831 1372
832 977
832 1372
833 976
833 1372
834 976
834 1373
835 975
835 1373
836 975
836 1373
837 975
837 1374
838 975
838 1374
839 974
839 1374
840 974
840 1375
841 974
841 1375
842 974
842 1375
843 973
843 1375
844 973
844 1376
845 973
845 1376
846 973
846 1376
847 972
847 1376
848 972
848 1376
849 972
849 1377
850 972
850 1378
851 972
851 1378
852 971
852 1378
853 971
853 1378
854 971
854 1378
855 971
855 1378
856 970
856 1378
857 970
857 1378
858 970
858 1379
859 970
859 1379
860 970
860 1379
861 969
861 1379
862 969
862 1379
863 969
863 1379
864 969
864 1379
865 968
865 1379
866 968
866 1379
867 968
867 1379
868 968
868 1379
869 968
869 1379
870 968
870 1379
871 968
871 1379
872 968
872 1379
873 968
873 1379
874 968
874 1379
875 968
875 1379
876 968
876 1379
877 968
877 1379
878 968
878 1379
879 968
879 1379
880 968
880 1379
881 968
881 1379
882 968
882 1379
883 968
883 1379
884 968
884 1379
885 968
885 1379
886 968
886 1379
887 968
887 1379
888 968
888 1379
889 968
889 1379
890 968
890 1379
891 968
891 1379
892 968
892 1379
893 968
893 1379
894 968
894 1379
895 968
895 1379
896 967
896 1379
897 967
897 1380
898 967
898 1380
899 967
899 1380
900 967
900 1380
901 967
901 1380
902 967
902 1380
903 967
903 1380
904 967
904 1380
905 967
905 1380
906 967
906 1380
907 967
907 1380
908 967
908 1380
909 967
909 1380
910 967
910 1380
911 967
911 1380
912 967
912 1380
913 967
913 1380
914 967
914 1380
915 967
915 1380
916 967
916 1380
917 967
917 1380
918 968
918 1380
919 968
919 1380
920 968
920 1380
921 968
921 1380
922 968
922 1380
923 968
923 1379
924 968
924 1379
925 968
925 1379
926 968
926 1379
927 968
927 1379
928 968
928 1379
929 968
929 1379
930 969
930 1379
931 969
931 1378
932 969
932 1378
933 969
933 1378
934 969
934 1378
935 969
935 1378
936 969
936 1377
937 969
937 1377
938 969
938 1377
939 969
939 1377
940 969
940 1376
941 969
941 1376
942 969
942 1376
943 969
943 1376
944 970
944 1375
945 970
945 1375
946 970
946 1375
947 970
947 1375
948 970
948 1374
949 970
949 1374
950 970
950 1374
951 970
951 1373
952 970
952 1373
953 971
953 1373
954 971
954 1372
955 971
955 1372
956 971
956 1372
957 971
957 1371
958 972
958 1371
959 972
959 1371
960 972
960 1370
961 972
961 1370
962 972
962 1370
963 973
963 1369
964 973
964 1368
965 973
965 1368
966 974
966 1367
967 974
967 1367
968 975
968 1367
969 975
969 1366
970 975
970 1366
971 976
971 1365
972 976
972 1365
973 977
973 1364
974 977
974 1364
975 977
975 1363
976 978
976 1363
977 978
977 1363
978 979
978 1362
979 979
979 1362
980 980
980 1362
981 980
981 1361
982 981
982 1361
983 981
983 1360
984 982
984 1360
985 982
985 1359
986 982
986 1359
987 983
987 1358
988 983
988 1358
989 984
989 1357
990 984
990 1357
991 985
991 1356
992 985
992 1355
993 985
993 1355
994 985
994 1354
995 986
995 1354
996 986
996 1353
997 987
997 1353
998 987
998 1352
999 987
999 1351
1000 988
1000 1351
1001 988
1001 1350
1002 989
1002 1350
1003 989
1003 1349
1004 989
1004 1349
1005 990
1005 1348
1006 990
1006 1347
1007 991
1007 1347
1008 992
1008 1346
1009 992
1009 1345
1010 993
1010 1345
1011 993
1011 1344
1012 993
1012 1343
1013 994
1013 1343
1014 994
1014 1342
1015 995
1015 1341
1016 995
1016 1341
1017 995
1017 1340
1018 996
1018 1339
1019 996
1019 1338
1020 997
1020 1337
1021 997
1021 1337
1022 997
1022 1336
1023 998
1023 1335
1024 998
1024 1334
1025 998
1025 1334
1026 999
1026 1333
1027 999
1027 1332
1028 1000
1028 1331
1029 1000
1029 1331
1030 1000
1030 1330
1031 1001
1031 1329
1032 1001
1032 1329
1033 1002
1033 1328
1034 1002
1034 1327
1035 1003
1035 1326
1036 1003
1036 1325
1037 1003
1037 1325
1038 1004
1038 1324
1039 1004
1039 1323
1040 1005
1040 1322
1041 1005
1041 1322
1042 1006
1042 1321
1043 1006
1043 1320
1044 1007
1044 1320
1045 1007
1045 1319
1046 1008
1046 1318
1047 1009
1047 1317
1048 1009
1048 1316
1049 1010
1049 1315
1050 1010
1050 1315
1051 1011
1051 1314
1052 1011
1052 1312
1052 1313
1053 1012
1053 1311
1054 1013
1054 1310
1055 1014
1055 1310
1056 1015
1056 1309
1057 1015
1057 1308
1058 1016
1058 1307
1059 1017
1059 1306
1060 1017
1060 1305
1061 1018
1061 1305
1062 1019
1062 1304
1063 1019
1063 1303
1064 1020
1064 1302
1065 1021
1065 1301
1066 1022
1066 1300
1067 1022
1067 1299
1068 1023
1068 1299
1069 1024
1069 1298
1070 1025
1070 1297
1071 1026
1071 1296
1072 1026
1072 1295
1073 1027
1073 1295
1074 1028
1074 1294
1075 1029
1075 1293
1076 1030
1076 1293
1077 1030
1077 1292
1078 1031
1078 1291
1079 1032
1079 1290
1080 1033
1080 1290
1081 1033
1081 1289
1082 1033
1082 1288
1083 1034
1083 1287
1084 1035
1084 1286
1085 1036
1085 1285
1086 1037
1086 1285
1087 1037
1087 1284
1088 1038
1088 1283
1089 1039
1089 1282
1090 1040
1090 1281
1091 1041
1091 1280
1092 1042
1092 1280
1093 1042
1093 1279
1094 1043
1094 1278
1095 1044
1095 1045
1095 1277
1096 1046
1096 1276
1097 1047
1097 1276
1098 1048
1098 1275
1099 1049
1099 1274
1100 1050
1100 1273
1101 1051
1101 1272
1102 1052
1102 1271
1103 1053
1103 1271
1104 1054
1104 1270
1105 1055
1105 1269
1106 1056
1106 1268
1107 1057
1107 1267
1108 1058
1108 1266
1109 1059
1109 1266
1110 1060
1110 1265
1111 1061
1111 1264
1112 1062
1112 1063
1112 1263
1113 1064
1113 1262
1114 1065
1114 1261
1115 1066
1115 1260
1116 1067
1116 1260
1117 1068
1117 1069
1117 1258
1117 1259
1118 1070
1118 1257
1119 1071
1119 1256
1120 1072
1120 1255
1121 1073
1121 1074
1121 1254
1122 1075
1122 1076
1122 1253
1123 1077
1123 1078
1123 1251
1123 1252
1124 1079
1124 1080
1124 1250
1125 1081
1125 1082
1125 1249
1126 1083
1126 1084
1126 1248
1127 1085
1127 1086
1127 1247
1128 1087
1128 1088
1128 1245
1128 1246
1129 1089
1129 1090
1129 1244
1130 1091
1130 1092
1130 1242
1130 1243
1131 1093
1131 1094
1131 1241
1132 1095
1132 1096
1132 1240
1133 1097
1133 1098
1133 1238
1133 1239
1134 1099
1134 1100
1134 1237
1135 1101
1135 1102
1135 1235
1135 1236
1136 1103
1136 1104
1136 1105
1136 1106
1136 1234
1137 1107
1137 1108
1137 1233
1138 1109
1138 1110
1138 1231
1138 1232
1139 1111
1139 1112
1139 1113
1139 1229
1139 1230
1140 1114
1140 1115
1140 1226
1140 1227
1140 1228
1141 1116
1141 1117
1141 1224
1141 1225
1142 1118
1142 1119
1142 1221
1142 1222
1142 1223
1143 1120
1143 1121
1143 1123
1143 1219
1143 1220
1144 1122
1144 1124
1144 1127
1144 1216
1144 1217
1144 1218
1145 1125
1145 1126
1145 1128
1145 1131
1145 1210
1145 1211
1145 1212
1145 1214
1145 1215
1146 1129
1146 1130
1146 1132
1146 1135
1146 1205
1146 1206
1146 1209
1146 1213
1147 1133
1147 1134
1147 1136
1147 1140
1147 1141
1147 1200
1147 1201
1147 1204
1147 1207
1147 1208
1148 1137
1148 1138
1148 1139
1148 1142
1148 1145
1148 1146
1148 1189
1148 1190
1148 1191
1148 1192
1148 1193
1148 1195
1148 1196
1148 1199
1148 1202
1148 1203
1149 1143
1149 1144
1149 1147
1149 1150
1149 1151
1149 1181
1149 1182
1149 1183
1149 1184
1149 1185
1149 1188
1149 1194
1149 1197
1149 1198
1150 1148
1150 1149
1150 1152
1150 1155
1150 1156
1150 1157
1150 1158
1150 1159
1150 1160
1150 1161
1150 1162
1150 1163
1150 1164
1150 1165
1150 1166
1150 1167
1150 1168
1150 1169
1150 1170
1150 1171
1150 1172
1150 1173
1150 1174
1150 1176
1150 1177
1150 1180
1150 1186
1150 1187
1151 1153
1151 1154
1151 1175
1151 1178
1151 1179
