862 981
862 982
863 968
863 970
863 971
863 980
863 983
863 995
864 959
864 960
864 967
864 969
864 972
864 973
864 974
864 975
864 976
864 977
864 978
864 979
864 984
864 985
864 986
864 987
864 988
864 989
864 990
864 991
864 992
864 993
864 994
864 996
864 1004
864 1009
865 954
865 958
865 961
865 962
865 963
865 964
865 965
865 966
865 997
865 998
865 999
865 1000
865 1001
865 1002
865 1003
865 1005
865 1006
865 1007
865 1008
865 1010
865 1016
865 1017
866 949
866 950
866 953
866 955
866 956
866 957
866 1011
866 1012
866 1013
866 1014
866 1015
866 1018
866 1022
867 940
867 944
867 945
867 948
867 951
867 952
867 1019
867 1020
867 1021
867 1023
867 1025
867 1026
868 937
868 938
868 939
868 941
868 942
868 943
868 946
868 947
868 1024
868 1027
868 1028
868 1029
869 933
869 934
869 936
869 1030
869 1031
869 1032
870 930
870 931
870 932
870 935
870 1033
870 1035
871 928
871 929
871 1034
871 1036
871 1037
871 1038
872 925
872 926
872 927
872 1039
872 1040
872 1041
873 922
873 923
873 924
873 1042
873 1043
873 1044
874 918
874 919
874 921
874 1045
874 1046
874 1047
874 1048
875 915
875 916
875 917
875 920
875 1049
875 1050
875 1051
876 913
876 914
876 1052
876 1053
877 911
877 912
877 1054
877 1055
878 908
878 909
878 910
878 1056
878 1057
879 906
879 907
879 1058
879 1059
879 1060
880 904
880 905
880 1061
881 903
881 1062
881 1063
882 901
882 902
882 1064
882 1065
883 900
883 1066
884 898
884 899
884 1067
884 1068
885 897
885 1069
885 1070
886 895
886 896
886 1071
887 894
887 1072
888 893
888 1073
888 1074
889 891
889 892
889 1075
889 1076
890 890
890 1077
891 888
891 889
891 1078
891 1079
892 887
892 1080
892 1081
893 885
893 886
893 1082
894 884
894 1083
894 1084
895 882
895 883
895 1085
895 1086
896 881
896 1087
897 880
897 1088
897 1089
898 879
898 1090
899 878
899 1091
899 1092
900 876
900 877
900 1093
901 875
901 1094
902 874
902 1095
903 873
903 1096
903 1097
904 872
904 1098
905 870
905 871
905 1099
906 869
906 1100
907 868
907 1101
908 867
908 1102
909 866
909 1103
910 864
910 865
910 1104
911 863
911 1105
912 862
912 1106
913 861
913 1107
914 860
914 1108
915 859
915 1109
916 858
916 1110
917 857
917 1111
918 856
918 1112
919 855
919 1113
920 854
920 1114
921 853
921 1115
922 852
922 1116
923 851
923 1117
924 849
924 850
924 1118
925 848
925 1119
926 847
926 1120
927 846
927 1121
928 846
928 1121
929 845
929 1122
930 844
930 1123
931 843
931 1124
932 843
932 1124
933 842
933 1124
934 841
934 1125
935 840
935 1126
936 840
936 1126
937 839
937 1127
938 839
938 1128
939 838
939 1128
940 837
940 1129
941 837
941 1129
942 836
942 1130
943 835
943 1131
944 835
944 1131
945 834
945 1132
946 833
946 1133
947 833
947 1133
948 833
948 1134
949 832
949 1134
950 831
950 1135
951 831
951 1136
952 830
952 1136
953 829
953 1137
954 829
954 1137
955 828
955 1138
956 828
956 1138
957 827
957 1139
958 826
958 1139
959 825
959 1140
960 825
960 1140
961 825
961 1140
962 824
962 1141
963 824
963 1141
964 824
964 1141
965 823
965 1142
966 823
966 1142
967 823
967 1142
968 822
968 1142
969 822
969 1143
970 822
970 1144
971 822
971 1144
972 821
972 1144
973 821
973 1145
974 821
974 1145
975 820
975 1145
976 820
976 1146
977 820
977 1146
978 820
978 1146
979 819
979 1147
980 819
980 1147
981 819
981 1147
982 818
982 1148
983 818
983 1148
984 818
984 1148
985 817
985 1149
986 817
986 1149
987 816
987 1149
988 816
988 1150
989 816
989 1150
990 816
990 1150
991 815
991 1151
992 815
992 1151
993 815
993 1151
994 814
994 1151
995 814
995 1152
996 814
996 1152
997 813
997 1152
998 813
998 1153
999 813
999 1153
1000 813
1000 1153
1001 813
1001 1153
1002 813
1002 1154
1003 812
1003 1154
1004 812
1004 1154
1005 812
1005 1154
1006 812
1006 1154
1007 812
1007 1154
1008 812
1008 1155
1009 812
1009 1156
1010 812
1010 1156
1011 812
1011 1156
1012 812
1012 1157
1013 811
1013 1157
1014 811
1014 1157
1015 811
1015 1157
1016 811
1016 1158
1017 811
1017 1158
1018 811
1018 1158
1019 811
1019 1158
1020 811
1020 1158
1021 811
1021 1158
1022 811
1022 1159
1023 811
1023 1159
1024 810
1024 1159
1025 810
1025 1159
1026 810
1026 1159
1027 810
1027 1160
1028 810
1028 1160
1029 810
1029 1160
1030 810
1030 1160
1031 810
1031 1160
1032 810
1032 1160
1033 810
1033 1160
1034 810
1034 1160
1035 810
1035 1160
1036 810
1036 1160
1037 810
1037 1160
1038 810
1038 1160
1039 810
1039 1160
1040 810
1040 1160
1041 810
1041 1160
1042 810
1042 1160
1043 810
1043 1160
1044 810
1044 1160
1045 810
1045 1160
1046 810
1046 1160
1047 810
1047 1160
1048 811
1048 1160
1049 811
1049 1160
1050 811
1050 1160
1051 811
1051 1159
1052 811
1052 1159
1053 811
1053 1159
1054 811
1054 1159
1055 811
1055 1159
1056 811
1056 1159
1057 811
1057 1159
1058 811
1058 1159
1059 811
1059 1159
1060 812
1060 1159
1061 812
1061 1159
1062 812
1062 1159
1063 812
1063 1159
1064 812
1064 1159
1065 812
1065 1159
1066 812
1066 1159
1067 812
1067 1159
1068 812
1068 1159
1069 812
1069 1159
1070 813
1070 1159
1071 813
1071 1159
1072 813
1072 1159
1073 813
1073 1159
1074 813
1074 1159
1075 813
1075 1159
1076 814
1076 1159
1077 814
1077 1158
1078 815
1078 1158
1079 815
1079 1158
1080 815
1080 1158
1081 816
1081 1158
1082 816
1082 1158
1083 816
1083 1157
1084 817
1084 1157
1085 817
1085 1157
1086 817
1086 1157
1087 818
1087 1156
1088 819
1088 1156
1089 819
1089 1156
1090 820
1090 1155
1091 820
1091 1155
1092 820
1092 1155
1093 821
1093 1155
1094 821
1094 1154
1095 822
1095 1153
1096 822
1096 1153
1097 822
1097 1153
1098 823
1098 1152
1099 823
1099 1152
1100 824
1100 1151
1101 824
1101 1151
1102 824
1102 1151
1103 825
1103 1150
1104 825
1104 1150
1105 826
1105 1149
1106 826
1106 1149
1107 827
1107 1149
1108 827
1108 1148
1109 827
1109 1148
1110 828
1110 1148
1111 828
1111 1147
1112 829
1112 1147
1113 829
1113 1146
1114 829
1114 1146
1115 830
1115 1146
1116 830
1116 1145
1117 831
1117 1145
1118 832
1118 1144
1119 832
1119 1144
1120 833
1120 1143
1121 833
1121 1142
1122 834
1122 1142
1123 835
1123 1142
1124 835
1124 1141
1125 836
1125 1141
1126 837
1126 1140
1127 837
1127 1139
1128 838
1128 1139
1129 839
1129 1138
1130 839
1130 1138
1131 840
1131 1137
1132 841
1132 1137
1133 841
1133 1136
1134 842
1134 1136
1135 842
1135 1136
1136 843
1136 1135
1137 844
1137 1134
1138 845
1138 1134
1139 846
1139 1133
1140 846
1140 1132
1141 847
1141 1132
1142 848
1142 1131
1143 849
1143 1131
1144 849
1144 1130
1145 850
1145 1129
1146 851
1146 1128
1147 851
1147 1127
1148 852
1148 1127
1149 853
1149 1126
1150 854
1150 1125
1151 855
1151 1124
1152 856
1152 1124
1153 857
1153 1123
1154 858
1154 1122
1155 859
1155 1121
1156 860
1156 861
1156 1120
1157 862
1157 1119
1158 863
1158 1118
1159 864
1159 1117
1160 865
1160 1116
1161 866
1161 1115
1162 867
1162 1114
1163 868
1163 1113
1164 869
1164 1112
1165 870
1165 1111
1166 871
1166 1110
1167 872
1167 1110
1168 873
1168 1109
1169 874
1169 1107
1169 1108
1170 875
1170 1106
1171 876
1171 1105
1172 877
1172 1104
1173 878
1173 1103
1174 879
1174 1102
1175 880
1175 1101
1176 881
1176 1099
1176 1100
1177 882
1177 1098
1178 883
1178 1096
1178 1097
1179 884
1179 885
1179 1095
1180 886
1180 1094
1181 887
1181 1092
1181 1093
1182 888
1182 1091
1183 889
1183 890
1183 1089
1183 1090
1184 891
1184 1088
1185 892
1185 1087
1186 893
1186 894
1186 1085
1186 1086
1187 895
1187 1084
1188 896
1188 897
1188 1082
1188 1083
1189 898
1189 1081
1190 899
1190 900
1190 1079
1190 1080
1191 901
1191 1078
1192 902
1192 903
1192 904
1192 1076
1192 1077
1193 905
1193 906
1193 1074
1193 1075
1194 907
1194 908
1194 1073
1195 909
1195 910
1195 1071
1195 1072
1196 911
1196 912
1196 1070
1197 913
1197 914
1197 1068
1197 1069
1198 915
1198 916
1198 1067
1199 917
1199 918
1199 1065
1199 1066
1200 919
1200 920
1200 1063
1200 1064
1201 921
1201 922
1201 923
1201 1060
1201 1061
1201 1062
1202 924
1202 925
1202 1058
1202 1059
1203 926
1203 927
1203 928
1203 929
1203 1056
1203 1057
1204 930
1204 931
1204 1053
1204 1054
1204 1055
1205 932
1205 933
1205 934
1205 1052
1206 935
1206 936
1206 1051
1207 937
1207 938
1207 1048
1207 1049
1207 1050
1208 939
1208 940
1208 942
1208 943
1208 1046
1208 1047
1209 941
1209 944
1209 947
1209 948
1209 1043
1209 1044
1209 1045
1210 945
1210 946
1210 949
1210 952
1210 1038
1210 1041
1210 1042
1211 950
1211 951
1211 953
1211 955
1211 956
1211 957
1211 958
1211 1033
1211 1036
1211 1037
1211 1039
1211 1040
1212 954
1212 959
1212 962
1212 963
1212 964
1212 965
1212 1029
1212 1032
1212 1034
1212 1035
1213 960
1213 961
1213 966
1213 969
1213 970
1213 971
1213 972
1213 973
1213 974
1213 975
1213 1025
1213 1028
1213 1030
1213 1031
1214 967
1214 968
1214 976
1214 978
1214 979
1214 980
1214 982
1214 983
1214 984
1214 985
1214 986
1214 987
1214 988
1214 989
1214 990
1214 991
1214 992
1214 993
1214 994
1214 995
1214 996
1214 997
1214 998
1214 999
1214 1000
1214 1001
1214 1002
1214 1003
1214 1004
1214 1005
1214 1006
1214 1007
1214 1008
1214 1009
1214 1010
1214 1011
1214 1012
1214 1013
1214 1014
1214 1015
1214 1016
1214 1017
1214 1018
1214 1019
1214 1020
1214 1021
1214 1022
1214 1024
1214 1026
1214 1027
1215 977
1215 981
1215 1023
