913 982
913 992
913 1002
914 973
914 981
914 983
914 984
914 985
914 986
914 987
914 988
914 989
914 990
914 991
914 993
914 994
914 995
914 996
914 997
914 998
914 999
914 1000
914 1001
914 1003
914 1010
914 1012
915 963
915 964
915 972
915 974
915 975
915 976
915 977
915 978
915 979
915 980
915 1004
915 1005
915 1006
915 1007
915 1008
915 1009
915 1011
915 1013
915 1018
915 1019
916 957
916 958
916 962
916 965
916 966
916 967
916 968
916 969
916 970
916 971
916 1014
916 1015
916 1016
916 1017
916 1020
916 1022
917 954
917 956
917 959
917 960
917 961
917 1021
917 1023
917 1026
917 1027
918 951
918 952
918 953
918 955
918 1024
918 1025
918 1028
918 1031
919 948
919 949
919 950
919 1029
919 1030
919 1032
919 1033
920 945
920 946
920 947
920 1034
920 1035
921 942
921 943
921 944
921 1036
921 1037
922 939
922 940
922 941
922 1038
922 1039
922 1040
923 935
923 936
923 937
923 938
923 1041
923 1042
923 1043
924 933
924 934
924 1044
924 1045
925 931
925 932
925 1046
925 1047
926 929
926 930
926 1048
926 1049
927 927
927 928
927 1050
928 925
928 926
928 1051
929 923
929 924
929 1052
929 1053
930 921
930 922
930 1054
930 1055
931 919
931 920
931 1056
931 1057
931 1058
932 918
932 1059
932 1060
933 917
933 1061
934 916
934 1062
934 1063
935 914
935 915
935 1064
936 913
936 1065
936 1066
937 911
937 912
937 1067
938 909
938 910
938 1068
939 908
939 1069
940 907
940 1070
941 906
941 1071
942 904
942 905
942 1072
943 903
943 1073
944 902
944 1074
945 901
945 1074
946 900
946 1075
947 899
947 1076
948 899
948 1077
949 898
949 1078
950 897
950 1079
951 896
951 1080
951 1081
952 895
952 1082
953 894
953 1083
954 893
954 1084
955 892
955 1085
956 891
956 1086
957 891
957 1087
958 890
958 1088
959 889
959 1088
960 888
960 1088
961 888
961 1089
962 887
962 1090
963 886
963 1091
964 886
964 1092
965 885
965 1093
966 884
966 1094
967 883
967 1094
968 883
968 1095
969 882
969 1096
970 882
970 1096
971 881
971 1097
972 881
972 1097
973 880
973 1098
974 880
974 1098
975 879
975 1099
976 879
976 1099
977 878
977 1099
978 878
978 1100
979 877
979 1100
980 877
980 1101
981 876
981 1101
982 876
982 1101
983 875
983 1102
984 875
984 1102
985 874
985 1102
986 874
986 1103
987 873
987 1104
988 873
988 1104
989 873
989 1105
990 872
990 1105
991 872
991 1105
992 871
992 1106
993 871
993 1106
994 871
994 1106
995 870
995 1106
996 870
996 1107
997 870
997 1107
998 869
998 1107
999 869
999 1107
1000 869
1000 1108
1001 869
1001 1108
1002 869
1002 1108
1003 869
1003 1108
1004 869
1004 1108
1005 868
1005 1109
1006 868
1006 1110
1007 868
1007 1110
1008 868
1008 1110
1009 868
1009 1110
1010 867
1010 1110
1011 867
1011 1110
1012 867
1012 1110
1013 867
1013 1110
1014 866
1014 1110
1015 866
1015 1110
1016 866
1016 1111
1017 866
1017 1111
1018 865
1018 1111
1019 865
1019 1111
1020 865
1020 1111
1021 865
1021 1112
1022 865
1022 1112
1023 865
1023 1112
1024 865
1024 1112
1025 865
1025 1112
1026 865
1026 1112
1027 865
1027 1112
1028 865
1028 1112
1029 865
1029 1112
1030 865
1030 1112
1031 865
1031 1112
1032 865
1032 1112
1033 865
1033 1112
1034 865
1034 1112
1035 865
1035 1112
1036 865
1036 1113
1037 865
1037 1113
1038 865
1038 1113
1039 865
1039 1113
1040 865
1040 1113
1041 865
1041 1113
1042 865
1042 1113
1043 865
1043 1113
1044 865
1044 1113
1045 865
1045 1113
1046 865
1046 1113
1047 865
1047 1113
1048 865
1048 1113
1049 865
1049 1113
1050 865
1050 1113
1051 865
1051 1113
1052 865
1052 1113
1053 865
1053 1113
1054 866
1054 1113
1055 866
1055 1113
1056 866
1056 1112
1057 866
1057 1112
1058 866
1058 1112
1059 866
1059 1112
1060 867
1060 1112
1061 867
1061 1112
1062 867
1062 1112
1063 867
1063 1112
1064 867
1064 1112
1065 868
1065 1112
1066 868
1066 1111
1067 868
1067 1111
1068 868
1068 1111
1069 868
1069 1111
1070 869
1070 1111
1071 869
1071 1111
1072 869
1072 1110
1073 870
1073 1110
1074 870
1074 1110
1075 870
1075 1110
1076 871
1076 1110
1077 871
1077 1110
1078 871
1078 1109
1079 871
1079 1108
1080 872
1080 1108
1081 872
1081 1108
1082 872
1082 1108
1083 872
1083 1108
1084 873
1084 1108
1085 873
1085 1107
1086 874
1086 1107
1087 874
1087 1107
1088 875
1088 1106
1089 875
1089 1106
1090 876
1090 1106
1091 877
1091 1105
1092 877
1092 1105
1093 878
1093 1104
1094 878
1094 1104
1095 879
1095 1104
1096 879
1096 1103
1097 880
1097 1103
1098 880
1098 1102
1099 880
1099 1101
1100 880
1100 1101
1101 881
1101 1100
1102 881
1102 1100
1103 882
1103 1099
1104 882
1104 1099
1105 883
1105 1098
1106 883
1106 1098
1107 884
1107 1097
1108 884
1108 1096
1109 885
1109 1096
1110 885
1110 1095
1111 886
1111 1094
1112 886
1112 1094
1113 887
1113 1093
1114 887
1114 1092
1115 888
1115 1092
1116 889
1116 1091
1117 890
1117 1091
1118 891
1118 1090
1119 891
1119 1089
1120 892
1120 1088
1121 893
1121 1087
1122 893
1122 1086
1123 894
1123 1085
1124 895
1124 1084
1125 895
1125 1083
1126 896
1126 1082
1127 897
1127 1082
1128 897
1128 1081
1129 898
1129 1080
1130 899
1130 1079
1131 900
1131 1078
1132 900
1132 1078
1133 901
1133 1077
1134 902
1134 1076
1135 903
1135 1075
1136 904
1136 1074
1137 905
1137 1073
1138 906
1138 1072
1139 907
1139 1071
1140 908
1140 1070
1141 909
1141 1069
1142 910
1142 1068
1143 911
1143 1067
1144 912
1144 1066
1145 913
1145 1065
1146 914
1146 1064
1147 915
1147 916
1147 1062
1147 1063
1148 917
1148 1060
1148 1061
1149 918
1149 919
1149 1059
1150 920
1150 1058
1151 921
1151 1057
1152 922
1152 923
1152 1055
1152 1056
1153 924
1153 1054
1154 925
1154 1053
1155 926
1155 927
1155 1051
1155 1052
1156 928
1156 1050
1157 929
1157 930
1157 1048
1157 1049
1158 931
1158 1047
1159 932
1159 1045
1159 1046
1160 933
1160 934
1160 1044
1161 935
1161 1042
1161 1043
1162 936
1162 937
1162 1041
1163 938
1163 1039
1163 1040
1164 939
1164 940
1164 1037
1164 1038
1165 941
1165 942
1165 1034
1165 1035
1165 1036
1166 943
1166 944
1166 1032
1166 1033
1167 945
1167 946
1167 947
1167 1030
1167 1031
1168 948
1168 949
1168 952
1168 1028
1168 1029
1169 950
1169 951
1169 953
1169 956
1169 1022
1169 1023
1169 1025
1169 1026
1169 1027
1170 954
1170 955
1170 957
1170 960
1170 962
1170 963
1170 1018
1170 1021
1170 1024
1171 958
1171 959
1171 961
1171 964
1171 967
1171 968
1171 1012
1171 1013
1171 1017
1171 1019
1171 1020
1172 965
1172 966
1172 969
1172 1006
1172 1007
1172 1008
1172 1011
1172 1014
1172 1015
1172 1016
1173 970
1173 971
1173 973
1173 974
1173 975
1173 976
1173 977
1173 1000
1173 1001
1173 1002
1173 1005
1173 1009
1173 1010
1174 972
1174 978
1174 980
1174 981
1174 983
1174 984
1174 985
1174 986
1174 987
1174 988
1174 989
1174 990
1174 991
1174 992
1174 993
1174 994
1174 995
1174 996
1174 999
1174 1003
1174 1004
1175 979
1175 982
1175 997
1175 998
