840 1000
840 1014
841 986
841 989
841 990
841 999
841 1001
841 1002
841 1003
841 1004
841 1005
841 1006
841 1007
841 1008
841 1009
841 1010
841 1011
841 1012
841 1013
841 1015
841 1022
842 978
842 979
842 985
842 987
842 988
842 991
842 992
842 993
842 994
842 995
842 996
842 997
842 998
842 1016
842 1017
842 1018
842 1019
842 1020
842 1021
842 1023
842 1028
843 973
843 977
843 980
843 981
843 982
843 983
843 984
843 1024
843 1025
843 1026
843 1027
843 1029
843 1034
843 1035
844 968
844 969
844 972
844 974
844 975
844 976
844 1030
844 1031
844 1032
844 1033
844 1036
844 1041
844 1042
845 960
845 962
845 963
845 967
845 970
845 971
845 1037
845 1038
845 1039
845 1040
845 1043
845 1045
845 1046
846 957
846 958
846 959
846 961
846 964
846 965
846 966
846 1044
846 1047
846 1048
846 1049
847 954
847 955
847 956
847 1050
847 1051
847 1052
848 951
848 952
848 953
848 1053
848 1055
849 948
849 949
849 950
849 1054
849 1056
849 1057
849 1058
850 947
850 1059
850 1060
850 1061
851 944
851 945
851 946
851 1062
851 1063
851 1064
852 941
852 942
852 943
852 1065
852 1066
852 1067
852 1068
853 939
853 940
853 1069
853 1070
853 1071
854 936
854 937
854 938
854 1072
854 1073
855 933
855 934
855 935
855 1074
855 1075
856 931
856 932
856 1076
856 1077
856 1078
857 928
857 929
857 930
857 1079
857 1080
858 926
858 927
858 1081
859 924
859 925
859 1082
860 921
860 922
860 923
860 1083
860 1084
861 919
861 920
861 1085
862 918
862 1086
862 1087
863 916
863 917
863 1088
864 915
864 1089
864 1090
865 913
865 914
865 1091
866 911
866 912
866 1092
867 910
867 1093
867 1094
868 909
868 1095
869 907
869 908
869 1096
869 1097
870 906
870 1098
871 904
871 905
871 1099
872 903
872 1100
872 1101
873 901
873 902
873 1102
873 1103
874 900
874 1104
874 1105
875 898
875 899
875 1106
876 897
876 1107
877 895
877 896
877 1108
878 894
878 1109
879 893
879 1110
880 892
880 1111
881 891
881 1112
882 890
882 1113
883 888
883 889
883 1114
884 887
884 1115
885 887
885 1116
886 886
886 1117
887 885
887 1118
888 884
888 1119
889 883
889 1120
890 882
890 1121
891 881
891 1122
892 880
892 1123
893 879
893 1124
894 878
894 1125
895 878
895 1126
896 877
896 1127
897 876
897 1128
898 875
898 1129
899 874
899 1130
900 873
900 1131
901 873
901 1132
901 1133
902 872
902 1134
903 871
903 1135
904 870
904 1136
905 869
905 1137
906 869
906 1137
907 868
907 1138
908 867
908 1139
909 867
909 1140
910 866
910 1140
911 865
911 1141
912 865
912 1141
913 864
913 1141
914 863
914 1142
915 862
915 1143
916 861
916 1143
917 860
917 1144
918 860
918 1144
919 859
919 1145
920 859
920 1146
921 858
921 1146
922 858
922 1147
923 857
923 1147
924 857
924 1148
925 856
925 1148
926 855
926 1149
927 855
927 1150
928 855
928 1150
929 854
929 1151
930 854
930 1151
931 853
931 1152
932 853
932 1152
933 852
933 1153
934 852
934 1154
935 851
935 1154
936 851
936 1155
937 850
937 1156
938 849
938 1156
939 849
939 1157
940 848
940 1157
941 848
941 1158
942 847
942 1158
943 847
943 1158
944 847
944 1159
945 846
945 1159
946 846
946 1160
947 845
947 1160
948 845
948 1160
949 845
949 1161
950 844
950 1161
951 844
951 1162
952 844
952 1162
953 843
953 1162
954 843
954 1163
955 843
955 1163
956 842
956 1163
957 842
957 1164
958 842
958 1164
959 841
959 1164
960 841
960 1164
961 841
961 1165
962 840
962 1166
963 840
963 1166
964 840
964 1166
965 839
965 1166
966 839
966 1167
967 838
967 1167
968 838
968 1167
969 838
969 1167
970 837
970 1168
971 837
971 1168
972 837
972 1168
973 836
973 1168
974 836
974 1168
975 836
975 1169
976 836
976 1169
977 835
977 1169
978 835
978 1169
979 835
979 1169
980 835
980 1169
981 835
981 1169
982 835
982 1169
983 835
983 1169
984 835
984 1169
985 835
985 1169
986 835
986 1169
987 835
987 1169
988 835
988 1169
989 835
989 1170
990 835
990 1170
991 835
991 1170
992 835
992 1170
993 834
993 1170
994 834
994 1170
995 834
995 1170
996 834
996 1170
997 834
997 1170
998 834
998 1170
999 834
999 1170
1000 834
1000 1170
1001 833
1001 1170
1002 833
1002 1170
1003 833
1003 1170
1004 833
1004 1170
1005 833
1005 1170
1006 833
1006 1170
1007 833
1007 1170
1008 833
1008 1170
1009 833
1009 1170
1010 833
1010 1170
1011 833
1011 1170
1012 833
1012 1170
1013 833
1013 1170
1014 833
1014 1170
1015 833
1015 1170
1016 833
1016 1170
1017 833
1017 1170
1018 833
1018 1170
1019 833
1019 1170
1020 833
1020 1170
1021 833
1021 1170
1022 833
1022 1170
1023 833
1023 1170
1024 833
1024 1170
1025 834
1025 1170
1026 834
1026 1170
1027 834
1027 1170
1028 834
1028 1170
1029 834
1029 1170
1030 834
1030 1170
1031 834
1031 1170
1032 834
1032 1170
1033 834
1033 1170
1034 834
1034 1170
1035 835
1035 1170
1036 835
1036 1170
1037 835
1037 1170
1038 835
1038 1170
1039 835
1039 1170
1040 835
1040 1169
1041 835
1041 1168
1042 836
1042 1168
1043 836
1043 1168
1044 836
1044 1168
1045 836
1045 1168
1046 836
1046 1168
1047 836
1047 1168
1048 836
1048 1168
1049 836
1049 1168
1050 836
1050 1168
1051 836
1051 1168
1052 836
1052 1168
1053 836
1053 1168
1054 836
1054 1167
1055 836
1055 1167
1056 837
1056 1167
1057 837
1057 1167
1058 837
1058 1166
1059 838
1059 1166
1060 838
1060 1166
1061 838
1061 1166
1062 839
1062 1165
1063 839
1063 1165
1064 839
1064 1165
1065 840
1065 1165
1066 840
1066 1164
1067 840
1067 1164
1068 840
1068 1164
1069 841
1069 1163
1070 841
1070 1163
1071 841
1071 1163
1072 842
1072 1162
1073 842
1073 1162
1074 842
1074 1162
1075 843
1075 1162
1076 843
1076 1161
1077 843
1077 1161
1078 844
1078 1161
1079 844
1079 1160
1080 844
1080 1160
1081 845
1081 1160
1082 845
1082 1159
1083 845
1083 1158
1084 846
1084 1158
1085 846
1085 1158
1086 846
1086 1157
1087 847
1087 1157
1088 847
1088 1156
1089 848
1089 1156
1090 848
1090 1156
1091 849
1091 1155
1092 849
1092 1155
1093 850
1093 1154
1094 850
1094 1154
1095 851
1095 1153
1096 851
1096 1153
1097 852
1097 1153
1098 852
1098 1153
1099 853
1099 1152
1100 853
1100 1152
1101 854
1101 1151
1102 854
1102 1151
1103 855
1103 1150
1104 855
1104 1149
1105 856
1105 1149
1106 856
1106 1148
1107 857
1107 1147
1108 858
1108 1147
1109 858
1109 1146
1110 859
1110 1146
1111 859
1111 1145
1112 860
1112 1145
1113 861
1113 1144
1114 861
1114 1144
1115 862
1115 1143
1116 862
1116 1143
1117 863
1117 1142
1118 863
1118 1141
1119 864
1119 1140
1120 865
1120 1140
1121 865
1121 1139
1122 866
1122 1138
1123 866
1123 1137
1124 867
1124 1136
1125 868
1125 1136
1126 868
1126 1135
1127 869
1127 1134
1128 870
1128 1133
1129 871
1129 1132
1130 872
1130 1131
1131 873
1131 1130
1132 874
1132 1129
1133 874
1133 1128
1134 875
1134 1127
1135 876
1135 1126
1136 877
1136 1125
1137 878
1137 1124
1138 878
1138 1123
1139 879
1139 1122
1140 880
1140 1121
1141 881
1141 1120
1142 882
1142 1119
1143 883
1143 1118
1144 884
1144 1117
1145 885
1145 1116
1146 885
1146 1115
1147 886
1147 1114
1148 887
1148 888
1148 1113
1149 889
1149 1111
1149 1112
1150 890
1150 1110
1151 891
1151 1109
1152 892
1152 1108
1153 893
1153 1107
1154 894
1154 1105
1154 1106
1155 895
1155 896
1155 1104
1156 897
1156 1101
1156 1102
1156 1103
1157 898
1157 899
1157 1100
1158 900
1158 1098
1158 1099
1159 901
1159 902
1159 1097
1160 903
1160 1095
1160 1096
1161 904
1161 905
1161 1093
1161 1094
1162 906
1162 1092
1163 907
1163 908
1163 1091
1164 909
1164 1090
1165 910
1165 1089
1166 911
1166 912
1166 1087
1166 1088
1167 913
1167 914
1167 1085
1167 1086
1168 915
1168 1083
1168 1084
1169 916
1169 917
1169 1081
1169 1082
1170 918
1170 919
1170 1078
1170 1079
1170 1080
1171 920
1171 1076
1171 1077
1172 921
1172 922
1172 1074
1172 1075
1173 923
1173 924
1173 1072
1173 1073
1174 925
1174 926
1174 1070
1174 1071
1175 927
1175 928
1175 1067
1175 1068
1175 1069
1176 929
1176 930
1176 1065
1176 1066
1177 931
1177 932
1177 1063
1177 1064
1178 933
1178 934
1178 935
1178 1060
1178 1061
1178 1062
1179 936
1179 937
1179 938
1179 1057
1179 1058
1179 1059
1180 939
1180 940
1180 941
1180 1055
1180 1056
1181 942
1181 943
1181 944
1181 948
1181 1053
1181 1054
1182 945
1182 946
1182 947
1182 949
1182 1050
1182 1051
1182 1052
1183 950
1183 951
1183 952
1183 1047
1183 1048
1183 1049
1184 953
1184 954
1184 955
1184 1042
1184 1045
1184 1046
1185 956
1185 957
1185 958
1185 1041
1185 1043
1185 1044
1186 959
1186 961
1186 962
1186 1036
1186 1039
1186 1040
1187 960
1187 963
1187 966
1187 1032
1187 1035
1187 1037
1187 1038
1188 964
1188 965
1188 967
1188 970
1188 971
1188 1025
1188 1026
1188 1027
1188 1031
1188 1033
1188 1034
1189 968
1189 969
1189 972
1189 974
1189 975
1189 976
1189 977
1189 1019
1189 1020
1189 1021
1189 1024
1189 1028
1189 1029
1189 1030
1190 973
1190 978
1190 981
1190 982
1190 983
1190 984
1190 1015
1190 1018
1190 1022
1190 1023
1191 979
1191 980
1191 985
1191 988
1191 989
1191 990
1191 991
1191 992
1191 993
1191 994
1191 995
1191 996
1191 997
1191 998
1191 999
1191 1000
1191 1001
1191 1002
1191 1003
1191 1004
1191 1005
1191 1006
1191 1007
1191 1008
1191 1009
1191 1010
1191 1011
1191 1012
1191 1014
1191 1016
1191 1017
1192 986
1192 987
1192 1013
