914 1001
914 1002
915 993
915 1000
915 1003
915 1009
915 1010
916 986
916 987
916 988
916 992
916 994
916 995
916 996
916 997
916 998
916 999
916 1004
916 1005
916 1006
916 1007
916 1008
916 1011
916 1016
916 1017
917 978
917 979
917 985
917 989
917 990
917 991
917 1012
917 1013
917 1014
917 1015
917 1018
918 975
918 976
918 977
918 980
918 981
918 982
918 983
918 984
918 1018
918 1022
918 1023
918 1025
919 971
919 972
919 974
919 1019
919 1020
919 1021
919 1024
919 1026
919 1028
919 1029
920 967
920 970
920 973
920 1027
920 1030
920 1032
920 1033
921 962
921 963
921 966
921 968
921 969
921 1031
921 1034
921 1035
921 1036
922 959
922 960
922 961
922 964
922 965
922 1037
922 1038
923 956
923 957
923 958
923 1039
923 1040
924 955
924 1041
925 952
925 953
925 954
925 1042
926 950
926 951
926 1043
926 1044
927 948
927 949
927 1045
927 1046
927 1047
928 946
928 947
928 1048
928 1049
929 945
929 1050
929 1051
930 943
930 944
930 1052
931 942
931 1053
932 941
932 1054
932 1055
933 940
933 1056
934 938
934 939
934 1057
935 937
935 1058
936 934
936 935
936 936
936 1059
937 933
937 1060
937 1061
938 932
938 1062
939 931
939 1063
940 930
940 1064
941 929
941 1065
942 929
942 1066
943 928
943 1067
944 928
944 1068
945 927
945 1069
946 926
946 1070
947 925
947 1070
948 924
948 1071
949 924
949 1072
950 923
950 1073
951 922
951 1074
952 921
952 1075
953 920
953 1075
954 919
954 1075
955 919
955 1076
956 918
956 1077
957 917
957 1078
958 916
958 1078
959 915
959 1079
960 914
960 1080
961 914
961 1081
962 913
962 1082
963 913
963 1082
964 912
964 1083
965 911
965 1083
966 911
966 1084
967 910
967 1085
968 909
968 1086
969 909
969 1086
970 908
970 1087
971 907
971 1087
972 907
972 1087
973 906
973 1088
974 906
974 1089
975 905
975 1089
976 904
976 1090
977 903
977 1090
978 903
978 1090
979 903
979 1091
980 902
980 1092
981 902
981 1092
982 901
982 1092
983 901
983 1092
984 901
984 1092
985 900
985 1092
986 900
986 1092
987 900
987 1093
988 900
988 1093
989 899
989 1093
990 899
990 1093
991 899
991 1093
992 898
992 1093
993 898
993 1094
994 898
994 1095
995 898
995 1095
996 897
996 1095
997 897
997 1095
998 897
998 1095
999 897
999 1095
1000 897
1000 1095
1001 897
1001 1095
1002 896
1002 1096
1003 896
1003 1096
1004 896
1004 1096
1005 896
1005 1096
1006 896
1006 1096
1007 896
1007 1096
1008 896
1008 1096
1009 896
1009 1097
1010 896
1010 1097
1011 896
1011 1097
1012 896
1012 1097
1013 896
1013 1097
1014 896
1014 1097
1015 896
1015 1098
1016 896
1016 1098
1017 896
1017 1098
1018 896
1018 1098
1019 896
1019 1098
1020 896
1020 1098
1021 896
1021 1098
1022 896
1022 1098
1023 896
1023 1098
1024 896
1024 1097
1025 896
1025 1096
1026 896
1026 1096
1027 896
1027 1096
1028 896
1028 1096
1029 896
1029 1096
1030 896
1030 1096
1031 896
1031 1096
1032 896
1032 1096
1033 897
1033 1096
1034 897
1034 1096
1035 897
1035 1096
1036 897
1036 1096
1037 897
1037 1096
1038 897
1038 1095
1039 898
1039 1095
1040 898
1040 1095
1041 898
1041 1095
1042 898
1042 1095
1043 898
1043 1095
1044 898
1044 1095
1045 898
1045 1095
1046 899
1046 1094
1047 899
1047 1093
1048 900
1048 1093
1049 900
1049 1093
1050 900
1050 1093
1051 901
1051 1093
1052 901
1052 1093
1053 901
1053 1092
1054 902
1054 1092
1055 902
1055 1092
1056 903
1056 1092
1057 903
1057 1092
1058 903
1058 1091
1059 904
1059 1091
1060 904
1060 1091
1061 905
1061 1090
1062 905
1062 1090
1063 906
1063 1089
1064 906
1064 1089
1065 907
1065 1089
1066 907
1066 1088
1067 908
1067 1088
1068 909
1068 1087
1069 909
1069 1086
1070 910
1070 1086
1071 911
1071 1085
1072 911
1072 1085
1073 912
1073 1084
1074 912
1074 1083
1075 913
1075 1083
1076 913
1076 1082
1077 914
1077 1082
1078 914
1078 1081
1079 914
1079 1081
1080 915
1080 1080
1081 915
1081 1080
1082 916
1082 1079
1083 917
1083 1079
1084 917
1084 1078
1085 918
1085 1077
1086 919
1086 1076
1087 920
1087 1075
1088 921
1088 1074
1089 922
1089 1074
1090 923
1090 1073
1091 923
1091 1072
1092 924
1092 1071
1093 925
1093 1070
1094 926
1094 1067
1094 1068
1094 1069
1095 927
1095 1066
1096 928
1096 1065
1097 929
1097 1064
1098 930
1098 931
1098 1062
1098 1063
1099 932
1099 1061
1100 933
1100 1060
1101 934
1101 1058
1101 1059
1102 935
1102 1057
1103 936
1103 1056
1104 937
1104 938
1104 1055
1105 939
1105 1053
1105 1054
1106 940
1106 1052
1107 941
1107 1051
1108 942
1108 1049
1108 1050
1109 943
1109 944
1109 1048
1110 945
1110 1046
1110 1047
1111 946
1111 1045
1112 947
1112 948
1112 1043
1112 1044
1113 949
1113 1042
1114 950
1114 1040
1114 1041
1115 951
1115 952
1115 1039
1116 953
1116 954
1116 1037
1116 1038
1117 955
1117 1036
1118 956
1118 957
1118 1034
1118 1035
1119 958
1119 1032
1119 1033
1120 959
1120 1029
1120 1030
1120 1031
1121 960
1121 961
1121 1026
1121 1027
1121 1028
1122 962
1122 963
1122 1023
1122 1024
1122 1025
1123 964
1123 965
1123 968
1123 1018
1123 1020
1123 1021
1123 1022
1124 966
1124 967
1124 969
1124 972
1124 1014
1124 1017
1124 1019
1125 970
1125 971
1125 973
1125 977
1125 978
1125 979
1125 980
1125 981
1125 982
1125 1009
1125 1013
1125 1015
1125 1016
1126 974
1126 975
1126 976
1126 983
1126 985
1126 986
1126 987
1126 988
1126 989
1126 990
1126 1005
1126 1008
1126 1010
1126 1011
1126 1012
1127 984
1127 991
1127 994
1127 995
1127 996
1127 997
1127 998
1127 999
1127 1000
1127 1001
1127 1004
1127 1006
1127 1007
1128 992
1128 993
1128 1002
1128 1003
