651 1311
651 1312
652 1297
652 1310
652 1313
652 1324
652 1327
653 1283
653 1287
653 1288
653 1296
653 1298
653 1299
653 1300
653 1301
653 1302
653 1303
653 1304
653 1305
653 1306
653 1307
653 1308
653 1309
653 1314
653 1315
653 1316
653 1317
653 1318
653 1319
653 1320
653 1321
653 1322
653 1323
653 1325
653 1326
653 1328
653 1336
653 1337
653 1342
654 1278
654 1279
654 1282
654 1284
654 1285
654 1286
654 1289
654 1290
654 1291
654 1292
654 1293
654 1294
654 1295
654 1329
654 1330
654 1331
654 1332
654 1333
654 1334
654 1335
654 1338
654 1339
654 1340
654 1341
654 1343
654 1347
654 1348
655 1274
655 1275
655 1277
655 1280
655 1281
655 1344
655 1345
655 1346
655 1349
655 1353
655 1354
656 1270
656 1271
656 1273
656 1276
656 1350
656 1351
656 1352
656 1355
656 1357
657 1267
657 1269
657 1272
657 1356
657 1358
657 1359
657 1360
658 1265
658 1266
658 1268
658 1361
658 1362
658 1363
659 1263
659 1264
659 1364
659 1365
659 1366
660 1261
660 1262
660 1367
660 1368
660 1369
661 1258
661 1259
661 1260
661 1370
661 1371
662 1256
662 1257
662 1372
662 1373
662 1374
663 1254
663 1255
663 1375
663 1376
663 1377
664 1252
664 1253
664 1378
664 1379
664 1380
665 1250
665 1251
665 1381
665 1382
666 1247
666 1248
666 1249
666 1383
666 1384
667 1245
667 1246
667 1385
667 1386
667 1387
668 1243
668 1244
668 1388
668 1389
669 1240
669 1241
669 1242
669 1390
669 1391
669 1392
670 1238
670 1239
670 1393
670 1394
671 1237
671 1395
671 1396
671 1398
672 1235
672 1236
672 1397
672 1399
672 1400
673 1233
673 1234
673 1401
674 1231
674 1232
674 1402
674 1403
675 1229
675 1230
675 1404
676 1228
676 1405
676 1406
677 1226
677 1227
677 1407
678 1225
678 1408
678 1409
679 1223
679 1224
679 1410
680 1222
680 1411
681 1220
681 1221
681 1412
682 1218
682 1219
682 1413
683 1217
683 1414
683 1415
684 1215
684 1216
684 1416
685 1213
685 1214
685 1417
685 1418
686 1212
686 1419
687 1210
687 1211
687 1420
687 1421
688 1209
688 1422
688 1423
689 1207
689 1208
689 1424
689 1425
690 1205
690 1206
690 1426
691 1203
691 1204
691 1427
692 1201
692 1202
692 1428
692 1429
693 1200
693 1430
694 1199
694 1431
695 1198
695 1432
695 1433
696 1197
696 1434
697 1196
697 1435
698 1195
698 1436
699 1193
699 1194
699 1437
700 1192
700 1438
701 1191
701 1439
702 1190
702 1440
703 1189
703 1441
704 1188
704 1442
705 1187
705 1443
706 1186
706 1444
707 1185
707 1445
708 1184
708 1446
709 1183
709 1447
710 1182
710 1448
711 1181
711 1449
712 1180
712 1450
713 1179
713 1451
714 1178
714 1452
715 1177
715 1453
716 1176
716 1454
717 1175
717 1455
718 1174
718 1456
719 1173
719 1457
720 1172
720 1458
721 1170
721 1171
721 1459
722 1169
722 1460
723 1168
723 1461
724 1168
724 1462
725 1167
725 1462
726 1166
726 1463
727 1165
727 1464
728 1165
728 1465
729 1164
729 1465
730 1163
730 1466
731 1162
731 1467
732 1162
732 1467
733 1161
733 1468
734 1161
734 1469
735 1160
735 1469
736 1160
736 1470
737 1159
737 1470
738 1159
738 1471
739 1158
739 1472
740 1157
740 1472
741 1157
741 1472
742 1156
742 1473
743 1156
743 1474
744 1155
744 1475
745 1154
745 1475
746 1153
746 1476
747 1152
747 1477
748 1152
748 1477
749 1151
749 1478
750 1150
750 1479
751 1150
751 1479
752 1149
752 1480
753 1149
753 1481
754 1148
754 1481
755 1147
755 1481
756 1147
756 1482
757 1146
757 1482
758 1146
758 1483
759 1146
759 1483
760 1145
760 1484
761 1145
761 1484
762 1144
762 1484
763 1144
763 1485
764 1144
764 1485
765 1143
765 1486
766 1143
766 1486
767 1142
767 1486
768 1142
768 1487
769 1142
769 1488
770 1141
770 1488
771 1141
771 1488
772 1141
772 1489
773 1140
773 1489
774 1140
774 1489
775 1140
775 1490
776 1139
776 1490
777 1139
777 1490
778 1139
778 1491
779 1138
779 1491
780 1138
780 1491
781 1137
781 1491
782 1137
782 1491
783 1137
783 1492
784 1136
784 1492
785 1136
785 1492
786 1135
786 1493
787 1134
787 1493
788 1134
788 1493
789 1134
789 1493
790 1133
790 1494
791 1133
791 1494
792 1133
792 1494
793 1132
793 1494
794 1132
794 1494
795 1132
795 1494
796 1131
796 1495
797 1131
797 1496
798 1131
798 1496
799 1131
799 1496
800 1131
800 1496
801 1131
801 1496
802 1131
802 1496
803 1131
803 1497
804 1131
804 1497
805 1130
805 1497
806 1130
806 1497
807 1130
807 1497
808 1130
808 1497
809 1130
809 1497
810 1130
810 1497
811 1130
811 1497
812 1130
812 1498
813 1129
813 1498
814 1129
814 1498
815 1129
815 1498
816 1129
816 1498
817 1129
817 1498
818 1129
818 1498
819 1128
819 1498
820 1128
820 1498
821 1128
821 1498
822 1128
822 1498
823 1128
823 1498
824 1128
824 1498
825 1128
825 1498
826 1128
826 1498
827 1128
827 1498
828 1128
828 1498
829 1128
829 1498
830 1128
830 1498
831 1128
831 1498
832 1128
832 1498
833 1128
833 1498
834 1128
834 1498
835 1128
835 1498
836 1128
836 1498
837 1128
837 1498
838 1127
838 1498
839 1127
839 1498
840 1127
840 1498
841 1126
841 1499
842 1126
842 1499
843 1126
843 1499
844 1126
844 1499
845 1126
845 1499
846 1126
846 1499
847 1126
847 1499
848 1126
848 1499
849 1126
849 1499
850 1126
850 1499
851 1127
851 1499
852 1127
852 1499
853 1127
853 1499
854 1127
854 1498
855 1127
855 1497
856 1127
856 1497
857 1127
857 1497
858 1127
858 1497
859 1127
859 1497
860 1127
860 1497
861 1127
861 1497
862 1127
862 1497
863 1128
863 1497
864 1128
864 1497
865 1128
865 1497
866 1128
866 1497
867 1128
867 1497
868 1128
868 1497
869 1128
869 1497
870 1129
870 1496
871 1129
871 1496
872 1129
872 1496
873 1129
873 1496
874 1129
874 1496
875 1129
875 1496
876 1129
876 1496
877 1130
877 1496
878 1130
878 1496
879 1130
879 1495
880 1130
880 1495
881 1130
881 1495
882 1130
882 1495
883 1130
883 1495
884 1131
884 1495
885 1131
885 1494
886 1131
886 1494
887 1131
887 1494
888 1132
888 1494
889 1132
889 1493
890 1132
890 1493
891 1133
891 1493
892 1133
892 1493
893 1133
893 1492
894 1134
894 1492
895 1134
895 1492
896 1134
896 1492
897 1135
897 1491
898 1136
898 1491
899 1136
899 1491
900 1137
900 1491
901 1137
901 1490
902 1137
902 1490
903 1138
903 1490
904 1138
904 1489
905 1138
905 1489
906 1139
906 1489
907 1139
907 1488
908 1139
908 1488
909 1140
909 1488
910 1140
910 1487
911 1141
911 1487
912 1141
912 1487
913 1141
913 1487
914 1142
914 1486
915 1142
915 1485
916 1142
916 1485
917 1143
917 1485
918 1143
918 1485
919 1143
919 1484
920 1144
920 1484
921 1144
921 1483
922 1144
922 1483
923 1145
923 1482
924 1145
924 1482
925 1145
925 1482
926 1146
926 1481
927 1146
927 1481
928 1147
928 1480
929 1147
929 1479
930 1148
930 1479
931 1148
931 1478
932 1149
932 1478
933 1149
933 1477
934 1150
934 1476
935 1151
935 1476
936 1151
936 1475
937 1152
937 1474
938 1153
938 1474
939 1153
939 1473
940 1154
940 1472
941 1154
941 1472
942 1155
942 1471
943 1155
943 1471
944 1156
944 1470
945 1156
945 1469
946 1157
946 1469
947 1158
947 1468
948 1158
948 1467
949 1159
949 1467
950 1159
950 1466
951 1160
951 1465
952 1161
952 1465
953 1162
953 1464
954 1162
954 1464
955 1163
955 1463
956 1164
956 1462
957 1164
957 1461
958 1165
958 1461
959 1166
959 1460
960 1166
960 1459
961 1167
961 1458
962 1168
962 1457
963 1168
963 1456
964 1169
964 1455
965 1170
965 1454
966 1171
966 1453
967 1172
967 1452
968 1173
968 1451
969 1174
969 1450
970 1175
970 1449
971 1176
971 1448
972 1177
972 1447
973 1178
973 1446
974 1179
974 1180
974 1445
975 1181
975 1444
976 1182
976 1443
977 1183
977 1442
978 1184
978 1441
979 1185
979 1440
980 1186
980 1439
981 1187
981 1438
982 1188
982 1437
983 1189
983 1436
984 1189
984 1435
985 1190
985 1434
986 1191
986 1432
986 1433
987 1192
987 1431
988 1193
988 1430
989 1194
989 1428
989 1429
990 1195
990 1427
991 1196
991 1197
991 1426
992 1198
992 1424
992 1425
993 1199
993 1422
993 1423
994 1200
994 1201
994 1421
995 1202
995 1203
995 1420
996 1204
996 1418
996 1419
997 1205
997 1206
997 1417
998 1207
998 1415
998 1416
999 1208
999 1209
999 1414
1000 1210
1000 1412
1000 1413
1001 1211
1001 1212
1001 1411
1002 1213
1002 1214
1002 1409
1002 1410
1003 1215
1003 1216
1003 1408
1004 1217
1004 1406
1004 1407
1005 1218
1005 1219
1005 1405
1006 1220
1006 1221
1006 1403
1006 1404
1007 1222
1007 1402
1008 1223
1008 1224
1008 1400
1008 1401
1009 1225
1009 1398
1009 1399
1010 1226
1010 1227
1010 1395
1010 1396
1010 1397
1011 1228
1011 1229
1011 1393
1011 1394
1012 1230
1012 1231
1012 1390
1012 1391
1012 1392
1013 1232
1013 1233
1013 1388
1013 1389
1014 1234
1014 1235
1014 1385
1014 1386
1014 1387
1015 1236
1015 1237
1015 1382
1015 1383
1015 1384
1016 1238
1016 1239
1016 1241
1016 1380
1016 1381
1017 1240
1017 1242
1017 1245
1017 1377
1017 1378
1017 1379
1018 1243
1018 1244
1018 1246
1018 1249
1018 1375
1018 1376
1019 1247
1019 1248
1019 1250
1019 1368
1019 1369
1019 1372
1019 1373
1019 1374
1020 1251
1020 1252
1020 1253
1020 1255
1020 1256
1020 1363
1020 1364
1020 1367
1020 1370
1020 1371
1021 1254
1021 1257
1021 1259
1021 1260
1021 1358
1021 1359
1021 1362
1021 1365
1021 1366
1022 1258
1022 1261
1022 1263
1022 1264
1022 1348
1022 1349
1022 1350
1022 1351
1022 1352
1022 1353
1022 1354
1022 1357
1022 1360
1022 1361
1023 1262
1023 1265
1023 1267
1023 1269
1023 1270
1023 1271
1023 1272
1023 1273
1023 1274
1023 1343
1023 1344
1023 1347
1023 1355
1023 1356
1024 1266
1024 1268
1024 1275
1024 1278
1024 1279
1024 1280
1024 1281
1024 1329
1024 1330
1024 1331
1024 1332
1024 1333
1024 1334
1024 1335
1024 1336
1024 1337
1024 1338
1024 1339
1024 1340
1024 1342
1024 1345
1024 1346
1025 1276
1025 1277
1025 1282
1025 1284
1025 1285
1025 1286
1025 1287
1025 1288
1025 1289
1025 1290
1025 1291
1025 1292
1025 1293
1025 1294
1025 1295
1025 1296
1025 1297
1025 1298
1025 1299
1025 1300
1025 1301
1025 1302
1025 1303
1025 1304
1025 1305
1025 1306
1025 1307
1025 1308
1025 1309
1025 1310
1025 1311
1025 1312
1025 1313
1025 1314
1025 1315
1025 1316
1025 1317
1025 1318
1025 1319
1025 1320
1025 1321
1025 1322
1025 1323
1025 1324
1025 1325
1025 1328
1025 1341
1026 1283
1026 1326
1026 1327
