710 1292
710 1302
710 1313
711 1286
711 1287
711 1291
711 1293
711 1294
711 1295
711 1296
711 1297
711 1298
711 1299
711 1300
711 1301
711 1303
711 1304
711 1305
711 1306
711 1307
711 1308
711 1309
711 1310
711 1311
711 1312
711 1314
711 1323
711 1324
712 1282
712 1285
712 1288
712 1289
712 1290
712 1315
712 1316
712 1317
712 1318
712 1319
712 1320
712 1321
712 1322
712 1325
712 1330
712 1331
712 1334
713 1277
713 1278
713 1281
713 1283
713 1284
713 1326
713 1327
713 1328
713 1329
713 1332
713 1333
713 1335
713 1338
713 1339
714 1272
714 1273
714 1274
714 1276
714 1279
714 1280
714 1336
714 1337
714 1340
714 1343
714 1344
715 1268
715 1269
715 1271
715 1275
715 1341
715 1342
715 1345
715 1346
715 1347
716 1265
716 1266
716 1267
716 1270
716 1348
716 1349
716 1350
717 1262
717 1264
717 1351
717 1352
718 1259
718 1260
718 1261
718 1263
718 1353
719 1257
719 1258
719 1354
719 1355
720 1254
720 1255
720 1256
720 1356
720 1357
721 1252
721 1253
721 1358
721 1359
722 1251
722 1360
722 1361
723 1250
723 1362
724 1248
724 1249
724 1363
724 1364
725 1246
725 1247
725 1365
725 1366
726 1244
726 1245
726 1367
726 1368
727 1242
727 1243
727 1369
727 1370
727 1371
728 1240
728 1241
728 1372
728 1373
729 1239
729 1374
729 1375
730 1237
730 1238
730 1376
730 1377
731 1233
731 1235
731 1236
731 1378
732 1232
732 1234
732 1379
732 1380
733 1230
733 1231
733 1381
733 1382
734 1229
734 1383
735 1228
735 1384
735 1385
736 1226
736 1227
736 1386
737 1225
737 1387
738 1224
738 1388
739 1224
739 1389
739 1390
740 1223
740 1391
741 1222
741 1392
742 1221
742 1393
742 1394
743 1220
743 1395
744 1219
744 1396
745 1217
745 1218
745 1397
746 1216
746 1398
747 1215
747 1399
748 1214
748 1400
749 1213
749 1401
750 1212
750 1402
751 1211
751 1403
752 1210
752 1403
753 1209
753 1404
754 1209
754 1405
755 1208
755 1406
756 1207
756 1407
757 1206
757 1407
758 1205
758 1408
759 1204
759 1409
760 1203
760 1409
761 1202
761 1410
762 1202
762 1411
763 1201
763 1411
764 1201
764 1412
765 1200
765 1413
766 1199
766 1413
767 1199
767 1414
768 1198
768 1415
769 1197
769 1416
770 1197
770 1417
771 1196
771 1417
772 1196
772 1418
773 1195
773 1418
774 1195
774 1419
775 1194
775 1419
776 1193
776 1419
777 1193
777 1420
778 1192
778 1421
779 1192
779 1421
780 1191
780 1422
781 1190
781 1422
782 1190
782 1423
783 1189
783 1423
784 1189
784 1423
785 1188
785 1424
786 1188
786 1425
787 1187
787 1425
788 1187
788 1426
789 1186
789 1426
790 1185
790 1426
791 1185
791 1427
792 1184
792 1427
793 1184
793 1427
794 1184
794 1428
795 1183
795 1429
796 1183
796 1429
797 1182
797 1429
798 1182
798 1430
799 1182
799 1430
800 1181
800 1430
801 1181
801 1430
802 1181
802 1430
803 1180
803 1430
804 1180
804 1431
805 1180
805 1431
806 1180
806 1431
807 1179
807 1431
808 1179
808 1432
809 1179
809 1432
810 1179
810 1432
811 1179
811 1432
812 1179
812 1432
813 1179
813 1432
814 1178
814 1432
815 1178
815 1432
816 1178
816 1432
817 1178
817 1432
818 1178
818 1432
819 1178
819 1432
820 1178
820 1432
821 1177
821 1432
822 1177
822 1433
823 1177
823 1433
824 1177
824 1433
825 1177
825 1433
826 1177
826 1433
827 1177
827 1433
828 1177
828 1433
829 1177
829 1433
830 1177
830 1433
831 1176
831 1434
832 1176
832 1434
833 1176
833 1434
834 1176
834 1434
835 1176
835 1434
836 1176
836 1434
837 1176
837 1434
838 1176
838 1434
839 1176
839 1434
840 1176
840 1433
841 1176
841 1433
842 1176
842 1433
843 1176
843 1433
844 1176
844 1433
845 1176
845 1433
846 1176
846 1433
847 1176
847 1433
848 1176
848 1433
849 1176
849 1433
850 1176
850 1433
851 1176
851 1433
852 1177
852 1433
853 1177
853 1433
854 1177
854 1433
855 1177
855 1433
856 1177
856 1433
857 1177
857 1433
858 1177
858 1433
859 1177
859 1433
860 1177
860 1433
861 1177
861 1433
862 1177
862 1433
863 1177
863 1433
864 1178
864 1433
865 1178
865 1433
866 1178
866 1433
867 1178
867 1433
868 1178
868 1433
869 1178
869 1432
870 1179
870 1431
871 1179
871 1431
872 1179
872 1431
873 1179
873 1431
874 1179
874 1431
875 1179
875 1431
876 1180
876 1431
877 1180
877 1431
878 1180
878 1431
879 1180
879 1431
880 1181
880 1430
881 1181
881 1430
882 1181
882 1430
883 1182
883 1430
884 1182
884 1429
885 1182
885 1429
886 1183
886 1429
887 1183
887 1429
888 1184
888 1428
889 1184
889 1427
890 1184
890 1427
891 1185
891 1427
892 1185
892 1426
893 1186
893 1426
894 1186
894 1426
895 1186
895 1425
896 1187
896 1425
897 1187
897 1425
898 1188
898 1424
899 1188
899 1424
900 1189
900 1424
901 1189
901 1424
902 1190
902 1423
903 1191
903 1423
904 1192
904 1423
905 1192
905 1422
906 1193
906 1422
907 1193
907 1421
908 1194
908 1420
909 1194
909 1420
910 1195
910 1419
911 1195
911 1419
912 1196
912 1418
913 1196
913 1418
914 1197
914 1417
915 1198
915 1417
916 1198
916 1416
917 1199
917 1416
918 1200
918 1415
919 1201
919 1414
920 1201
920 1414
921 1202
921 1413
922 1202
922 1412
923 1203
923 1412
924 1204
924 1411
925 1205
925 1411
926 1206
926 1410
927 1206
927 1409
928 1207
928 1409
929 1208
929 1408
930 1209
930 1407
931 1210
931 1407
932 1211
932 1406
933 1212
933 1405
934 1213
934 1404
935 1214
935 1403
936 1215
936 1403
937 1216
937 1402
938 1217
938 1401
939 1218
939 1400
940 1219
940 1399
941 1220
941 1398
942 1221
942 1397
943 1222
943 1396
944 1223
944 1395
945 1224
945 1225
945 1394
946 1226
946 1393
947 1227
947 1392
948 1228
948 1390
948 1391
949 1229
949 1230
949 1389
950 1231
950 1387
950 1388
951 1232
951 1386
952 1233
952 1385
953 1234
953 1235
953 1383
953 1384
954 1236
954 1382
955 1237
955 1238
955 1380
955 1381
956 1239
956 1379
957 1240
957 1241
957 1377
957 1378
958 1242
958 1243
958 1376
959 1244
959 1245
959 1374
959 1375
960 1246
960 1247
960 1373
961 1248
961 1249
961 1371
961 1372
962 1250
962 1369
962 1370
963 1251
963 1252
963 1253
963 1368
964 1254
964 1255
964 1366
964 1367
965 1256
965 1257
965 1363
965 1364
965 1365
966 1258
966 1259
966 1361
966 1362
967 1260
967 1261
967 1262
967 1263
967 1359
967 1360
968 1264
968 1265
968 1266
968 1357
968 1358
969 1267
969 1268
969 1269
969 1355
969 1356
970 1270
970 1271
970 1273
970 1274
970 1353
970 1354
971 1272
971 1275
971 1278
971 1350
971 1351
971 1352
972 1276
972 1277
972 1279
972 1283
972 1284
972 1285
972 1341
972 1342
972 1343
972 1347
972 1348
972 1349
973 1280
973 1281
973 1282
973 1286
973 1289
973 1290
973 1336
973 1337
973 1340
973 1344
973 1345
973 1346
974 1287
974 1288
974 1291
974 1293
974 1294
974 1295
974 1296
974 1297
974 1298
974 1326
974 1327
974 1328
974 1329
974 1330
974 1331
974 1332
974 1333
974 1335
974 1338
974 1339
975 1292
975 1299
975 1302
975 1303
975 1304
975 1305
975 1306
975 1307
975 1308
975 1309
975 1310
975 1311
975 1312
975 1313
975 1314
975 1315
975 1316
975 1317
975 1318
975 1319
975 1320
975 1321
975 1322
975 1325
975 1334
976 1300
976 1301
976 1323
976 1324
