971 999
971 1010
971 1021
972 995
972 996
972 998
972 1000
972 1001
972 1002
972 1003
972 1004
972 1005
972 1006
972 1007
972 1008
972 1009
972 1011
972 1012
972 1013
972 1014
972 1015
972 1016
972 1017
972 1018
972 1019
972 1020
972 1022
972 1031
973 991
973 992
973 994
973 997
973 1023
973 1024
973 1025
973 1026
973 1027
973 1028
973 1029
973 1030
973 1032
973 1034
973 1035
974 990
974 993
974 1033
974 1036
974 1037
974 1038
975 985
975 986
975 989
975 1039
975 1041
976 980
976 981
976 984
976 987
976 988
976 1040
976 1042
976 1043
976 1044
977 976
977 977
977 979
977 982
977 983
977 1045
977 1046
978 970
978 972
978 973
978 975
978 978
978 1047
978 1048
979 967
979 968
979 969
979 971
979 974
979 1049
979 1050
980 964
980 965
980 966
980 1051
980 1052
981 961
981 962
981 963
981 1053
981 1054
982 958
982 959
982 960
982 1055
983 955
983 956
983 957
983 1056
983 1057
984 952
984 954
984 1058
984 1059
985 950
985 951
985 953
985 1060
985 1061
986 949
986 1062
986 1063
987 947
987 948
987 1064
988 945
988 946
988 1065
988 1066
989 943
989 944
989 1067
990 941
990 942
990 1068
991 940
991 1069
991 1070
992 938
992 939
992 1071
993 936
993 937
993 1072
993 1073
994 935
994 1074
995 934
995 1075
995 1076
996 934
996 1077
997 933
997 1078
997 1079
998 932
998 1080
999 930
999 931
999 1081
999 1082
1000 929
1000 1083
1001 927
1001 928
1001 1084
1001 1085
1002 926
1002 1086
1003 925
1003 1087
1004 924
1004 1088
1005 923
1005 1089
1006 922
1006 1090
1007 921
1007 1091
1008 920
1008 1092
1009 919
1009 1093
1010 918
1010 1093
1011 917
1011 1094
1012 916
1012 1095
1013 915
1013 1096
1014 914
1014 1097
1015 913
1015 1098
1016 913
1016 1099
1017 912
1017 1100
1018 912
1018 1101
1019 911
1019 1102
1020 910
1020 1103
1021 909
1021 1104
1022 908
1022 1105
1023 907
1023 1106
1024 907
1024 1106
1025 906
1025 1107
1026 906
1026 1108
1027 905
1027 1109
1028 904
1028 1109
1029 904
1029 1110
1030 903
1030 1110
1031 903
1031 1111
1032 902
1032 1112
1033 902
1033 1112
1034 901
1034 1113
1035 901
1035 1114
1036 900
1036 1114
1037 899
1037 1115
1038 899
1038 1115
1039 898
1039 1116
1040 898
1040 1116
1041 898
1041 1116
1042 897
1042 1116
1043 897
1043 1117
1044 896
1044 1117
1045 896
1045 1118
1046 895
1046 1118
1047 895
1047 1119
1048 894
1048 1119
1049 894
1049 1120
1050 893
1050 1120
1051 893
1051 1121
1052 892
1052 1122
1053 892
1053 1122
1054 892
1054 1123
1055 891
1055 1123
1056 891
1056 1124
1057 890
1057 1124
1058 890
1058 1124
1059 889
1059 1124
1060 889
1060 1124
1061 889
1061 1125
1062 888
1062 1125
1063 888
1063 1125
1064 887
1064 1125
1065 887
1065 1125
1066 887
1066 1125
1067 887
1067 1125
1068 887
1068 1125
1069 887
1069 1125
1070 886
1070 1126
1071 886
1071 1127
1072 886
1072 1127
1073 885
1073 1127
1074 885
1074 1127
1075 885
1075 1127
1076 884
1076 1127
1077 884
1077 1127
1078 884
1078 1127
1079 884
1079 1127
1080 883
1080 1128
1081 883
1081 1129
1082 883
1082 1129
1083 883
1083 1129
1084 883
1084 1129
1085 883
1085 1129
1086 883
1086 1129
1087 883
1087 1129
1088 883
1088 1129
1089 883
1089 1129
1090 883
1090 1129
1091 883
1091 1129
1092 883
1092 1129
1093 883
1093 1129
1094 883
1094 1129
1095 883
1095 1129
1096 883
1096 1129
1097 883
1097 1129
1098 883
1098 1129
1099 883
1099 1129
1100 883
1100 1129
1101 883
1101 1128
1102 883
1102 1128
1103 884
1103 1128
1104 884
1104 1128
1105 884
1105 1128
1106 884
1106 1128
1107 884
1107 1128
1108 884
1108 1128
1109 884
1109 1128
1110 884
1110 1128
1111 884
1111 1128
1112 884
1112 1128
1113 884
1113 1128
1114 884
1114 1128
1115 884
1115 1128
1116 884
1116 1128
1117 884
1117 1128
1118 884
1118 1128
1119 884
1119 1128
1120 884
1120 1127
1121 885
1121 1127
1122 885
1122 1127
1123 885
1123 1127
1124 886
1124 1127
1125 886
1125 1127
1126 886
1126 1127
1127 886
1127 1127
1128 887
1128 1127
1129 887
1129 1127
1130 887
1130 1127
1131 888
1131 1126
1132 888
1132 1126
1133 889
1133 1126
1134 889
1134 1126
1135 889
1135 1126
1136 890
1136 1126
1137 890
1137 1125
1138 890
1138 1125
1139 890
1139 1125
1140 891
1140 1125
1141 891
1141 1125
1142 891
1142 1124
1143 892
1143 1124
1144 892
1144 1123
1145 893
1145 1123
1146 893
1146 1123
1147 894
1147 1122
1148 894
1148 1122
1149 895
1149 1121
1150 895
1150 1121
1151 896
1151 1120
1152 896
1152 1120
1153 897
1153 1119
1154 897
1154 1119
1155 898
1155 1118
1156 898
1156 1118
1157 899
1157 1117
1158 900
1158 1117
1159 900
1159 1116
1160 901
1160 1116
1161 902
1161 1115
1162 903
1162 1114
1163 904
1163 1114
1164 905
1164 1113
1165 906
1165 1112
1166 907
1166 1111
1167 908
1167 1111
1168 908
1168 1110
1169 909
1169 1109
1170 910
1170 1109
1171 911
1171 1108
1172 912
1172 1107
1173 913
1173 1106
1174 914
1174 1105
1175 915
1175 1105
1176 916
1176 1104
1177 917
1177 1102
1177 1103
1178 918
1178 1101
1179 919
1179 1100
1180 920
1180 1099
1181 921
1181 922
1181 1098
1182 923
1182 1097
1183 924
1183 1096
1184 925
1184 1095
1185 926
1185 1094
1186 927
1186 1092
1186 1093
1187 928
1187 1091
1188 929
1188 1090
1189 930
1189 931
1189 1089
1190 932
1190 1087
1190 1088
1191 933
1191 1086
1192 934
1192 935
1192 1084
1192 1085
1193 936
1193 937
1193 1083
1194 938
1194 1082
1195 939
1195 940
1195 1080
1195 1081
1196 941
1196 1079
1197 942
1197 943
1197 944
1197 1077
1197 1078
1198 945
1198 946
1198 1075
1198 1076
1199 947
1199 948
1199 1073
1199 1074
1200 949
1200 1071
1200 1072
1201 950
1201 1069
1201 1070
1202 951
1202 952
1202 1067
1202 1068
1203 953
1203 954
1203 1065
1203 1066
1204 955
1204 1063
1204 1064
1205 956
1205 957
1205 958
1205 959
1205 1062
1206 960
1206 961
1206 1060
1206 1061
1207 962
1207 963
1207 964
1207 1058
1207 1059
1208 965
1208 967
1208 1052
1208 1053
1208 1056
1208 1057
1209 966
1209 968
1209 970
1209 1048
1209 1049
1209 1051
1209 1054
1209 1055
1210 969
1210 971
1210 973
1210 1044
1210 1047
1210 1050
1211 972
1211 974
1211 975
1211 1040
1211 1043
1211 1045
1211 1046
1212 976
1212 977
1212 978
1212 1033
1212 1034
1212 1035
1212 1036
1212 1039
1212 1041
1212 1042
1213 979
1213 980
1213 981
1213 984
1213 985
1213 986
1213 987
1213 1030
1213 1032
1213 1037
1213 1038
1214 982
1214 983
1214 988
1214 1021
1214 1022
1214 1023
1214 1024
1214 1025
1214 1026
1214 1027
1214 1029
1214 1031
1215 989
1215 990
1215 991
1215 993
1215 994
1215 995
1215 996
1215 997
1215 998
1215 999
1215 1003
1215 1004
1215 1005
1215 1006
1215 1007
1215 1008
1215 1009
1215 1011
1215 1012
1215 1013
1215 1014
1215 1015
1215 1016
1215 1017
1215 1020
1215 1028
1216 992
1216 1000
1216 1002
1216 1010
1216 1018
1216 1019
1217 1001
