897 999
898 988
898 989
898 998
898 1000
898 1007
898 1008
899 982
899 987
899 990
899 991
899 992
899 993
899 994
899 995
899 996
899 997
899 1001
899 1002
899 1003
899 1004
899 1005
899 1006
899 1009
899 1015
900 966
900 970
900 971
900 981
900 983
900 984
900 985
900 986
900 1010
900 1011
900 1012
900 1013
900 1014
900 1016
900 1020
900 1021
901 961
901 962
901 965
901 967
901 968
901 969
901 972
901 973
901 974
901 975
901 976
901 977
901 978
901 979
901 980
901 1017
901 1018
901 1019
901 1022
901 1025
901 1026
902 955
902 956
902 960
902 963
902 964
902 1023
902 1024
902 1027
902 1030
903 951
903 954
903 957
903 958
903 959
903 1028
903 1029
903 1031
903 1035
903 1036
904 948
904 949
904 950
904 952
904 953
904 1032
904 1033
904 1034
904 1037
904 1041
904 1042
905 945
905 946
905 947
905 1038
905 1039
905 1040
905 1043
905 1046
906 942
906 943
906 944
906 1044
906 1045
906 1047
906 1048
906 1049
907 940
907 941
907 1050
907 1051
907 1052
908 935
908 937
908 938
908 939
908 1053
908 1054
909 933
909 934
909 936
909 1055
909 1056
909 1057
910 930
910 931
910 932
910 1058
910 1059
911 927
911 928
911 929
911 1060
912 925
912 926
912 1061
912 1062
912 1063
913 922
913 923
913 924
913 1064
913 1065
913 1066
914 921
914 1067
914 1068
915 919
915 920
915 1069
915 1070
915 1071
916 917
916 918
916 1072
916 1073
916 1075
917 915
917 916
917 1074
917 1076
917 1077
917 1078
918 913
918 914
918 1079
918 1080
919 911
919 912
919 1081
919 1082
920 909
920 910
920 1083
920 1084
921 907
921 908
921 1085
921 1086
921 1087
922 905
922 906
922 1088
922 1089
923 903
923 904
923 1090
924 901
924 902
924 1091
925 899
925 900
925 1092
925 1093
926 897
926 898
926 1094
927 896
927 1095
927 1096
928 894
928 895
928 1097
928 1098
929 893
929 1099
930 891
930 892
930 1100
930 1101
931 889
931 890
931 1102
932 887
932 888
932 1103
932 1104
933 885
933 886
933 1105
933 1106
934 883
934 884
934 1107
935 881
935 882
935 1108
935 1109
936 879
936 880
936 1110
936 1111
937 878
937 1112
938 877
938 1113
938 1114
939 875
939 876
939 1115
939 1116
940 874
940 1117
940 1118
941 873
941 1119
942 872
942 1120
943 871
943 1121
943 1122
944 870
944 1123
945 869
945 1124
946 868
946 1125
947 866
947 867
947 1126
947 1127
948 865
948 1128
949 864
949 1129
950 863
950 1129
951 862
951 1130
952 861
952 1131
953 860
953 1132
954 859
954 1133
955 858
955 1134
956 857
956 1135
957 856
957 1136
958 855
958 1137
959 854
959 1138
960 853
960 1139
961 852
961 1140
962 851
962 1141
963 850
963 1142
964 849
964 1143
965 848
965 1144
966 847
966 1145
967 846
967 1146
968 845
968 1147
969 844
969 1148
970 843
970 1149
971 842
971 1150
972 841
972 1150
973 841
973 1151
974 840
974 1152
975 839
975 1153
976 839
976 1154
977 838
977 1155
978 837
978 1155
979 837
979 1156
980 836
980 1157
981 835
981 1158
982 835
982 1159
983 834
983 1159
984 834
984 1160
985 833
985 1161
986 832
986 1162
987 832
987 1163
988 831
988 1163
989 831
989 1164
990 830
990 1165
991 829
991 1165
992 829
992 1166
993 828
993 1167
994 828
994 1167
995 827
995 1168
996 826
996 1168
997 826
997 1169
998 825
998 1170
999 824
999 1170
1000 824
1000 1171
1001 823
1001 1172
1002 822
1002 1172
1003 822
1003 1173
1004 821
1004 1173
1005 821
1005 1174
1006 820
1006 1175
1007 820
1007 1175
1008 819
1008 1176
1009 818
1009 1176
1010 818
1010 1177
1011 818
1011 1178
1012 818
1012 1178
1013 817
1013 1179
1014 817
1014 1179
1015 816
1015 1180
1016 816
1016 1180
1017 816
1017 1181
1018 815
1018 1181
1019 815
1019 1182
1020 815
1020 1182
1021 814
1021 1182
1022 814
1022 1183
1023 814
1023 1183
1024 813
1024 1183
1025 813
1025 1184
1026 813
1026 1184
1027 813
1027 1185
1028 812
1028 1185
1029 812
1029 1185
1030 812
1030 1186
1031 811
1031 1186
1032 811
1032 1186
1033 811
1033 1187
1034 810
1034 1187
1035 810
1035 1187
1036 810
1036 1188
1037 809
1037 1188
1038 809
1038 1188
1039 809
1039 1189
1040 808
1040 1189
1041 808
1041 1189
1042 807
1042 1190
1043 806
1043 1190
1044 806
1044 1190
1045 806
1045 1191
1046 806
1046 1191
1047 805
1047 1191
1048 805
1048 1192
1049 805
1049 1192
1050 805
1050 1192
1051 804
1051 1193
1052 804
1052 1193
1053 804
1053 1193
1054 804
1054 1194
1055 803
1055 1194
1056 803
1056 1194
1057 803
1057 1194
1058 803
1058 1194
1059 803
1059 1194
1060 803
1060 1195
1061 803
1061 1195
1062 803
1062 1195
1063 803
1063 1195
1064 803
1064 1195
1065 803
1065 1195
1066 803
1066 1195
1067 803
1067 1195
1068 803
1068 1195
1069 803
1069 1196
1070 803
1070 1197
1071 803
1071 1197
1072 802
1072 1197
1073 802
1073 1197
1074 802
1074 1197
1075 802
1075 1197
1076 802
1076 1197
1077 802
1077 1198
1078 802
1078 1198
1079 802
1079 1198
1080 802
1080 1198
1081 802
1081 1198
1082 802
1082 1198
1083 802
1083 1198
1084 802
1084 1199
1085 802
1085 1199
1086 802
1086 1199
1087 802
1087 1199
1088 802
1088 1199
1089 802
1089 1199
1090 802
1090 1199
1091 802
1091 1199
1092 802
1092 1200
1093 802
1093 1200
1094 802
1094 1200
1095 802
1095 1200
1096 802
1096 1200
1097 802
1097 1200
1098 802
1098 1200
1099 802
1099 1200
1100 802
1100 1199
1101 802
1101 1199
1102 802
1102 1199
1103 802
1103 1199
1104 802
1104 1199
1105 802
1105 1199
1106 802
1106 1199
1107 802
1107 1199
1108 802
1108 1199
1109 802
1109 1199
1110 802
1110 1199
1111 802
1111 1199
1112 802
1112 1199
1113 803
1113 1199
1114 803
1114 1199
1115 803
1115 1199
1116 803
1116 1198
1117 803
1117 1198
1118 803
1118 1198
1119 803
1119 1198
1120 803
1120 1198
1121 803
1121 1198
1122 803
1122 1198
1123 803
1123 1198
1124 803
1124 1198
1125 803
1125 1198
1126 803
1126 1198
1127 803
1127 1198
1128 803
1128 1198
1129 803
1129 1198
1130 803
1130 1198
1131 803
1131 1198
1132 804
1132 1197
1133 804
1133 1197
1134 804
1134 1197
1135 804
1135 1197
1136 804
1136 1197
1137 804
1137 1197
1138 804
1138 1197
1139 804
1139 1197
1140 804
1140 1196
1141 805
1141 1196
1142 805
1142 1196
1143 805
1143 1196
1144 805
1144 1196
1145 805
1145 1196
1146 806
1146 1196
1147 806
1147 1196
1148 807
1148 1195
1149 807
1149 1194
1150 807
1150 1194
1151 808
1151 1194
1152 808
1152 1194
1153 809
1153 1193
1154 809
1154 1193
1155 809
1155 1193
1156 810
1156 1193
1157 810
1157 1192
1158 810
1158 1192
1159 811
1159 1192
1160 811
1160 1192
1161 811
1161 1191
1162 811
1162 1191
1163 812
1163 1191
1164 812
1164 1191
1165 813
1165 1190
1166 813
1166 1190
1167 814
1167 1190
1168 814
1168 1189
1169 814
1169 1189
1170 815
1170 1189
1171 815
1171 1188
1172 816
1172 1188
1173 816
1173 1188
1174 817
1174 1187
1175 818
1175 1187
1176 819
1176 1187
1177 819
1177 1186
1178 820
1178 1186
1179 820
1179 1186
1180 821
1180 1185
1181 821
1181 1185
1182 822
1182 1185
1183 822
1183 1184
1184 823
1184 1184
1185 823
1185 1183
1186 824
1186 1183
1187 824
1187 1183
1188 825
1188 1182
1189 825
1189 1182
1190 826
1190 1181
1191 827
1191 1181
1192 828
1192 1181
1193 828
1193 1180
1194 829
1194 1180
1195 830
1195 1179
1196 831
1196 1178
1197 831
1197 1178
1198 832
1198 1177
1199 833
1199 1177
1200 834
1200 1176
1201 834
1201 1175
1202 835
1202 1175
1203 836
1203 1174
1204 837
1204 1174
1205 837
1205 1173
1206 838
1206 1173
1207 839
1207 1172
1208 840
1208 1171
1209 840
1209 1171
1210 841
1210 1171
1211 842
1211 1170
1212 843
1212 1170
1213 844
1213 1169
1214 845
1214 1168
1215 846
1215 1168
1216 847
1216 1167
1217 847
1217 1167
1218 848
1218 1166
1219 849
1219 1166
1220 850
1220 1165
1221 850
1221 1164
1222 851
1222 1163
1223 852
1223 1162
1224 853
1224 1161
1225 853
1225 1161
1226 854
1226 1160
1227 855
1227 1159
1228 856
1228 1158
1229 857
1229 1157
1230 858
1230 1157
1231 858
1231 1156
1232 859
1232 1155
1233 860
1233 1154
1234 861
1234 1153
1235 862
1235 1152
1236 863
1236 1151
1237 863
1237 1150
1238 864
1238 1149
1239 865
1239 1148
1240 866
1240 1147
1241 867
1241 1146
1242 868
1242 1145
1243 869
1243 1144
1244 869
1244 1143
1245 870
1245 1142
1246 871
1246 1142
1247 872
1247 1141
1248 873
1248 1140
1249 874
1249 1139
1250 875
1250 1138
1251 876
1251 1137
1252 877
1252 1136
1253 878
1253 1135
1254 879
1254 1134
1255 880
1255 1133
1256 881
1256 1132
1257 882
1257 1130
1257 1131
1258 883
1258 1128
1258 1129
1259 884
1259 1127
1260 885
1260 1125
1260 1126
1261 886
1261 1124
1262 887
1262 888
1262 1123
1263 889
1263 1121
1263 1122
1264 890
1264 891
1264 1120
1265 892
1265 1118
1265 1119
1266 893
1266 894
1266 1117
1267 895
1267 1116
1268 896
1268 897
1268 1114
1268 1115
1269 898
1269 1113
1270 899
1270 900
1270 1111
1270 1112
1271 901
1271 1110
1272 902
1272 903
1272 1108
1272 1109
1273 904
1273 1107
1274 905
1274 906
1274 1104
1274 1105
1274 1106
1275 907
1275 1103
1276 908
1276 1102
1277 909
1277 1100
1277 1101
1278 910
1278 911
1278 1098
1278 1099
1279 912
1279 913
1279 1097
1280 914
1280 915
1280 1095
1280 1096
1281 916
1281 1093
1281 1094
1282 917
1282 918
1282 1091
1282 1092
1283 919
1283 920
1283 1089
1283 1090
1284 921
1284 922
1284 1087
1284 1088
1285 923
1285 924
1285 1085
1285 1086
1286 925
1286 926
1286 1082
1286 1083
1286 1084
1287 927
1287 928
1287 929
1287 1080
1287 1081
1288 930
1288 931
1288 1077
1288 1078
1288 1079
1289 932
1289 933
1289 934
1289 1075
1289 1076
1290 935
1290 936
1290 1072
1290 1073
1290 1074
1291 937
1291 938
1291 939
1291 1069
1291 1070
1291 1071
1292 940
1292 941
1292 1066
1292 1067
1292 1068
1293 942
1293 943
1293 944
1293 1060
1293 1063
1293 1064
1293 1065
1294 945
1294 946
1294 1059
1294 1061
1294 1062
1295 947
1295 948
1295 949
1295 1056
1295 1057
1295 1058
1296 950
1296 951
1296 953
1296 954
1296 1053
1296 1054
1296 1055
1297 952
1297 955
1297 958
1297 1050
1297 1051
1297 1052
1298 956
1298 957
1298 959
1298 962
1298 963
1298 1040
1298 1041
1298 1042
1298 1043
1298 1044
1298 1045
1298 1047
1298 1048
1298 1049
1299 960
1299 961
1299 964
1299 967
1299 969
1299 970
1299 971
1299 972
1299 973
1299 974
1299 1032
1299 1033
1299 1034
1299 1035
1299 1036
1299 1037
1299 1039
1299 1046
1300 965
1300 966
1300 968
1300 975
1300 978
1300 979
1300 980
1300 981
1300 1022
1300 1023
1300 1024
1300 1025
1300 1026
1300 1027
1300 1028
1300 1031
1300 1038
1301 976
1301 977
1301 982
1301 984
1301 985
1301 986
1301 987
1301 988
1301 989
1301 990
1301 991
1301 992
1301 993
1301 994
1301 995
1301 996
1301 997
1301 1001
1301 1002
1301 1003
1301 1004
1301 1005
1301 1006
1301 1007
1301 1008
1301 1009
1301 1010
1301 1011
1301 1012
1301 1013
1301 1015
1301 1016
1301 1017
1301 1018
1301 1021
1301 1029
1301 1030
1302 983
1302 998
1302 1000
1302 1014
1302 1019
1302 1020
1303 999
