682 827
683 820
683 826
683 828
683 842
684 813
684 819
684 821
684 822
684 823
684 824
684 825
684 829
684 830
684 831
684 832
684 833
684 834
684 835
684 836
684 837
684 838
684 839
684 840
684 841
684 843
684 853
684 854
684 856
685 806
685 812
685 814
685 815
685 816
685 817
685 818
685 844
685 845
685 846
685 847
685 848
685 849
685 850
685 851
685 852
685 855
685 857
685 861
685 862
686 798
686 799
686 805
686 807
686 808
686 809
686 810
686 811
686 858
686 859
686 860
686 863
686 866
686 867
687 795
687 796
687 797
687 800
687 801
687 802
687 803
687 804
687 864
687 865
687 868
687 870
688 791
688 792
688 794
688 869
688 871
688 873
688 874
689 787
689 788
689 790
689 793
689 872
689 875
689 876
689 877
690 785
690 786
690 789
690 878
690 879
690 880
691 782
691 783
691 784
691 881
691 882
691 883
691 884
692 779
692 780
692 781
692 885
692 886
692 887
693 776
693 777
693 778
693 888
693 889
693 890
694 772
694 773
694 774
694 775
694 891
694 892
695 769
695 770
695 771
695 893
695 894
695 895
696 766
696 767
696 768
696 896
696 897
697 764
697 765
697 898
697 899
697 900
698 761
698 762
698 763
698 901
698 902
699 758
699 759
699 760
699 903
699 904
700 756
700 757
700 905
700 906
701 754
701 755
701 907
701 908
702 752
702 753
702 909
702 910
703 750
703 751
703 911
703 912
704 748
704 749
704 913
704 914
705 746
705 747
705 915
705 916
706 744
706 745
706 917
706 918
707 742
707 743
707 919
707 920
708 741
708 921
708 922
709 739
709 740
709 923
710 737
710 738
710 924
711 736
711 925
711 926
712 734
712 735
712 927
712 928
713 733
713 929
713 930
714 732
714 931
714 932
715 731
715 933
715 934
716 729
716 730
716 935
716 936
717 728
717 937
718 726
718 727
718 938
719 725
719 939
719 940
720 723
720 724
720 941
721 722
721 942
722 721
722 943
722 944
723 720
723 945
724 719
724 946
725 717
725 718
725 947
726 716
726 948
727 715
727 949
728 714
728 950
729 713
729 951
730 711
730 712
730 951
731 710
731 952
732 709
732 953
733 708
733 954
734 707
734 954
735 706
735 955
736 705
736 955
737 704
737 956
738 703
738 957
739 702
739 958
740 701
740 959
741 701
741 960
742 700
742 960
743 699
743 961
744 698
744 962
745 697
745 963
746 696
746 963
747 696
747 964
748 695
748 964
749 694
749 965
750 693
750 966
751 692
751 966
752 691
752 967
753 690
753 968
754 690
754 968
755 689
755 969
756 689
756 970
757 688
757 970
758 688
758 971
759 687
759 972
760 686
760 973
761 686
761 974
762 685
762 974
763 685
763 975
764 684
764 975
765 684
765 976
766 683
766 976
767 683
767 977
768 682
768 977
769 682
769 978
770 681
770 978
771 681
771 978
772 680
772 979
773 680
773 980
774 679
774 980
775 679
775 981
776 678
776 981
777 677
777 982
778 677
778 982
779 676
779 983
780 676
780 983
781 675
781 984
782 674
782 984
783 674
783 985
784 673
784 985
785 673
785 986
786 672
786 986
787 672
787 987
788 671
788 987
789 671
789 987
790 671
790 988
791 671
791 988
792 671
792 989
793 670
793 989
794 670
794 989
795 670
795 989
796 670
796 989
797 670
797 990
798 670
798 990
799 670
799 991
800 669
800 991
801 669
801 991
802 669
802 992
803 669
803 992
804 669
804 993
805 669
805 993
806 669
806 993
807 668
807 994
808 668
808 994
809 668
809 994
810 668
810 995
811 668
811 995
812 668
812 995
813 668
813 996
814 668
814 996
815 667
815 996
816 667
816 996
817 667
817 997
818 667
818 997
819 667
819 997
820 667
820 997
821 667
821 997
822 667
822 998
823 667
823 999
824 667
824 999
825 667
825 999
826 667
826 999
827 667
827 999
828 667
828 999
829 667
829 999
830 667
830 999
831 667
831 999
832 667
832 999
833 667
833 999
834 667
834 999
835 667
835 999
836 667
836 1000
837 667
837 1001
838 668
838 1001
839 668
839 1001
840 668
840 1001
841 668
841 1001
842 668
842 1001
843 668
843 1001
844 668
844 1002
845 668
845 1002
846 669
846 1002
847 669
847 1002
848 669
848 1002
849 669
849 1002
850 669
850 1002
851 669
851 1003
852 669
852 1003
853 669
853 1003
854 669
854 1003
855 669
855 1003
856 669
856 1003
857 669
857 1003
858 669
858 1003
859 669
859 1003
860 669
860 1003
861 669
861 1003
862 669
862 1003
863 670
863 1003
864 670
864 1002
865 670
865 1002
866 670
866 1002
867 670
867 1002
868 670
868 1002
869 670
869 1002
870 670
870 1002
871 670
871 1002
872 670
872 1002
873 671
873 1002
874 671
874 1002
875 671
875 1002
876 671
876 1002
877 672
877 1002
878 672
878 1002
879 672
879 1002
880 673
880 1002
881 673
881 1002
882 673
882 1002
883 673
883 1002
884 674
884 1002
885 674
885 1002
886 674
886 1002
887 675
887 1002
888 675
888 1002
889 675
889 1002
890 676
890 1002
891 676
891 1002
892 676
892 1002
893 677
893 1002
894 677
894 1002
895 677
895 1002
896 678
896 1002
897 678
897 1002
898 678
898 1002
899 679
899 1002
900 679
900 1002
901 679
901 1002
902 679
902 1002
903 680
903 1002
904 680
904 1002
905 680
905 1001
906 681
906 1001
907 681
907 1001
908 681
908 1001
909 682
909 1000
910 682
910 1000
911 682
911 1000
912 682
912 1000
913 683
913 999
914 683
914 999
915 683
915 999
916 684
916 999
917 684
917 998
918 684
918 998
919 685
919 998
920 685
920 998
921 685
921 997
922 686
922 996
923 686
923 996
924 686
924 996
925 687
925 996
926 687
926 996
927 687
927 995
928 688
928 995
929 688
929 995
930 688
930 994
931 689
931 994
932 689
932 994
933 689
933 994
934 690
934 993
935 690
935 993
936 691
936 993
937 691
937 993
938 692
938 993
939 692
939 992
940 692
940 992
941 693
941 992
942 693
942 991
943 694
943 991
944 694
944 991
945 695
945 990
946 695
946 990
947 696
947 990
948 696
948 989
949 697
949 988
950 697
950 988
951 698
951 987
952 698
952 987
953 699
953 986
954 699
954 986
955 700
955 985
956 701
956 985
957 702
957 984
958 702
958 983
959 703
959 983
960 704
960 982
961 704
961 981
962 705
962 981
963 705
963 980
964 706
964 979
965 707
965 979
966 707
966 978
967 707
967 978
968 708
968 977
969 709
969 977
970 709
970 976
971 710
971 975
972 711
972 975
973 711
973 974
974 712
974 974
975 713
975 973
976 713
976 972
977 714
977 715
977 971
978 716
978 971
979 717
979 970
980 718
980 969
981 719
981 968
982 719
982 967
983 720
983 967
984 721
984 966
985 722
985 965
986 723
986 964
987 723
987 963
988 724
988 962
989 725
989 961
990 726
990 960
991 727
991 959
992 728
992 958
993 728
993 957
994 729
994 956
995 730
995 956
996 731
996 955
997 732
997 954
998 733
998 953
999 734
999 952
1000 735
1000 951
1001 736
1001 950
1002 737
1002 949
1003 738
1003 739
1003 948
1004 740
1004 947
1005 741
1005 945
1005 946
1006 742
1006 944
1007 743
1007 943
1008 744
1008 941
1008 942
1009 745
1009 940
1010 746
1010 939
1011 747
1011 748
1011 937
1011 938
1012 749
1012 936
1013 750
1013 934
1013 935
1014 751
1014 752
1014 932
1014 933
1015 753
1015 931
1016 754
1016 929
1016 930
1017 755
1017 756
1017 928
1018 757
1018 926
1018 927
1019 758
1019 925
1020 759
1020 760
1020 923
1020 924
1021 761
1021 922
1022 762
1022 763
1022 920
1022 921
1023 764
1023 919
1024 765
1024 766
1024 917
1024 918
1025 767
1025 915
1025 916
1026 768
1026 914
1027 769
1027 770
1027 912
1027 913
1028 771
1028 911
1029 772
1029 910
1030 773
1030 907
1030 908
1030 909
1031 774
1031 905
1031 906
1032 775
1032 776
1032 903
1032 904
1033 777
1033 778
1033 901
1033 902
1034 779
1034 898
1034 899
1034 900
1035 780
1035 781
1035 896
1035 897
1036 782
1036 783
1036 893
1036 894
1036 895
1037 784
1037 787
1037 890
1037 891
1037 892
1038 785
1038 786
1038 788
1038 883
1038 887
1038 888
1038 889
1039 789
1039 790
1039 791
1039 879
1039 882
1039 884
1039 885
1039 886
1040 792
1040 793
1040 794
1040 876
1040 878
1040 880
1040 881
1041 795
1041 796
1041 797
1041 801
1041 802
1041 803
1041 804
1041 872
1041 875
1041 877
1042 798
1042 799
1042 800
1042 805
1042 808
1042 809
1042 810
1042 863
1042 864
1042 865
1042 866
1042 867
1042 868
1042 869
1042 871
1042 873
1042 874
1043 806
1043 807
1043 811
1043 814
1043 815
1043 816
1043 817
1043 818
1043 819
1043 820
1043 821
1043 822
1043 858
1043 859
1043 862
1043 870
1044 812
1044 813
1044 823
1044 825
1044 826
1044 827
1044 828
1044 829
1044 830
1044 831
1044 832
1044 833
1044 834
1044 835
1044 836
1044 837
1044 838
1044 839
1044 840
1044 844
1044 845
1044 846
1044 847
1044 848
1044 849
1044 850
1044 851
1044 852
1044 853
1044 854
1044 855
1044 857
1044 860
1044 861
1045 824
1045 841
1045 843
1045 856
1046 842
