771 829
771 836
772 814
772 821
772 828
772 830
772 831
772 832
772 833
772 834
772 835
772 837
772 844
773 810
773 813
773 815
773 816
773 817
773 818
773 819
773 820
773 822
773 823
773 824
773 825
773 826
773 827
773 838
773 839
773 840
773 841
773 842
773 843
773 845
773 848
774 807
774 809
774 811
774 812
774 846
774 847
774 849
774 851
775 803
775 804
775 806
775 808
775 850
775 852
775 855
775 858
776 800
776 802
776 805
776 853
776 854
776 856
776 857
776 859
776 861
776 862
777 798
777 799
777 801
777 860
777 863
777 864
777 865
778 796
778 797
778 866
779 794
779 795
779 867
779 868
780 792
780 793
780 869
780 870
780 871
780 872
781 791
781 873
781 874
782 789
782 790
782 875
782 876
783 788
783 877
783 878
784 786
784 787
784 879
785 784
785 785
785 880
785 881
786 782
786 783
786 882
786 883
787 781
787 884
787 885
788 780
788 886
788 887
789 778
789 779
789 888
790 777
790 889
790 890
791 775
791 776
791 891
792 774
792 892
793 773
793 893
794 771
794 772
794 894
795 770
795 895
795 896
796 769
796 897
797 768
797 898
797 899
798 768
798 900
799 767
799 901
800 766
800 902
801 765
801 903
802 765
802 903
803 764
803 904
804 763
804 905
805 762
805 906
806 761
806 907
807 760
807 908
808 759
808 908
809 758
809 909
810 757
810 910
811 757
811 911
812 756
812 912
813 756
813 912
814 756
814 913
815 755
815 914
816 754
816 915
817 754
817 915
818 753
818 916
819 752
819 917
820 751
820 917
821 751
821 918
822 750
822 918
823 749
823 919
824 749
824 919
825 748
825 919
826 747
826 919
827 747
827 919
828 747
828 920
829 746
829 920
830 746
830 921
831 746
831 921
832 746
832 922
833 746
833 922
834 746
834 922
835 745
835 923
836 745
836 923
837 745
837 923
838 745
838 924
839 744
839 924
840 744
840 924
841 744
841 925
842 743
842 926
843 743
843 926
844 743
844 926
845 742
845 926
846 742
846 926
847 742
847 926
848 742
848 926
849 742
849 926
850 742
850 926
851 741
851 926
852 741
852 926
853 741
853 926
854 741
854 926
855 741
855 926
856 741
856 926
857 741
857 927
858 741
858 927
859 741
859 927
860 741
860 927
861 741
861 927
862 741
862 927
863 741
863 927
864 741
864 927
865 741
865 927
866 741
866 927
867 741
867 927
868 741
868 927
869 741
869 927
870 741
870 927
871 741
871 927
872 741
872 927
873 741
873 927
874 741
874 927
875 741
875 927
876 741
876 927
877 741
877 927
878 741
878 927
879 742
879 927
880 742
880 927
881 742
881 927
882 743
882 926
883 743
883 925
884 743
884 925
885 744
885 925
886 744
886 925
887 744
887 925
888 744
888 925
889 744
889 925
890 744
890 925
891 744
891 925
892 745
892 925
893 745
893 925
894 745
894 925
895 745
895 924
896 745
896 923
897 745
897 923
898 745
898 923
899 745
899 923
900 746
900 923
901 746
901 922
902 747
902 922
903 747
903 922
904 747
904 921
905 748
905 921
906 748
906 920
907 748
907 920
908 749
908 919
909 749
909 919
910 750
910 918
911 750
911 918
912 751
912 918
913 751
913 917
914 752
914 917
915 752
915 916
916 753
916 916
917 753
917 915
918 754
918 914
919 755
919 914
920 756
920 913
921 756
921 912
922 757
922 912
923 757
923 911
924 758
924 910
925 758
925 910
926 759
926 909
927 759
927 909
928 760
928 908
929 760
929 908
930 761
930 907
931 762
931 906
932 762
932 905
933 763
933 905
934 764
934 904
935 765
935 903
936 766
936 902
937 767
937 768
937 901
938 769
938 901
939 770
939 900
940 771
940 899
941 772
941 898
942 773
942 898
943 774
943 897
944 775
944 896
945 776
945 894
945 895
946 777
946 893
947 778
947 779
947 892
948 780
948 891
949 781
949 888
949 889
949 890
950 782
950 783
950 887
951 784
951 885
951 886
952 785
952 883
952 884
953 786
953 882
954 787
954 788
954 880
954 881
955 789
955 878
955 879
956 790
956 791
956 792
956 793
956 876
956 877
957 794
957 795
957 875
958 796
958 797
958 873
958 874
959 798
959 871
959 872
960 799
960 800
960 866
960 868
960 869
960 870
961 801
961 802
961 803
961 807
961 862
961 865
961 867
962 804
962 805
962 806
962 808
962 811
962 859
962 861
962 863
962 864
963 809
963 810
963 812
963 814
963 815
963 816
963 817
963 849
963 850
963 851
963 853
963 854
963 855
963 858
963 860
964 813
964 818
964 848
964 852
964 856
964 857
965 819
965 820
965 822
965 823
965 824
965 825
965 826
965 827
965 828
965 829
965 830
965 831
965 832
965 833
965 834
965 835
965 836
965 837
965 838
965 839
965 840
965 841
965 842
965 843
965 844
965 846
965 847
966 821
966 845
