965 926
965 933
965 942
965 950
966 919
966 925
966 927
966 928
966 929
966 930
966 931
966 932
966 934
966 935
966 936
966 937
966 938
966 939
966 940
966 941
966 943
966 944
966 945
966 946
966 947
966 948
966 949
966 951
966 956
966 957
966 958
967 915
967 918
967 920
967 921
967 922
967 923
967 924
967 952
967 953
967 954
967 955
967 959
967 961
967 962
968 911
968 914
968 916
968 917
968 960
968 963
968 964
968 965
969 908
969 909
969 910
969 912
969 913
969 966
970 905
970 907
970 967
970 968
970 969
971 902
971 903
971 904
971 906
971 970
971 971
972 900
972 901
972 972
972 973
972 974
973 899
973 975
973 976
973 977
974 897
974 898
974 978
974 979
975 895
975 896
975 980
975 981
976 892
976 893
976 894
976 982
977 890
977 891
977 983
977 984
978 888
978 889
978 985
979 887
979 986
979 987
980 885
980 886
980 988
981 884
981 989
982 881
982 882
982 883
982 990
982 991
983 880
983 992
984 879
984 993
984 994
985 877
985 878
985 995
986 876
986 996
986 997
987 875
987 998
988 874
988 999
989 873
989 1000
990 872
990 1001
991 870
991 871
991 1002
992 869
992 1003
993 868
993 1004
994 867
994 1004
995 865
995 866
995 1005
996 864
996 1006
997 863
997 1007
998 862
998 1008
999 861
999 1009
1000 860
1000 1010
1001 859
1001 1011
1002 859
1002 1012
1003 859
1003 1013
1004 858
1004 1013
1005 857
1005 1014
1006 857
1006 1015
1007 856
1007 1015
1008 856
1008 1016
1009 855
1009 1017
1010 855
1010 1018
1011 854
1011 1018
1012 854
1012 1019
1013 853
1013 1019
1014 853
1014 1020
1015 852
1015 1020
1016 852
1016 1021
1017 852
1017 1022
1018 851
1018 1022
1019 851
1019 1023
1020 851
1020 1023
1021 850
1021 1024
1022 849
1022 1024
1023 849
1023 1024
1024 849
1024 1024
1025 849
1025 1024
1026 849
1026 1025
1027 849
1027 1025
1028 848
1028 1026
1029 848
1029 1026
1030 848
1030 1026
1031 847
1031 1027
1032 847
1032 1027
1033 846
1033 1027
1034 846
1034 1028
1035 846
1035 1029
1036 846
1036 1029
1037 846
1037 1029
1038 846
1038 1029
1039 846
1039 1029
1040 846
1040 1029
1041 846
1041 1029
1042 846
1042 1029
1043 846
1043 1029
1044 846
1044 1030
1045 846
1045 1030
1046 845
1046 1030
1047 845
1047 1030
1048 845
1048 1030
1049 845
1049 1030
1050 845
1050 1030
1051 845
1051 1030
1052 845
1052 1030
1053 845
1053 1030
1054 845
1054 1030
1055 845
1055 1030
1056 845
1056 1030
1057 844
1057 1030
1058 844
1058 1030
1059 844
1059 1030
1060 844
1060 1030
1061 844
1061 1030
1062 844
1062 1030
1063 844
1063 1030
1064 844
1064 1031
1065 844
1065 1031
1066 844
1066 1031
1067 844
1067 1031
1068 844
1068 1031
1069 844
1069 1031
1070 844
1070 1031
1071 844
1071 1031
1072 844
1072 1031
1073 844
1073 1031
1074 844
1074 1030
1075 845
1075 1030
1076 845
1076 1030
1077 845
1077 1030
1078 845
1078 1030
1079 845
1079 1030
1080 845
1080 1030
1081 845
1081 1030
1082 845
1082 1030
1083 845
1083 1030
1084 846
1084 1030
1085 846
1085 1030
1086 846
1086 1030
1087 846
1087 1030
1088 846
1088 1030
1089 847
1089 1030
1090 847
1090 1029
1091 847
1091 1029
1092 847
1092 1029
1093 847
1093 1029
1094 847
1094 1029
1095 848
1095 1028
1096 848
1096 1028
1097 849
1097 1028
1098 850
1098 1028
1099 850
1099 1028
1100 851
1100 1027
1101 851
1101 1027
1102 852
1102 1027
1103 852
1103 1026
1104 853
1104 1026
1105 854
1105 1025
1106 854
1106 1024
1107 855
1107 1024
1108 856
1108 1024
1109 856
1109 1023
1110 857
1110 1023
1111 857
1111 1022
1112 858
1112 1021
1113 859
1113 1021
1114 859
1114 1020
1115 860
1115 1020
1116 861
1116 1020
1117 862
1117 1019
1118 862
1118 1018
1119 863
1119 1018
1120 864
1120 1017
1121 864
1121 1017
1122 865
1122 1016
1123 866
1123 1015
1124 866
1124 1014
1125 867
1125 1013
1126 868
1126 1012
1127 868
1127 1012
1128 869
1128 1011
1129 870
1129 1010
1130 871
1130 1009
1131 872
1131 1008
1132 873
1132 1007
1133 874
1133 1006
1134 875
1134 1005
1135 876
1135 1004
1136 877
1136 1003
1137 878
1137 879
1137 1002
1138 880
1138 1001
1139 881
1139 1000
1140 882
1140 999
1141 883
1141 997
1141 998
1142 883
1142 996
1143 884
1143 995
1144 885
1144 886
1144 991
1144 992
1144 993
1144 994
1145 887
1145 888
1145 989
1145 990
1146 889
1146 890
1146 891
1146 892
1146 987
1146 988
1147 893
1147 894
1147 985
1147 986
1148 895
1148 896
1148 984
1149 897
1149 982
1149 983
1150 898
1150 899
1150 979
1150 980
1150 981
1151 900
1151 901
1151 902
1151 974
1151 977
1151 978
1152 903
1152 904
1152 906
1152 973
1152 975
1152 976
1153 905
1153 907
1153 971
1153 972
1154 908
1154 909
1154 910
1154 914
1154 915
1154 968
1154 969
1154 970
1155 911
1155 912
1155 913
1155 916
1155 919
1155 964
1155 966
1155 967
1156 917
1156 918
1156 920
1156 922
1156 923
1156 959
1156 960
1156 963
1156 965
1157 921
1157 924
1157 927
1157 954
1157 955
1157 958
1157 961
1157 962
1158 925
1158 926
1158 928
1158 930
1158 931
1158 932
1158 933
1158 934
1158 935
1158 936
1158 937
1158 939
1158 940
1158 941
1158 942
1158 943
1158 944
1158 945
1158 946
1158 947
1158 948
1158 949
1158 950
1158 953
1158 956
1158 957
1159 929
1159 938
1159 951
1159 952
