865 903
866 888
866 902
866 904
866 917
866 918
867 873
867 879
867 880
867 887
867 889
867 890
867 891
867 892
867 893
867 894
867 895
867 896
867 897
867 898
867 899
867 900
867 901
867 905
867 906
867 907
867 908
867 909
867 910
867 911
867 912
867 913
867 914
867 915
867 916
867 919
867 927
867 928
867 932
868 867
868 868
868 872
868 874
868 875
868 876
868 877
868 878
868 881
868 882
868 883
868 884
868 885
868 886
868 920
868 921
868 922
868 923
868 924
868 925
868 926
868 929
868 930
868 931
868 933
868 936
868 937
869 861
869 862
869 866
869 869
869 870
869 871
869 934
869 935
869 938
869 941
869 942
870 858
870 860
870 863
870 864
870 865
870 939
870 940
870 943
870 945
870 946
870 947
871 856
871 857
871 859
871 944
871 948
871 949
871 950
872 853
872 854
872 855
872 951
872 952
872 953
873 850
873 851
873 852
873 954
873 955
874 848
874 849
874 956
874 957
874 958
875 845
875 846
875 847
875 959
875 960
875 961
876 842
876 843
876 844
876 962
877 840
877 841
877 963
877 964
878 838
878 839
878 965
878 966
879 835
879 836
879 837
879 967
879 968
880 833
880 834
880 969
880 970
881 830
881 831
881 832
881 971
881 972
882 828
882 829
882 973
882 974
883 827
883 975
883 976
884 825
884 826
884 977
884 978
885 823
885 824
885 979
885 980
886 821
886 822
886 981
886 982
887 819
887 820
887 983
888 818
888 984
888 985
889 817
889 986
889 987
890 816
890 988
890 989
891 814
891 815
891 990
892 813
892 991
892 992
893 812
893 993
894 810
894 811
894 994
894 995
895 809
895 996
896 808
896 997
896 998
897 806
897 807
897 999
898 805
898 1000
898 1001
899 803
899 804
899 1002
900 802
900 1003
900 1004
901 801
901 1005
902 800
902 1006
902 1007
903 798
903 799
903 1008
904 797
904 1009
905 796
905 1010
905 1011
906 795
906 1012
906 1013
907 794
907 1014
908 793
908 1015
909 792
909 1016
909 1017
910 791
910 1018
911 790
911 1019
912 789
912 1020
913 787
913 788
913 1021
913 1022
914 786
914 1023
915 785
915 1023
916 784
916 1024
917 783
917 1025
918 782
918 1026
919 781
919 1027
920 780
920 1028
921 779
921 1029
922 779
922 1030
923 778
923 1031
924 777
924 1032
925 776
925 1033
926 775
926 1034
927 774
927 1035
928 773
928 1036
929 772
929 1037
930 771
930 1038
931 770
931 1039
932 769
932 1040
933 768
933 1041
934 768
934 1042
935 767
935 1042
936 766
936 1043
937 765
937 1044
938 764
938 1045
939 764
939 1046
940 763
940 1047
941 762
941 1047
942 762
942 1048
943 761
943 1049
944 761
944 1050
945 760
945 1051
946 759
946 1051
947 759
947 1051
948 758
948 1052
949 757
949 1053
950 757
950 1053
951 756
951 1054
952 755
952 1055
953 755
953 1055
954 754
954 1056
955 754
955 1056
956 753
956 1057
957 753
957 1058
958 752
958 1059
959 751
959 1060
960 751
960 1061
961 750
961 1061
962 750
962 1062
963 749
963 1063
964 749
964 1063
965 748
965 1064
966 748
966 1065
967 747
967 1065
968 746
968 1066
969 746
969 1067
970 745
970 1067
971 745
971 1068
972 744
972 1068
973 744
973 1069
974 743
974 1069
975 743
975 1070
976 743
976 1070
977 743
977 1071
978 742
978 1071
979 742
979 1072
980 742
980 1072
981 741
981 1073
982 741
982 1073
983 741
983 1073
984 741
984 1074
985 740
985 1074
986 740
986 1075
987 740
987 1075
988 739
988 1076
989 739
989 1076
990 739
990 1076
991 738
991 1077
992 738
992 1077
993 738
993 1078
994 738
994 1078
995 737
995 1078
996 737
996 1078
997 737
997 1079
998 736
998 1079
999 736
999 1080
1000 736
1000 1080
1001 736
1001 1080
1002 735
1002 1081
1003 735
1003 1081
1004 734
1004 1081
1005 734
1005 1082
1006 734
1006 1082
1007 734
1007 1082
1008 733
1008 1082
1009 733
1009 1082
1010 733
1010 1083
1011 732
1011 1084
1012 732
1012 1084
1013 732
1013 1084
1014 732
1014 1084
1015 732
1015 1084
1016 732
1016 1084
1017 732
1017 1084
1018 732
1018 1084
1019 732
1019 1084
1020 732
1020 1084
1021 732
1021 1084
1022 732
1022 1084
1023 732
1023 1084
1024 732
1024 1084
1025 732
1025 1084
1026 732
1026 1084
1027 732
1027 1084
1028 732
1028 1084
1029 732
1029 1084
1030 732
1030 1084
1031 732
1031 1084
1032 732
1032 1084
1033 732
1033 1084
1034 732
1034 1084
1035 732
1035 1084
1036 732
1036 1084
1037 732
1037 1084
1038 732
1038 1084
1039 732
1039 1084
1040 731
1040 1084
1041 731
1041 1084
1042 731
1042 1084
1043 731
1043 1084
1044 731
1044 1084
1045 731
1045 1084
1046 731
1046 1084
1047 731
1047 1084
1048 731
1048 1084
1049 731
1049 1084
1050 731
1050 1084
1051 731
1051 1084
1052 731
1052 1084
1053 731
1053 1084
1054 731
1054 1084
1055 731
1055 1084
1056 731
1056 1084
1057 732
1057 1084
1058 732
1058 1084
1059 732
1059 1084
1060 732
1060 1084
1061 732
1061 1084
1062 732
1062 1084
1063 732
1063 1084
1064 732
1064 1084
1065 732
1065 1084
1066 732
1066 1084
1067 732
1067 1084
1068 732
1068 1084
1069 732
1069 1083
1070 732
1070 1083
1071 732
1071 1083
1072 732
1072 1083
1073 732
1073 1083
1074 732
1074 1083
1075 732
1075 1082
1076 732
1076 1082
1077 732
1077 1082
1078 733
1078 1082
1079 733
1079 1082
1080 733
1080 1082
1081 734
1081 1082
1082 734
1082 1081
1083 734
1083 1081
1084 734
1084 1081
1085 734
1085 1081
1086 734
1086 1081
1087 734
1087 1081
1088 734
1088 1081
1089 734
1089 1081
1090 735
1090 1080
1091 735
1091 1080
1092 735
1092 1080
1093 735
1093 1080
1094 735
1094 1080
1095 735
1095 1080
1096 735
1096 1080
1097 735
1097 1079
1098 735
1098 1079
1099 735
1099 1079
1100 736
1100 1079
1101 736
1101 1078
1102 736
1102 1078
1103 737
1103 1078
1104 737
1104 1078
1105 737
1105 1077
1106 738
1106 1077
1107 739
1107 1077
1108 739
1108 1076
1109 739
1109 1076
1110 740
1110 1076
1111 740
1111 1076
1112 740
1112 1075
1113 741
1113 1074
1114 741
1114 1074
1115 741
1115 1074
1116 742
1116 1073
1117 742
1117 1073
1118 742
1118 1073
1119 743
1119 1072
1120 743
1120 1072
1121 743
1121 1072
1122 743
1122 1071
1123 744
1123 1071
1124 744
1124 1070
1125 744
1125 1070
1126 745
1126 1070
1127 745
1127 1070
1128 745
1128 1069
1129 745
1129 1069
1130 746
1130 1068
1131 746
1131 1068
1132 746
1132 1068
1133 747
1133 1067
1134 747
1134 1067
1135 747
1135 1066
1136 748
1136 1066
1137 748
1137 1066
1138 749
1138 1065
1139 749
1139 1064
1140 750
1140 1064
1141 750
1141 1064
1142 751
1142 1063
1143 751
1143 1063
1144 752
1144 1062
1145 752
1145 1062
1146 753
1146 1061
1147 753
1147 1061
1148 754
1148 1060
1149 754
1149 1060
1150 755
1150 1059
1151 755
1151 1058
1152 756
1152 1058
1153 756
1153 1058
1154 757
1154 1057
1155 757
1155 1057
1156 758
1156 1056
1157 758
1157 1056
1158 759
1158 1055
1159 759
1159 1055
1160 760
1160 1054
1161 760
1161 1054
1162 761
1162 1053
1163 761
1163 1052
1164 762
1164 1052
1165 762
1165 1051
1166 763
1166 1051
1167 764
1167 1050
1168 764
1168 1049
1169 765
1169 1049
1170 765
1170 1048
1171 766
1171 1047
1172 767
1172 1047
1173 768
1173 1046
1174 768
1174 1045
1175 769
1175 1045
1176 770
1176 1044
1177 771
1177 1043
1178 771
1178 1042
1179 772
1179 1041
1180 773
1180 1040
1181 774
1181 1040
1182 774
1182 1039
1183 775
1183 1038
1184 776
1184 1037
1185 776
1185 1036
1186 777
1186 1036
1187 778
1187 1035
1188 779
1188 1034
1189 779
1189 1033
1190 780
1190 1032
1191 781
1191 1031
1192 782
1192 1031
1193 783
1193 1030
1194 783
1194 1029
1195 784
1195 1028
1196 785
1196 1027
1197 786
1197 1026
1198 787
1198 1025
1199 788
1199 1024
1200 789
1200 1023
1201 789
1201 1022
1202 790
1202 1021
1203 791
1203 1020
1204 792
1204 1019
1205 793
1205 1018
1206 794
1206 1017
1207 795
1207 1016
1208 796
1208 1015
1209 797
1209 1015
1210 798
1210 1014
1211 799
1211 1012
1211 1013
1212 800
1212 801
1212 1011
1213 802
1213 1010
1214 803
1214 1009
1215 804
1215 805
1215 1008
1216 806
1216 1006
1216 1007
1217 807
1217 1005
1218 808
1218 809
1218 1004
1219 810
1219 1003
1220 811
1220 1001
1220 1002
1221 812
1221 1000
1222 813
1222 814
1222 999
1223 815
1223 997
1223 998
1224 816
1224 817
1224 818
1224 996
1225 819
1225 820
1225 995
1226 821
1226 822
1226 993
1226 994
1227 823
1227 824
1227 992
1228 825
1228 826
1228 990
1228 991
1229 827
1229 828
1229 988
1229 989
1230 829
1230 986
1230 987
1231 830
1231 831
1231 983
1231 984
1231 985
1232 832
1232 833
1232 834
1232 981
1232 982
1233 835
1233 836
1233 979
1233 980
1234 837
1234 838
1234 839
1234 976
1234 977
1234 978
1235 840
1235 841
1235 973
1235 974
1235 975
1236 842
1236 843
1236 845
1236 970
1236 971
1236 972
1237 844
1237 846
1237 848
1237 967
1237 968
1237 969
1238 847
1238 849
1238 851
1238 962
1238 964
1238 965
1238 966
1239 850
1239 852
1239 854
1239 961
1239 963
1240 853
1240 855
1240 857
1240 859
1240 860
1240 861
1240 955
1240 958
1240 959
1240 960
1241 856
1241 858
1241 862
1241 865
1241 866
1241 952
1241 954
1241 956
1241 957
1242 863
1242 864
1242 867
1242 870
1242 871
1242 951
1242 953
1243 868
1243 869
1243 872
1243 874
1243 875
1243 876
1243 877
1243 878
1243 879
1243 940
1243 941
1243 942
1243 943
1243 944
1243 945
1243 946
1243 948
1243 949
1243 950
1244 873
1244 880
1244 883
1244 884
1244 885
1244 886
1244 920
1244 921
1244 922
1244 923
1244 924
1244 925
1244 926
1244 927
1244 928
1244 929
1244 930
1244 931
1244 932
1244 934
1244 935
1244 936
1244 939
1244 947
1245 881
1245 882
1245 887
1245 889
1245 890
1245 891
1245 892
1245 893
1245 894
1245 895
1245 896
1245 897
1245 898
1245 899
1245 900
1245 901
1245 902
1245 903
1245 904
1245 905
1245 906
1245 907
1245 908
1245 909
1245 910
1245 911
1245 912
1245 913
1245 914
1245 915
1245 916
1245 917
1245 919
1245 933
1245 937
1245 938
1246 888
1246 918
