672 964
673 946
673 952
673 953
673 963
673 965
673 978
673 979
673 983
674 937
674 938
674 945
674 947
674 948
674 949
674 950
674 951
674 954
674 955
674 956
674 957
674 958
674 959
674 960
674 961
674 962
674 966
674 967
674 968
674 969
674 970
674 971
674 972
674 973
674 974
674 975
674 976
674 977
674 980
674 981
674 982
674 984
674 993
675 928
675 936
675 939
675 940
675 941
675 942
675 943
675 944
675 985
675 986
675 987
675 988
675 989
675 990
675 991
675 992
675 994
675 1000
676 924
676 925
676 927
676 929
676 930
676 931
676 932
676 933
676 934
676 935
676 995
676 996
676 997
676 998
676 999
676 1001
676 1008
677 919
677 920
677 923
677 926
677 1002
677 1003
677 1004
677 1005
677 1006
677 1007
677 1009
677 1016
677 1018
678 914
678 915
678 918
678 921
678 922
678 1010
678 1011
678 1012
678 1013
678 1014
678 1015
678 1017
678 1019
678 1020
678 1021
679 911
679 913
679 916
679 917
679 1022
679 1023
679 1024
680 907
680 908
680 910
680 912
680 1025
680 1026
680 1027
681 904
681 905
681 906
681 909
681 1028
681 1029
681 1030
682 901
682 902
682 903
682 1031
682 1032
682 1033
683 898
683 899
683 900
683 1034
683 1035
683 1036
684 895
684 896
684 897
684 1037
684 1038
684 1039
685 893
685 894
685 1040
685 1041
685 1042
686 890
686 891
686 892
686 1043
686 1044
687 887
687 888
687 889
687 1045
687 1046
687 1047
688 884
688 885
688 886
688 1048
688 1049
688 1050
689 881
689 882
689 883
689 1051
689 1052
690 876
690 878
690 879
690 880
690 1053
690 1054
690 1055
691 873
691 874
691 875
691 877
691 1056
691 1057
692 871
692 872
692 1058
692 1059
693 869
693 870
693 1060
693 1061
694 867
694 868
694 1062
694 1063
694 1064
695 865
695 866
695 1065
695 1066
696 863
696 864
696 1067
696 1068
697 861
697 862
697 1069
698 860
698 1070
698 1071
699 858
699 859
699 1072
700 856
700 857
700 1073
700 1074
701 855
701 1075
702 853
702 854
702 1076
703 851
703 852
703 1077
703 1078
704 850
704 1079
705 848
705 849
705 1080
706 846
706 847
706 1081
706 1082
707 845
707 1083
708 844
708 1084
708 1085
709 842
709 843
709 1086
710 841
710 1087
710 1088
711 839
711 840
711 1089
712 837
712 838
712 1090
713 836
713 1091
713 1092
714 834
714 835
714 1093
715 833
715 1094
715 1095
716 831
716 832
716 1096
717 829
717 830
717 1097
718 828
718 1098
719 827
719 1099
719 1100
720 826
720 1101
721 825
721 1102
722 823
722 824
722 1103
722 1104
723 822
723 1105
724 821
724 1106
725 820
725 1107
726 819
726 1108
726 1109
727 818
727 1110
728 817
728 1111
729 815
729 816
729 1112
730 814
730 1112
731 813
731 1113
732 812
732 1114
733 811
733 1115
734 810
734 1116
735 809
735 1117
736 808
736 1118
737 807
737 1119
738 806
738 1120
739 805
739 1121
740 804
740 1122
741 803
741 1123
741 1124
742 802
742 1125
743 801
743 1126
744 800
744 1127
745 799
745 1128
746 798
746 1129
747 797
747 1130
748 796
748 1131
749 795
749 1132
750 794
750 1133
751 793
751 1134
752 792
752 1135
753 791
753 1136
754 790
754 1137
755 789
755 1137
756 789
756 1138
757 788
757 1139
758 787
758 1139
759 786
759 1140
760 786
760 1141
761 785
761 1141
762 784
762 1142
763 783
763 1143
764 783
764 1143
765 782
765 1144
766 781
766 1144
767 780
767 1145
768 780
768 1146
769 778
769 779
769 1146
770 777
770 1147
771 777
771 1148
772 776
772 1149
773 776
773 1149
774 775
774 1150
775 774
775 1150
776 774
776 1151
777 773
777 1151
778 773
778 1152
779 772
779 1152
780 772
780 1153
781 771
781 1153
782 770
782 1154
783 770
783 1155
784 769
784 1155
785 769
785 1155
786 769
786 1156
787 769
787 1157
788 768
788 1157
789 768
789 1158
790 767
790 1158
791 766
791 1159
792 766
792 1159
793 765
793 1160
794 765
794 1160
795 764
795 1161
796 764
796 1161
797 763
797 1162
798 763
798 1162
799 762
799 1162
800 761
800 1163
801 760
801 1164
802 760
802 1164
803 760
803 1165
804 759
804 1165
805 759
805 1166
806 759
806 1166
807 758
807 1166
808 758
808 1167
809 758
809 1167
810 757
810 1168
811 757
811 1168
812 756
812 1169
813 756
813 1169
814 756
814 1169
815 755
815 1170
816 755
816 1170
817 755
817 1170
818 755
818 1171
819 754
819 1171
820 754
820 1172
821 753
821 1172
822 753
822 1172
823 753
823 1173
824 752
824 1173
825 752
825 1173
826 752
826 1174
827 751
827 1174
828 751
828 1175
829 751
829 1175
830 750
830 1175
831 750
831 1175
832 750
832 1176
833 749
833 1177
834 749
834 1177
835 749
835 1177
836 748
836 1177
837 748
837 1178
838 748
838 1178
839 747
839 1178
840 747
840 1178
841 747
841 1179
842 746
842 1179
843 746
843 1179
844 746
844 1179
845 745
845 1180
846 745
846 1180
847 744
847 1180
848 744
848 1180
849 744
849 1180
850 743
850 1181
851 743
851 1181
852 743
852 1181
853 743
853 1181
854 743
854 1181
855 743
855 1181
856 743
856 1182
857 743
857 1182
858 742
858 1182
859 742
859 1182
860 742
860 1182
861 742
861 1182
862 742
862 1182
863 742
863 1182
864 742
864 1182
865 742
865 1182
866 741
866 1182
867 741
867 1183
868 741
868 1183
869 741
869 1183
870 741
870 1183
871 741
871 1183
872 741
872 1183
873 740
873 1183
874 740
874 1184
875 740
875 1184
876 740
876 1184
877 740
877 1184
878 740
878 1184
879 740
879 1184
880 740
880 1184
881 740
881 1184
882 740
882 1185
883 740
883 1185
884 740
884 1185
885 740
885 1185
886 740
886 1185
887 740
887 1185
888 740
888 1185
889 740
889 1185
890 740
890 1185
891 740
891 1185
892 740
892 1185
893 740
893 1185
894 740
894 1185
895 740
895 1185
896 740
896 1185
897 740
897 1185
898 740
898 1185
899 740
899 1185
900 740
900 1185
901 740
901 1185
902 740
902 1185
903 741
903 1185
904 741
904 1185
905 741
905 1185
906 741
906 1185
907 741
907 1185
908 741
908 1185
909 741
909 1185
910 741
910 1185
911 741
911 1185
912 741
912 1185
913 741
913 1184
914 741
914 1184
915 741
915 1184
916 741
916 1184
917 741
917 1184
918 742
918 1184
919 742
919 1184
920 742
920 1184
921 742
921 1183
922 742
922 1183
923 742
923 1183
924 742
924 1183
925 742
925 1183
926 742
926 1183
927 742
927 1183
928 742
928 1182
929 743
929 1182
930 743
930 1182
931 743
931 1182
932 743
932 1182
933 743
933 1181
934 743
934 1181
935 743
935 1181
936 743
936 1181
937 743
937 1181
938 743
938 1181
939 743
939 1180
940 743
940 1180
941 743
941 1180
942 743
942 1180
943 743
943 1179
944 743
944 1179
945 743
945 1179
946 743
946 1179
947 743
947 1178
948 744
948 1178
949 744
949 1178
950 744
950 1178
951 744
951 1177
952 744
952 1177
953 744
953 1177
954 744
954 1177
955 745
955 1176
956 745
956 1176
957 746
957 1176
958 746
958 1175
959 746
959 1175
960 747
960 1175
961 747
961 1174
962 748
962 1174
963 748
963 1173
964 748
964 1173
965 749
965 1173
966 749
966 1172
967 749
967 1172
968 750
968 1172
969 750
969 1171
970 750
970 1171
971 750
971 1170
972 750
972 1169
973 751
973 1169
974 751
974 1169
975 751
975 1169
976 752
976 1168
977 752
977 1168
978 752
978 1168
979 753
979 1167
980 753
980 1167
981 754
981 1167
982 754
982 1166
983 754
983 1166
984 755
984 1165
985 755
985 1165
986 755
986 1165
987 756
987 1164
988 756
988 1164
989 757
989 1164
990 757
990 1164
991 757
991 1163
992 758
992 1163
993 758
993 1162
994 759
994 1162
995 759
995 1161
996 759
996 1161
997 760
997 1161
998 760
998 1160
999 761
999 1160
1000 761
1000 1159
1001 761
1001 1159
1002 762
1002 1158
1003 763
1003 1157
1004 763
1004 1156
1005 764
1005 1156
1006 764
1006 1155
1007 765
1007 1155
1008 766
1008 1154
1009 766
1009 1154
1010 767
1010 1153
1011 767
1011 1153
1012 768
1012 1152
1013 769
1013 1152
1014 769
1014 1151
1015 770
1015 1151
1016 771
1016 1150
1017 771
1017 1149
1018 772
1018 1149
1019 772
1019 1148
1020 773
1020 1148
1021 773
1021 1147
1022 774
1022 1147
1023 775
1023 1146
1024 775
1024 1146
1025 776
1025 1145
1026 777
1026 1144
1027 777
1027 1144
1028 778
1028 1143
1029 778
1029 1143
1030 779
1030 1142
1031 780
1031 1142
1032 780
1032 1141
1033 781
1033 1141
1034 782
1034 1140
1035 783
1035 1140
1036 784
1036 1139
1037 784
1037 1138
1038 785
1038 1137
1039 786
1039 1137
1040 787
1040 1136
1041 787
1041 1135
1042 788
1042 1135
1043 789
1043 1134
1044 789
1044 1133
1045 790
1045 1132
1046 791
1046 1132
1047 792
1047 1131
1048 792
1048 1130
1049 792
1049 1129
1050 793
1050 1128
1051 794
1051 1127
1052 795
1052 1126
1053 796
1053 1126
1054 797
1054 1125
1055 798
1055 1124
1056 799
1056 1123
1057 800
1057 1122
1058 801
1058 1121
1059 802
1059 1120
1060 803
1060 1120
1061 804
1061 1119
1062 805
1062 1118
1063 806
1063 1117
1064 807
1064 1116
1065 808
1065 1115
1066 809
1066 1115
1067 810
1067 1114
1068 811
1068 1113
1069 812
1069 1112
1070 813
1070 1111
1071 814
1071 1110
1072 815
1072 1109
1073 816
1073 817
1073 1108
1074 818
1074 1107
1075 819
1075 1106
1076 820
1076 1105
1077 821
1077 1104
1078 822
1078 1103
1079 823
1079 1101
1079 1102
1080 824
1080 1100
1081 825
1081 1099
1082 826
1082 1098
1083 827
1083 1097
1084 828
1084 1095
1084 1096
1085 829
1085 1094
1086 830
1086 831
1086 1093
1087 832
1087 1091
1087 1092
1088 833
1088 834
1088 1090
1089 835
1089 1089
1090 836
1090 837
1090 1087
1090 1088
1091 838
1091 1086
1092 839
1092 840
1092 1085
1093 841
1093 1083
1093 1084
1094 842
1094 843
1094 1082
1095 844
1095 1081
1096 845
1096 1080
1097 846
1097 1079
1098 847
1098 848
1098 1077
1098 1078
1099 849
1099 1076
1100 850
1100 851
1100 1075
1101 852
1101 1073
1101 1074
1102 853
1102 854
1102 1072
1103 855
1103 1071
1104 856
1104 857
1104 1069
1104 1070
1105 858
1105 1066
1105 1067
1105 1068
1106 859
1106 860
1106 861
1106 1064
1106 1065
1107 862
1107 863
1107 1062
1107 1063
1108 864
1108 865
1108 1060
1108 1061
1109 866
1109 867
1109 1058
1109 1059
1110 868
1110 869
1110 1056
1110 1057
1111 870
1111 871
1111 1054
1111 1055
1112 872
1112 873
1112 1052
1112 1053
1113 874
1113 875
1113 1051
1114 876
1114 877
1114 878
1114 1049
1114 1050
1115 879
1115 880
1115 881
1115 1047
1115 1048
1116 882
1116 883
1116 884
1116 1045
1116 1046
1117 885
1117 886
1117 1043
1117 1044
1118 887
1118 888
1118 889
1118 1041
1118 1042
1119 890
1119 891
1119 892
1119 1039
1119 1040
1120 893
1120 1036
1120 1037
1120 1038
1121 894
1121 895
1121 1034
1121 1035
1122 896
1122 897
1122 898
1122 1031
1122 1032
1122 1033
1123 899
1123 900
1123 901
1123 1029
1123 1030
1124 902
1124 903
1124 904
1124 1026
1124 1027
1124 1028
1125 905
1125 906
1125 1024
1125 1025
1126 907
1126 908
1126 909
1126 912
1126 913
1126 1021
1126 1022
1126 1023
1127 910
1127 911
1127 914
1127 917
1127 918
1127 1014
1127 1015
1127 1016
1127 1017
1127 1019
1127 1020
1128 915
1128 916
1128 919
1128 922
1128 923
1128 1008
1128 1009
1128 1010
1128 1011
1128 1013
1128 1018
1129 920
1129 921
1129 924
1129 926
1129 927
1129 929
1129 930
1129 931
1129 932
1129 933
1129 934
1129 935
1129 1002
1129 1003
1129 1004
1129 1005
1129 1007
1129 1012
1130 925
1130 928
1130 936
1130 938
1130 939
1130 940
1130 941
1130 942
1130 943
1130 944
1130 994
1130 995
1130 996
1130 997
1130 998
1130 999
1130 1001
1130 1006
1131 937
1131 945
1131 947
1131 948
1131 949
1131 950
1131 951
1131 952
1131 953
1131 954
1131 955
1131 956
1131 957
1131 958
1131 985
1131 986
1131 987
1131 988
1131 989
1131 990
1131 993
1131 1000
1132 946
1132 959
1132 962
1132 963
1132 964
1132 965
1132 966
1132 967
1132 968
1132 969
1132 970
1132 971
1132 972
1132 973
1132 974
1132 975
1132 976
1132 977
1132 978
1132 979
1132 980
1132 981
1132 984
1132 991
1132 992
1133 960
1133 961
1133 982
1133 983
