718 965
719 950
719 951
719 964
719 966
719 980
720 940
720 941
720 949
720 952
720 953
720 954
720 955
720 956
720 957
720 958
720 959
720 960
720 961
720 962
720 963
720 967
720 968
720 969
720 970
720 971
720 972
720 973
720 974
720 975
720 976
720 977
720 978
720 979
720 981
720 989
720 990
721 936
721 939
721 942
721 943
721 944
721 945
721 946
721 947
721 948
721 982
721 983
721 984
721 985
721 986
721 987
721 988
721 991
721 994
722 931
722 932
722 935
722 937
722 938
722 992
722 993
722 995
722 1001
722 1002
723 926
723 927
723 930
723 933
723 934
723 996
723 997
723 998
723 999
723 1000
723 1003
723 1008
724 922
724 925
724 928
724 929
724 1004
724 1005
724 1006
724 1007
724 1009
724 1011
724 1012
725 918
725 919
725 921
725 923
725 924
725 1010
725 1013
725 1014
725 1015
726 914
726 915
726 917
726 920
726 1016
726 1017
726 1018
727 910
727 911
727 913
727 916
727 1019
727 1021
727 1022
728 908
728 909
728 912
728 1020
728 1023
728 1024
728 1025
729 905
729 906
729 907
729 1026
729 1027
729 1028
730 902
730 903
730 904
730 1029
730 1030
730 1031
731 899
731 900
731 901
731 1032
731 1033
731 1034
732 895
732 896
732 898
732 1035
732 1036
733 892
733 893
733 894
733 897
733 1037
733 1038
733 1039
734 890
734 891
734 1040
734 1041
735 888
735 889
735 1042
735 1043
736 886
736 887
736 1044
736 1045
737 884
737 885
737 1046
737 1047
738 881
738 882
738 883
738 1048
739 879
739 880
739 1049
739 1050
740 877
740 878
740 1051
740 1052
741 876
741 1053
742 874
742 875
742 1054
742 1055
743 872
743 873
743 1056
744 870
744 871
744 1057
744 1058
745 868
745 869
745 1059
746 866
746 867
746 1060
746 1061
747 865
747 1062
747 1063
748 863
748 864
748 1064
748 1065
749 862
749 1066
750 860
750 861
750 1067
750 1068
751 858
751 859
751 1069
752 856
752 857
752 1070
752 1071
753 855
753 1072
753 1073
754 854
754 1074
754 1075
755 853
755 1076
756 852
756 1077
757 851
757 1078
757 1079
758 850
758 1080
759 849
759 1081
760 848
760 1082
760 1083
761 847
761 1084
762 846
762 1085
763 845
763 1085
764 844
764 1086
765 843
765 1087
766 842
766 1088
767 841
767 1089
768 841
768 1090
769 840
769 1091
770 839
770 1092
771 838
771 1093
772 837
772 1094
773 836
773 1095
774 835
774 1096
775 835
775 1097
776 834
776 1098
777 833
777 1099
778 832
778 1100
779 831
779 1101
780 831
780 1102
781 830
781 1103
782 829
782 1104
783 828
783 1105
784 827
784 1106
785 827
785 1107
786 826
786 1108
787 825
787 1109
788 825
788 1109
789 824
789 1110
790 824
790 1111
791 823
791 1112
792 822
792 1112
793 822
793 1113
794 821
794 1113
795 820
795 1113
796 820
796 1114
797 819
797 1115
798 819
798 1116
799 818
799 1116
800 818
800 1117
801 817
801 1118
802 816
802 1119
803 816
803 1119
804 815
804 1120
805 814
805 1121
806 814
806 1122
807 813
807 1123
808 813
808 1124
809 812
809 1124
810 812
810 1125
811 811
811 1126
812 811
812 1126
813 810
813 1127
814 810
814 1127
815 809
815 1128
816 809
816 1129
817 808
817 1129
818 808
818 1129
819 807
819 1130
820 807
820 1130
821 806
821 1131
822 806
822 1131
823 805
823 1131
824 805
824 1132
825 804
825 1132
826 804
826 1133
827 804
827 1133
828 803
828 1133
829 803
829 1134
830 803
830 1134
831 802
831 1134
832 802
832 1135
833 802
833 1135
834 801
834 1136
835 801
835 1136
836 801
836 1137
837 801
837 1137
838 800
838 1137
839 800
839 1138
840 800
840 1138
841 799
841 1139
842 799
842 1139
843 799
843 1139
844 798
844 1139
845 798
845 1140
846 798
846 1141
847 797
847 1141
848 797
848 1141
849 797
849 1141
850 796
850 1142
851 796
851 1142
852 796
852 1142
853 795
853 1142
854 795
854 1142
855 795
855 1143
856 795
856 1143
857 795
857 1143
858 795
858 1143
859 795
859 1143
860 795
860 1143
861 795
861 1143
862 795
862 1143
863 795
863 1143
864 795
864 1143
865 795
865 1143
866 795
866 1143
867 795
867 1143
868 795
868 1143
869 795
869 1143
870 795
870 1143
871 795
871 1143
872 795
872 1143
873 795
873 1143
874 795
874 1143
875 795
875 1144
876 795
876 1144
877 795
877 1144
878 795
878 1144
879 795
879 1144
880 795
880 1144
881 795
881 1144
882 795
882 1144
883 795
883 1144
884 795
884 1144
885 795
885 1144
886 795
886 1144
887 795
887 1144
888 795
888 1144
889 795
889 1144
890 795
890 1144
891 795
891 1144
892 795
892 1144
893 795
893 1144
894 795
894 1144
895 795
895 1144
896 795
896 1144
897 795
897 1144
898 796
898 1144
899 796
899 1144
900 796
900 1144
901 796
901 1144
902 796
902 1143
903 796
903 1143
904 796
904 1143
905 796
905 1143
906 796
906 1143
907 796
907 1143
908 796
908 1143
909 796
909 1143
910 796
910 1143
911 796
911 1143
912 796
912 1143
913 796
913 1143
914 796
914 1143
915 796
915 1142
916 797
916 1142
917 797
917 1142
918 797
918 1142
919 797
919 1142
920 797
920 1142
921 797
921 1142
922 797
922 1142
923 797
923 1142
924 798
924 1142
925 798
925 1142
926 798
926 1142
927 798
927 1142
928 798
928 1142
929 798
929 1141
930 798
930 1141
931 798
931 1141
932 799
932 1141
933 799
933 1141
934 799
934 1141
935 800
935 1141
936 800
936 1140
937 800
937 1140
938 800
938 1140
939 801
939 1140
940 801
940 1140
941 802
941 1139
942 802
942 1139
943 803
943 1139
944 803
944 1139
945 803
945 1138
946 804
946 1138
947 804
947 1138
948 805
948 1138
949 805
949 1137
950 805
950 1137
951 806
951 1137
952 806
952 1136
953 807
953 1136
954 807
954 1136
955 808
955 1135
956 808
956 1135
957 808
957 1135
958 809
958 1135
959 809
959 1134
960 809
960 1134
961 810
961 1134
962 810
962 1133
963 810
963 1133
964 811
964 1133
965 811
965 1132
966 811
966 1132
967 812
967 1132
968 812
968 1131
969 813
969 1131
970 813
970 1131
971 814
971 1130
972 814
972 1129
973 815
973 1129
974 815
974 1129
975 816
975 1128
976 816
976 1128
977 817
977 1128
978 817
978 1127
979 818
979 1127
980 818
980 1126
981 819
981 1126
982 820
982 1125
983 820
983 1125
984 821
984 1125
985 821
985 1124
986 822
986 1124
987 823
987 1123
988 823
988 1123
989 824
989 1122
990 825
990 1122
991 825
991 1121
992 826
992 1121
993 827
993 1120
994 827
994 1120
995 828
995 1119
996 828
996 1119
997 829
997 1118
998 830
998 1118
999 830
999 1117
1000 831
1000 1117
1001 832
1001 1116
1002 833
1002 1116
1003 834
1003 1115
1004 835
1004 1115
1005 836
1005 1114
1006 836
1006 1114
1007 837
1007 1113
1008 838
1008 1113
1009 839
1009 1112
1010 840
1010 1111
1011 841
1011 1110
1012 842
1012 1109
1013 843
1013 1109
1014 844
1014 1108
1015 845
1015 1107
1016 846
1016 1106
1017 847
1017 1105
1018 848
1018 1104
1019 848
1019 1104
1020 849
1020 1103
1021 850
1021 1102
1022 851
1022 1101
1023 852
1023 1100
1024 853
1024 1099
1025 854
1025 1098
1026 855
1026 1097
1027 856
1027 1096
1028 857
1028 858
1028 1095
1029 859
1029 1094
1030 860
1030 1093
1031 861
1031 1093
1032 862
1032 1092
1033 863
1033 1091
1034 864
1034 1090
1035 865
1035 1089
1036 866
1036 867
1036 1088
1037 868
1037 1087
1038 869
1038 1086
1039 870
1039 1085
1040 871
1040 872
1040 1084
1041 873
1041 1082
1041 1083
1042 874
1042 1081
1043 875
1043 1079
1043 1080
1044 876
1044 877
1044 1078
1045 878
1045 879
1045 1076
1045 1077
1046 880
1046 1075
1047 881
1047 882
1047 1073
1047 1074
1048 883
1048 1072
1049 884
1049 1071
1050 885
1050 886
1050 1069
1050 1070
1051 887
1051 1068
1052 888
1052 1066
1052 1067
1053 889
1053 1065
1054 890
1054 891
1054 1063
1054 1064
1055 892
1055 1062
1056 893
1056 894
1056 1059
1056 1060
1056 1061
1057 895
1057 896
1057 1058
1058 897
1058 1056
1058 1057
1059 898
1059 899
1059 1054
1059 1055
1060 900
1060 901
1060 902
1060 1052
1060 1053
1061 903
1061 904
1061 1050
1061 1051
1062 905
1062 906
1062 1048
1062 1049
1063 907
1063 908
1063 1045
1063 1046
1063 1047
1064 909
1064 910
1064 1042
1064 1043
1064 1044
1065 911
1065 912
1065 1040
1065 1041
1066 913
1066 914
1066 1037
1066 1038
1066 1039
1067 915
1067 916
1067 1034
1067 1035
1067 1036
1068 917
1068 918
1068 1032
1068 1033
1069 919
1069 920
1069 1029
1069 1030
1069 1031
1070 921
1070 922
1070 1026
1070 1027
1070 1028
1071 923
1071 924
1071 926
1071 927
1071 1024
1071 1025
1072 925
1072 928
1072 931
1072 932
1072 1018
1072 1019
1072 1021
1072 1022
1072 1023
1073 929
1073 930
1073 933
1073 935
1073 936
1073 1014
1073 1015
1073 1017
1073 1020
1074 934
1074 937
1074 940
1074 941
1074 942
1074 1009
1074 1010
1074 1013
1074 1016
1075 938
1075 939
1075 943
1075 946
1075 947
1075 1001
1075 1002
1075 1003
1075 1004
1075 1005
1075 1008
1075 1011
1075 1012
1076 944
1076 945
1076 948
1076 951
1076 953
1076 954
1076 955
1076 956
1076 957
1076 958
1076 959
1076 995
1076 996
1076 997
1076 1000
1076 1006
1076 1007
1077 949
1077 950
1077 952
1077 960
1077 962
1077 963
1077 964
1077 965
1077 966
1077 967
1077 968
1077 969
1077 970
1077 971
1077 972
1077 973
1077 974
1077 975
1077 976
1077 977
1077 978
1077 979
1077 984
1077 985
1077 986
1077 987
1077 988
1077 989
1077 990
1077 991
1077 992
1077 994
1077 998
1077 999
1078 961
1078 980
1078 983
1078 993
1079 981
1079 982
