791 1000
791 1012
792 992
792 993
792 999
792 1001
792 1002
792 1003
792 1004
792 1005
792 1006
792 1007
792 1008
792 1009
792 1010
792 1011
792 1013
792 1021
792 1023
793 989
793 991
793 994
793 995
793 996
793 997
793 998
793 1014
793 1015
793 1016
793 1017
793 1018
793 1019
793 1020
793 1022
793 1024
793 1027
793 1028
794 983
794 984
794 988
794 990
794 1025
794 1026
794 1029
794 1031
794 1032
795 978
795 982
795 985
795 986
795 987
795 1030
795 1033
795 1034
796 975
796 976
796 977
796 979
796 980
796 981
796 1035
796 1037
796 1038
797 972
797 973
797 974
797 1036
797 1039
797 1041
797 1042
797 1045
798 967
798 970
798 971
798 1040
798 1043
798 1044
798 1046
798 1047
798 1048
799 964
799 965
799 966
799 968
799 969
799 1049
799 1050
800 962
800 963
800 1051
800 1052
800 1053
801 959
801 960
801 961
801 1054
801 1055
802 957
802 958
802 1056
803 955
803 956
803 1057
803 1058
804 953
804 954
804 1059
804 1060
805 951
805 952
805 1061
805 1062
806 949
806 950
806 1063
806 1064
806 1065
807 946
807 947
807 948
807 1066
807 1067
808 945
808 1068
808 1069
809 944
809 1070
809 1071
810 942
810 943
810 1072
810 1073
811 941
811 1074
812 940
812 1075
812 1076
813 939
813 1077
814 938
814 1078
815 937
815 1079
815 1080
816 936
816 1081
817 935
817 1082
818 933
818 934
818 1083
819 932
819 1084
819 1085
820 931
820 1086
821 930
821 1087
822 929
822 1088
823 929
823 1089
824 928
824 1090
825 926
825 927
825 1091
826 925
826 1092
827 924
827 1093
828 923
828 1094
829 921
829 922
829 1095
830 920
830 1096
831 919
831 1097
832 918
832 1098
833 917
833 1099
834 916
834 1099
835 915
835 1100
836 914
836 1101
837 913
837 1102
838 913
838 1103
839 912
839 1104
840 911
840 1105
841 910
841 1106
842 909
842 1107
843 908
843 1108
844 907
844 1108
845 906
845 1109
846 906
846 1110
847 905
847 1110
848 904
848 1111
849 904
849 1111
850 903
850 1112
851 902
851 1113
852 901
852 1114
853 901
853 1114
854 900
854 1115
855 900
855 1115
856 899
856 1116
857 898
857 1117
858 898
858 1117
859 897
859 1117
860 896
860 1118
861 896
861 1119
862 895
862 1119
863 894
863 1120
864 893
864 1120
865 893
865 1121
866 892
866 1122
867 891
867 1122
868 891
868 1122
869 890
869 1123
870 890
870 1123
871 889
871 1124
872 888
872 1124
873 887
873 1125
874 887
874 1125
875 887
875 1126
876 886
876 1126
877 886
877 1127
878 885
878 1127
879 885
879 1128
880 885
880 1128
881 884
881 1129
882 884
882 1129
883 883
883 1129
884 883
884 1129
885 883
885 1129
886 882
886 1130
887 882
887 1131
888 881
888 1131
889 881
889 1131
890 881
890 1132
891 880
891 1132
892 880
892 1132
893 880
893 1132
894 880
894 1132
895 879
895 1133
896 879
896 1134
897 879
897 1134
898 878
898 1134
899 878
899 1134
900 878
900 1134
901 877
901 1134
902 877
902 1134
903 877
903 1134
904 877
904 1134
905 876
905 1134
906 876
906 1135
907 876
907 1135
908 876
908 1135
909 876
909 1135
910 876
910 1135
911 876
911 1135
912 876
912 1135
913 876
913 1135
914 876
914 1135
915 875
915 1136
916 875
916 1136
917 875
917 1136
918 875
918 1136
919 875
919 1136
920 875
920 1136
921 875
921 1136
922 875
922 1136
923 875
923 1136
924 875
924 1136
925 875
925 1136
926 874
926 1136
927 874
927 1136
928 874
928 1136
929 874
929 1136
930 874
930 1136
931 874
931 1136
932 874
932 1136
933 874
933 1136
934 874
934 1136
935 873
935 1136
936 873
936 1136
937 873
937 1136
938 873
938 1136
939 873
939 1136
940 873
940 1136
941 873
941 1136
942 873
942 1136
943 873
943 1136
944 873
944 1136
945 873
945 1136
946 873
946 1136
947 873
947 1136
948 873
948 1136
949 873
949 1136
950 873
950 1136
951 873
951 1136
952 873
952 1136
953 873
953 1135
954 873
954 1134
955 873
955 1134
956 874
956 1134
957 874
957 1134
958 874
958 1134
959 874
959 1134
960 874
960 1134
961 874
961 1134
962 874
962 1134
963 874
963 1133
964 875
964 1133
965 875
965 1133
966 875
966 1133
967 875
967 1133
968 875
968 1133
969 875
969 1132
970 875
970 1132
971 875
971 1132
972 875
972 1132
973 875
973 1131
974 876
974 1131
975 876
975 1131
976 876
976 1131
977 876
977 1131
978 877
978 1130
979 877
979 1130
980 877
980 1130
981 877
981 1130
982 878
982 1129
983 878
983 1128
984 878
984 1128
985 879
985 1128
986 879
986 1128
987 879
987 1127
988 880
988 1127
989 880
989 1127
990 880
990 1126
991 881
991 1126
992 881
992 1126
993 881
993 1125
994 882
994 1125
995 882
995 1125
996 882
996 1124
997 883
997 1124
998 883
998 1123
999 884
999 1123
1000 884
1000 1123
1001 885
1001 1122
1002 885
1002 1122
1003 886
1003 1121
1004 886
1004 1120
1005 887
1005 1119
1006 887
1006 1119
1007 888
1007 1118
1008 888
1008 1118
1009 889
1009 1117
1010 889
1010 1117
1011 890
1011 1116
1012 890
1012 1116
1013 891
1013 1115
1014 891
1014 1115
1015 892
1015 1114
1016 892
1016 1114
1017 893
1017 1113
1018 893
1018 1113
1019 894
1019 1112
1020 894
1020 1111
1021 895
1021 1111
1022 895
1022 1110
1023 896
1023 1109
1024 897
1024 1109
1025 897
1025 1108
1026 898
1026 1107
1027 899
1027 1106
1028 899
1028 1106
1029 900
1029 1105
1030 901
1030 1105
1031 902
1031 1104
1032 903
1032 1103
1033 903
1033 1102
1034 904
1034 1101
1035 905
1035 1100
1036 906
1036 1099
1037 906
1037 1098
1038 907
1038 1097
1039 908
1039 1096
1040 909
1040 1095
1041 910
1041 1094
1042 911
1042 1093
1043 912
1043 1092
1044 913
1044 1091
1045 913
1045 1091
1046 914
1046 1090
1047 915
1047 916
1047 1089
1048 917
1048 1088
1049 918
1049 1087
1050 919
1050 1086
1051 920
1051 1085
1052 921
1052 1083
1052 1084
1053 922
1053 1082
1054 923
1054 1081
1055 924
1055 1080
1056 925
1056 1079
1057 926
1057 1078
1058 927
1058 1077
1059 928
1059 1076
1060 929
1060 930
1060 1076
1061 931
1061 1074
1061 1075
1062 932
1062 1073
1063 933
1063 934
1063 1071
1063 1072
1064 935
1064 936
1064 1070
1065 937
1065 1068
1065 1069
1066 938
1066 939
1066 1067
1067 940
1067 941
1067 1065
1067 1066
1068 942
1068 1063
1068 1064
1069 943
1069 944
1069 945
1069 1060
1069 1061
1069 1062
1070 946
1070 947
1070 948
1070 1058
1070 1059
1071 949
1071 950
1071 951
1071 1055
1071 1056
1071 1057
1072 952
1072 953
1072 954
1072 956
1072 1052
1072 1053
1072 1054
1073 955
1073 957
1073 1050
1073 1051
1074 958
1074 959
1074 960
1074 1048
1074 1049
1075 961
1075 962
1075 963
1075 967
1075 1044
1075 1045
1075 1046
1075 1047
1076 964
1076 965
1076 966
1076 968
1076 1041
1076 1042
1076 1043
1077 969
1077 970
1077 971
1077 974
1077 1038
1077 1039
1077 1040
1078 972
1078 973
1078 975
1078 1033
1078 1035
1078 1036
1078 1037
1079 976
1079 978
1079 979
1079 980
1079 981
1079 1029
1079 1032
1079 1034
1080 977
1080 982
1080 985
1080 986
1080 987
1080 988
1080 990
1080 991
1080 992
1080 993
1080 994
1080 995
1080 996
1080 997
1080 998
1080 1025
1080 1028
1080 1030
1080 1031
1081 983
1081 984
1081 989
1081 999
1081 1001
1081 1002
1081 1003
1081 1004
1081 1005
1081 1006
1081 1007
1081 1008
1081 1009
1081 1010
1081 1011
1081 1012
1081 1013
1081 1014
1081 1015
1081 1016
1081 1017
1081 1018
1081 1019
1081 1020
1081 1021
1081 1022
1081 1024
1081 1026
1081 1027
1082 1000
1082 1023
