750 1010
750 1011
750 1025
751 996
751 1000
751 1001
751 1009
751 1012
751 1013
751 1014
751 1015
751 1016
751 1017
751 1018
751 1019
751 1020
751 1021
751 1022
751 1023
751 1024
751 1026
751 1036
751 1037
752 990
752 991
752 995
752 997
752 998
752 999
752 1002
752 1003
752 1004
752 1005
752 1006
752 1007
752 1008
752 1027
752 1028
752 1029
752 1030
752 1031
752 1032
752 1033
752 1034
752 1035
752 1038
752 1040
753 985
753 986
753 989
753 992
753 993
753 994
753 1039
753 1041
753 1044
753 1045
754 982
754 984
754 987
754 988
754 1042
754 1043
754 1046
754 1049
754 1050
755 978
755 979
755 981
755 983
755 1047
755 1048
755 1051
755 1054
756 974
756 975
756 977
756 980
756 1052
756 1053
756 1055
756 1057
756 1058
757 970
757 971
757 973
757 976
757 1056
757 1059
757 1060
757 1061
758 968
758 969
758 972
758 1062
758 1064
758 1065
759 966
759 967
759 1063
759 1066
759 1067
759 1068
760 963
760 964
760 965
760 1069
760 1070
760 1071
761 961
761 962
761 1072
761 1073
762 959
762 960
762 1074
762 1075
762 1076
763 955
763 956
763 957
763 958
763 1077
763 1078
764 953
764 954
764 1079
764 1080
764 1081
765 950
765 951
765 952
765 1082
765 1083
766 948
766 949
766 1084
766 1085
767 946
767 947
767 1086
767 1087
768 943
768 944
768 945
768 1088
769 942
769 1089
769 1090
770 940
770 941
770 1091
770 1092
771 938
771 939
771 1093
771 1094
772 937
772 1095
772 1096
773 935
773 936
773 1097
774 933
774 934
774 1098
774 1099
775 932
775 1100
776 929
776 930
776 931
776 1101
776 1102
777 928
777 1103
778 926
778 927
778 1104
778 1105
779 925
779 1106
780 923
780 924
780 1107
780 1108
781 921
781 922
781 1109
782 920
782 1110
782 1111
783 918
783 919
783 1112
784 917
784 1113
785 917
785 1114
785 1115
786 915
786 916
786 1116
787 914
787 1117
788 912
788 913
788 1118
789 911
789 1119
790 910
790 1120
791 908
791 909
791 1121
792 906
792 907
792 1122
792 1123
793 905
793 1124
794 904
794 1125
795 903
795 1126
796 901
796 902
796 1127
796 1128
797 900
797 1129
797 1130
798 899
798 1131
799 898
799 1132
800 897
800 1133
801 896
801 1134
801 1135
802 895
802 1136
803 894
803 1137
804 893
804 1138
805 892
805 1139
806 891
806 1140
806 1141
807 890
807 1142
808 889
808 1143
809 888
809 1144
810 887
810 1145
811 886
811 1146
812 885
812 1147
813 884
813 1148
814 883
814 1149
815 882
815 1150
816 881
816 1150
817 880
817 1151
818 879
818 1152
819 878
819 1153
820 877
820 1154
821 876
821 1154
822 875
822 1155
823 874
823 1156
824 873
824 1157
825 873
825 1157
826 872
826 1158
827 871
827 1159
828 871
828 1160
829 870
829 1161
830 869
830 1161
831 869
831 1162
832 868
832 1163
833 868
833 1163
834 867
834 1164
835 867
835 1164
836 866
836 1165
837 865
837 1166
838 865
838 1166
839 864
839 1166
840 863
840 1167
841 863
841 1168
842 862
842 1168
843 862
843 1169
844 861
844 1169
845 861
845 1170
846 860
846 1170
847 860
847 1171
848 859
848 1171
849 858
849 1172
850 858
850 1172
851 857
851 1172
852 857
852 1173
853 856
853 1174
854 856
854 1174
855 855
855 1175
856 854
856 1175
857 853
857 1176
858 853
858 1176
859 852
859 1177
860 852
860 1177
861 852
861 1177
862 851
862 1178
863 851
863 1178
864 850
864 1178
865 850
865 1179
866 850
866 1179
867 849
867 1179
868 849
868 1180
869 848
869 1180
870 848
870 1180
871 847
871 1181
872 847
872 1181
873 847
873 1181
874 846
874 1181
875 846
875 1182
876 846
876 1182
877 845
877 1182
878 845
878 1182
879 845
879 1183
880 845
880 1183
881 844
881 1183
882 844
882 1184
883 844
883 1184
884 843
884 1184
885 843
885 1184
886 843
886 1185
887 843
887 1185
888 842
888 1185
889 842
889 1185
890 842
890 1185
891 842
891 1186
892 841
892 1187
893 841
893 1187
894 841
894 1187
895 841
895 1187
896 841
896 1187
897 841
897 1187
898 840
898 1187
899 840
899 1187
900 840
900 1187
901 840
901 1187
902 840
902 1187
903 840
903 1187
904 839
904 1187
905 839
905 1187
906 839
906 1186
907 839
907 1186
908 839
908 1186
909 839
909 1186
910 838
910 1186
911 838
911 1186
912 838
912 1186
913 838
913 1186
914 838
914 1186
915 838
915 1186
916 837
916 1186
917 837
917 1186
918 837
918 1186
919 837
919 1186
920 837
920 1186
921 837
921 1186
922 836
922 1186
923 836
923 1186
924 836
924 1186
925 836
925 1186
926 836
926 1186
927 835
927 1186
928 835
928 1186
929 835
929 1186
930 835
930 1186
931 835
931 1186
932 835
932 1186
933 835
933 1185
934 835
934 1184
935 835
935 1184
936 835
936 1184
937 835
937 1184
938 835
938 1184
939 835
939 1184
940 835
940 1184
941 835
941 1184
942 835
942 1184
943 835
943 1184
944 835
944 1184
945 835
945 1184
946 835
946 1184
947 835
947 1184
948 835
948 1184
949 835
949 1183
950 835
950 1183
951 835
951 1183
952 835
952 1183
953 835
953 1183
954 835
954 1183
955 835
955 1182
956 835
956 1182
957 835
957 1182
958 835
958 1182
959 835
959 1182
960 835
960 1182
961 835
961 1181
962 835
962 1181
963 835
963 1181
964 835
964 1181
965 835
965 1181
966 835
966 1181
967 835
967 1181
968 835
968 1181
969 835
969 1180
970 835
970 1180
971 835
971 1180
972 835
972 1180
973 835
973 1180
974 835
974 1180
975 835
975 1180
976 835
976 1179
977 836
977 1178
978 836
978 1178
979 836
979 1178
980 836
980 1177
981 836
981 1177
982 836
982 1177
983 837
983 1176
984 837
984 1176
985 837
985 1176
986 837
986 1175
987 837
987 1175
988 838
988 1175
989 838
989 1174
990 838
990 1174
991 838
991 1174
992 838
992 1173
993 838
993 1173
994 839
994 1172
995 839
995 1172
996 839
996 1172
997 839
997 1171
998 839
998 1171
999 840
999 1170
1000 840
1000 1170
1001 840
1001 1169
1002 840
1002 1168
1003 841
1003 1168
1004 841
1004 1168
1005 841
1005 1167
1006 842
1006 1167
1007 842
1007 1166
1008 842
1008 1166
1009 843
1009 1165
1010 843
1010 1165
1011 843
1011 1164
1012 844
1012 1164
1013 844
1013 1163
1014 845
1014 1163
1015 845
1015 1163
1016 845
1016 1162
1017 846
1017 1162
1018 846
1018 1161
1019 847
1019 1161
1020 847
1020 1160
1021 848
1021 1160
1022 848
1022 1159
1023 849
1023 1159
1024 849
1024 1158
1025 850
1025 1158
1026 850
1026 1157
1027 851
1027 1157
1028 851
1028 1156
1029 852
1029 1156
1030 852
1030 1155
1031 853
1031 1155
1032 854
1032 1154
1033 854
1033 1154
1034 855
1034 1153
1035 856
1035 1153
1036 856
1036 1152
1037 857
1037 1152
1038 857
1038 1151
1039 858
1039 1150
1040 859
1040 1150
1041 859
1041 1149
1042 860
1042 1149
1043 861
1043 1148
1044 862
1044 1147
1045 862
1045 1147
1046 863
1046 1146
1047 864
1047 1145
1048 864
1048 1145
1049 865
1049 1144
1050 866
1050 1143
1051 866
1051 1143
1052 867
1052 1142
1053 868
1053 1141
1054 868
1054 1140
1055 869
1055 1139
1056 869
1056 1138
1057 870
1057 1137
1058 871
1058 1137
1059 872
1059 1136
1060 873
1060 1135
1061 874
1061 1134
1062 874
1062 1133
1063 875
1063 1132
1064 876
1064 1131
1065 877
1065 1130
1066 878
1066 1129
1067 878
1067 1128
1068 879
1068 1128
1069 880
1069 1127
1070 881
1070 1126
1071 882
1071 1125
1072 883
1072 1124
1073 884
1073 1122
1073 1123
1074 885
1074 1121
1075 886
1075 1120
1076 887
1076 1119
1077 888
1077 1118
1078 889
1078 1117
1079 890
1079 1116
1080 891
1080 1115
1081 892
1081 1114
1082 893
1082 1113
1083 894
1083 1111
1083 1112
1084 895
1084 1110
1085 896
1085 1109
1086 897
1086 1108
1087 898
1087 899
1087 1107
1088 900
1088 1105
1088 1106
1089 901
1089 1104
1090 902
1090 903
1090 1103
1091 904
1091 1102
1092 905
1092 1101
1093 906
1093 907
1093 1099
1093 1100
1094 908
1094 1098
1095 909
1095 1097
1096 910
1096 911
1096 1096
1097 912
1097 1095
1098 913
1098 914
1098 1093
1098 1094
1099 915
1099 1092
1100 916
1100 917
1100 1090
1100 1091
1101 918
1101 1088
1101 1089
1102 919
1102 920
1102 1086
1102 1087
1103 921
1103 1085
1104 922
1104 923
1104 1083
1104 1084
1105 924
1105 925
1105 926
1105 1079
1105 1080
1105 1081
1105 1082
1106 927
1106 928
1106 1077
1106 1078
1107 929
1107 930
1107 931
1107 1074
1107 1075
1107 1076
1108 932
1108 933
1108 1072
1108 1073
1109 934
1109 935
1109 1069
1109 1070
1109 1071
1110 936
1110 937
1110 938
1110 1068
1111 939
1111 940
1111 1066
1111 1067
1112 941
1112 942
1112 943
1112 1063
1112 1064
1112 1065
1113 944
1113 945
1113 946
1113 1060
1113 1061
1113 1062
1114 947
1114 948
1114 949
1114 1053
1114 1057
1114 1058
1114 1059
1115 950
1115 951
1115 953
1115 1049
1115 1052
1115 1054
1115 1055
1115 1056
1116 952
1116 954
1116 1045
1116 1048
1116 1050
1116 1051
1117 955
1117 956
1117 957
1117 1044
1117 1046
1117 1047
1118 958
1118 959
1118 960
1118 1038
1118 1039
1118 1041
1118 1042
1118 1043
1119 961
1119 962
1119 963
1119 967
1119 968
1119 969
1119 1034
1119 1037
1119 1040
1120 964
1120 965
1120 966
1120 970
1120 973
1120 974
1120 975
1120 1030
1120 1033
1120 1035
1120 1036
1121 971
1121 972
1121 976
1121 979
1121 1021
1121 1022
1121 1023
1121 1024
1121 1026
1121 1029
1121 1031
1121 1032
1122 977
1122 978
1122 980
1122 982
1122 983
1122 984
1122 985
1122 986
1122 987
1122 988
1122 989
1122 990
1122 991
1122 1013
1122 1014
1122 1015
1122 1016
1122 1017
1122 1020
1122 1025
1122 1027
1122 1028
1123 981
1123 992
1123 994
1123 995
1123 997
1123 998
1123 999
1123 1000
1123 1001
1123 1002
1123 1003
1123 1004
1123 1005
1123 1006
1123 1007
1123 1008
1123 1009
1123 1010
1123 1012
1123 1018
1123 1019
1124 993
1124 996
1124 1011
