748 943
749 932
749 942
749 944
749 954
750 920
750 924
750 925
750 931
750 933
750 934
750 935
750 936
750 937
750 938
750 939
750 940
750 941
750 945
750 946
750 947
750 948
750 949
750 950
750 951
750 952
750 953
750 955
750 961
750 962
750 966
751 915
751 916
751 919
751 921
751 922
751 923
751 926
751 927
751 928
751 929
751 930
751 956
751 957
751 958
751 959
751 960
751 963
751 964
751 965
751 967
751 970
751 971
752 910
752 914
752 917
752 918
752 968
752 969
752 972
752 974
752 975
753 907
753 908
753 909
753 911
753 912
753 913
753 973
753 976
753 977
754 904
754 905
754 906
754 978
754 981
755 901
755 902
755 903
755 979
755 980
755 982
755 985
755 988
756 898
756 899
756 900
756 983
756 984
756 986
756 987
756 989
756 991
756 992
757 895
757 896
757 897
757 990
757 993
757 994
757 995
758 893
758 894
758 996
758 997
758 998
759 890
759 891
759 892
759 999
760 888
760 889
760 1000
760 1001
761 886
761 887
761 1002
761 1003
762 884
762 885
762 1004
762 1005
763 882
763 883
763 1006
763 1007
764 880
764 881
764 1008
764 1009
765 878
765 879
765 1010
765 1011
765 1012
766 876
766 877
766 1013
766 1014
767 875
767 1015
767 1016
768 873
768 874
768 1017
768 1018
769 872
769 1019
770 870
770 871
770 1020
770 1021
771 868
771 869
771 1022
771 1023
772 866
772 867
772 1024
773 865
773 1025
773 1026
774 863
774 864
774 1027
774 1028
775 862
775 1029
775 1030
776 860
776 861
776 1031
777 859
777 1032
777 1033
778 858
778 1034
779 857
779 1035
779 1036
780 855
780 856
780 1037
781 854
781 1038
782 853
782 1039
782 1040
783 851
783 852
783 1041
784 850
784 1042
785 849
785 1043
786 848
786 1044
787 847
787 1045
788 846
788 1046
789 845
789 1047
790 844
790 1047
791 843
791 1048
792 842
792 1049
793 841
793 1050
794 841
794 1051
795 840
795 1052
796 839
796 1052
797 838
797 1053
797 1054
798 837
798 1055
799 837
799 1056
800 836
800 1057
801 834
801 835
801 1058
802 833
802 1058
803 832
803 1059
804 831
804 1060
805 831
805 1060
806 830
806 1061
807 829
807 1061
808 828
808 1061
809 828
809 1062
810 827
810 1063
811 827
811 1064
812 826
812 1064
813 826
813 1065
814 825
814 1066
815 825
815 1066
816 824
816 1067
817 824
817 1067
818 823
818 1068
819 822
819 1069
820 821
820 1069
821 821
821 1070
822 820
822 1070
823 820
823 1071
824 819
824 1071
825 819
825 1072
826 818
826 1072
827 818
827 1073
828 817
828 1074
829 817
829 1074
830 817
830 1075
831 816
831 1075
832 816
832 1075
833 815
833 1076
834 815
834 1076
835 814
835 1077
836 814
836 1077
837 813
837 1077
838 813
838 1077
839 812
839 1078
840 812
840 1078
841 811
841 1079
842 811
842 1079
843 811
843 1080
844 810
844 1080
845 810
845 1081
846 810
846 1081
847 809
847 1081
848 809
848 1082
849 808
849 1082
850 808
850 1082
851 808
851 1083
852 808
852 1083
853 807
853 1083
854 807
854 1084
855 807
855 1084
856 806
856 1084
857 806
857 1084
858 806
858 1084
859 805
859 1085
860 805
860 1086
861 804
861 1086
862 803
862 1086
863 803
863 1086
864 803
864 1086
865 803
865 1086
866 802
866 1086
867 802
867 1086
868 802
868 1086
869 802
869 1087
870 802
870 1088
871 802
871 1088
872 802
872 1088
873 802
873 1088
874 802
874 1088
875 801
875 1088
876 801
876 1088
877 801
877 1088
878 801
878 1088
879 801
879 1088
880 801
880 1088
881 800
881 1089
882 800
882 1089
883 800
883 1089
884 800
884 1089
885 800
885 1089
886 800
886 1089
887 800
887 1089
888 800
888 1089
889 800
889 1089
890 800
890 1089
891 800
891 1089
892 800
892 1089
893 800
893 1089
894 800
894 1089
895 799
895 1089
896 799
896 1089
897 799
897 1089
898 799
898 1089
899 798
899 1089
900 798
900 1089
901 798
901 1089
902 798
902 1089
903 798
903 1089
904 798
904 1088
905 798
905 1088
906 798
906 1088
907 798
907 1088
908 798
908 1088
909 798
909 1088
910 798
910 1088
911 798
911 1088
912 798
912 1088
913 798
913 1088
914 799
914 1088
915 799
915 1088
916 800
916 1087
917 800
917 1087
918 800
918 1087
919 800
919 1087
920 800
920 1087
921 801
921 1087
922 801
922 1087
923 801
923 1087
924 801
924 1087
925 801
925 1087
926 802
926 1087
927 802
927 1086
928 802
928 1086
929 802
929 1086
930 803
930 1086
931 803
931 1086
932 803
932 1085
933 804
933 1085
934 804
934 1085
935 804
935 1085
936 804
936 1085
937 805
937 1085
938 805
938 1084
939 805
939 1084
940 806
940 1084
941 806
941 1084
942 806
942 1084
943 806
943 1084
944 807
944 1083
945 807
945 1083
946 807
946 1083
947 808
947 1083
948 808
948 1083
949 808
949 1082
950 808
950 1081
951 808
951 1081
952 809
952 1081
953 809
953 1081
954 809
954 1081
955 809
955 1081
956 810
956 1081
957 810
957 1080
958 810
958 1080
959 811
959 1080
960 811
960 1080
961 811
961 1080
962 811
962 1079
963 812
963 1079
964 812
964 1079
965 812
965 1079
966 813
966 1079
967 813
967 1079
968 813
968 1079
969 814
969 1078
970 814
970 1078
971 815
971 1078
972 815
972 1077
973 816
973 1077
974 816
974 1077
975 817
975 1077
976 817
976 1076
977 818
977 1075
978 818
978 1074
979 819
979 1074
980 819
980 1073
981 820
981 1073
982 820
982 1072
983 821
983 1072
984 821
984 1071
985 822
985 1071
986 822
986 1070
987 823
987 1070
988 824
988 1069
989 824
989 1069
990 825
990 1068
991 825
991 1068
992 826
992 1067
993 827
993 1067
994 827
994 1066
995 828
995 1066
996 829
996 1065
997 829
997 1065
998 830
998 1064
999 831
999 1064
1000 831
1000 1063
1001 832
1001 1062
1002 833
1002 1061
1003 833
1003 1060
1004 834
1004 1060
1005 835
1005 1059
1006 836
1006 1058
1007 837
1007 1057
1008 837
1008 1057
1009 838
1009 1056
1010 839
1010 1055
1011 840
1011 1054
1012 841
1012 1053
1013 842
1013 1053
1014 843
1014 1052
1015 844
1015 1051
1016 845
1016 1050
1017 846
1017 1049
1018 847
1018 1048
1019 848
1019 1047
1020 849
1020 1046
1021 849
1021 1046
1022 850
1022 1045
1023 851
1023 1044
1024 852
1024 1043
1025 853
1025 1042
1026 854
1026 1041
1027 855
1027 1039
1027 1040
1028 856
1028 1037
1028 1038
1029 857
1029 1036
1030 858
1030 859
1030 1035
1031 860
1031 1033
1031 1034
1032 861
1032 862
1032 1032
1033 863
1033 1031
1034 864
1034 1030
1035 865
1035 866
1035 1029
1036 867
1036 1027
1036 1028
1037 868
1037 869
1037 1026
1038 870
1038 1024
1038 1025
1039 871
1039 1023
1040 872
1040 873
1040 1021
1040 1022
1041 874
1041 1019
1041 1020
1042 875
1042 876
1042 1018
1043 877
1043 1016
1043 1017
1044 878
1044 879
1044 1015
1045 880
1045 1013
1045 1014
1046 881
1046 882
1046 1012
1047 883
1047 884
1047 1010
1047 1011
1048 885
1048 886
1048 1009
1049 887
1049 888
1049 1006
1049 1007
1049 1008
1050 889
1050 890
1050 1004
1050 1005
1051 891
1051 892
1051 893
1051 1003
1052 894
1052 895
1052 896
1052 1001
1052 1002
1053 897
1053 898
1053 999
1053 1000
1054 899
1054 900
1054 901
1054 997
1054 998
1055 902
1055 903
1055 905
1055 993
1055 994
1055 995
1055 996
1056 904
1056 906
1056 990
1056 991
1056 992
1057 907
1057 908
1057 909
1057 912
1057 984
1057 987
1057 988
1057 989
1058 910
1058 911
1058 913
1058 916
1058 918
1058 919
1058 920
1058 921
1058 980
1058 981
1058 983
1058 985
1058 986
1059 914
1059 915
1059 917
1059 922
1059 925
1059 926
1059 927
1059 928
1059 976
1059 979
1059 982
1060 923
1060 924
1060 929
1060 931
1060 932
1060 933
1060 934
1060 935
1060 936
1060 971
1060 972
1060 975
1060 977
1060 978
1061 930
1061 937
1061 940
1061 941
1061 945
1061 946
1061 947
1061 948
1061 949
1061 950
1061 951
1061 952
1061 953
1061 954
1061 955
1061 956
1061 957
1061 958
1061 959
1061 960
1061 961
1061 962
1061 963
1061 964
1061 965
1061 966
1061 967
1061 968
1061 970
1061 973
1061 974
1062 938
1062 939
1062 942
1062 944
1062 969
1063 943
