677 942
678 930
678 931
678 941
678 943
678 959
679 924
679 929
679 932
679 933
679 934
679 935
679 936
679 937
679 938
679 939
679 940
679 944
679 945
679 946
679 947
679 948
679 949
679 950
679 951
679 952
679 953
679 954
679 955
679 956
679 957
679 958
679 960
679 969
679 970
679 975
680 917
680 918
680 923
680 925
680 926
680 927
680 928
680 961
680 962
680 963
680 964
680 965
680 966
680 967
680 968
680 971
680 972
680 973
680 974
680 976
680 979
680 980
681 908
681 911
681 912
681 916
681 919
681 920
681 921
681 922
681 977
681 978
681 981
681 983
681 984
682 903
682 907
682 909
682 910
682 913
682 914
682 915
682 982
682 985
682 988
682 989
683 897
683 898
683 902
683 904
683 905
683 906
683 986
683 987
683 990
683 992
684 892
684 896
684 899
684 900
684 901
684 991
684 993
684 995
684 996
685 888
685 889
685 891
685 893
685 894
685 895
685 994
685 997
685 998
685 999
686 885
686 886
686 887
686 890
686 1000
686 1001
686 1002
687 882
687 883
687 884
687 1003
687 1004
687 1005
688 879
688 880
688 881
688 1006
688 1007
688 1008
689 875
689 876
689 877
689 878
689 1009
689 1010
689 1011
690 872
690 873
690 874
690 1012
690 1013
691 870
691 871
691 1014
691 1015
691 1016
692 868
692 869
692 1017
692 1018
693 866
693 867
693 1019
693 1020
693 1021
694 863
694 864
694 865
694 1022
694 1023
695 861
695 862
695 1024
695 1025
696 860
696 1026
696 1027
697 858
697 859
697 1028
697 1029
698 856
698 857
698 1030
698 1031
699 854
699 855
699 1032
699 1033
700 852
700 853
700 1034
701 850
701 851
701 1035
701 1036
702 848
702 849
702 1037
702 1038
703 846
703 847
703 1039
704 845
704 1040
705 843
705 844
705 1041
706 841
706 842
706 1042
706 1043
707 840
707 1044
708 838
708 839
708 1045
708 1046
709 837
709 1047
710 835
710 836
710 1048
710 1049
711 833
711 834
711 1050
712 832
712 1051
712 1052
713 831
713 1053
713 1054
714 830
714 1055
715 828
715 829
715 1056
716 827
716 1057
716 1058
717 825
717 826
717 1059
718 824
718 1060
719 823
719 1061
719 1062
720 821
720 822
720 1063
721 820
721 1064
722 818
722 819
722 1065
723 816
723 817
723 1066
724 815
724 1067
725 814
725 1068
726 813
726 1069
727 812
727 1070
728 811
728 1071
729 810
729 1072
730 809
730 1073
731 807
731 808
731 1074
732 806
732 1075
733 805
733 1076
734 804
734 1077
735 803
735 1077
736 802
736 1078
737 801
737 1079
738 801
738 1080
739 800
739 1080
740 799
740 1081
741 798
741 1082
742 798
742 1083
743 797
743 1083
744 796
744 1084
745 795
745 1085
746 794
746 1085
747 794
747 1086
748 793
748 1087
749 793
749 1088
750 792
750 1089
751 791
751 1090
752 790
752 1090
753 790
753 1091
754 789
754 1092
755 788
755 1092
756 788
756 1093
757 787
757 1094
758 786
758 1094
759 785
759 1095
760 785
760 1096
761 785
761 1096
762 784
762 1097
763 783
763 1098
764 783
764 1098
765 782
765 1099
766 782
766 1099
767 781
767 1100
768 781
768 1100
769 780
769 1101
770 780
770 1101
771 779
771 1102
772 779
772 1102
773 778
773 1103
774 778
774 1103
775 777
775 1104
776 776
776 1105
777 776
777 1106
778 775
778 1106
779 775
779 1107
780 774
780 1107
781 774
781 1108
782 773
782 1108
783 773
783 1109
784 772
784 1109
785 772
785 1110
786 772
786 1110
787 771
787 1111
788 771
788 1111
789 770
789 1111
790 770
790 1112
791 769
791 1113
792 769
792 1113
793 768
793 1114
794 768
794 1114
795 767
795 1115
796 767
796 1115
797 767
797 1116
798 766
798 1116
799 766
799 1117
800 765
800 1117
801 765
801 1118
802 765
802 1118
803 764
803 1119
804 764
804 1119
805 764
805 1119
806 763
806 1120
807 763
807 1120
808 763
808 1120
809 762
809 1121
810 762
810 1121
811 762
811 1121
812 761
812 1121
813 761
813 1122
814 761
814 1122
815 760
815 1122
816 760
816 1122
817 760
817 1123
818 759
818 1124
819 759
819 1124
820 759
820 1124
821 758
821 1124
822 758
822 1125
823 758
823 1125
824 757
824 1125
825 757
825 1125
826 757
826 1126
827 756
827 1126
828 756
828 1126
829 756
829 1126
830 756
830 1126
831 755
831 1126
832 755
832 1126
833 755
833 1127
834 755
834 1127
835 755
835 1127
836 754
836 1127
837 754
837 1127
838 754
838 1128
839 754
839 1128
840 753
840 1128
841 753
841 1128
842 753
842 1128
843 753
843 1128
844 752
844 1128
845 752
845 1128
846 752
846 1128
847 752
847 1129
848 751
848 1130
849 751
849 1130
850 751
850 1130
851 751
851 1130
852 751
852 1130
853 750
853 1130
854 750
854 1130
855 750
855 1130
856 750
856 1130
857 750
857 1130
858 750
858 1130
859 750
859 1130
860 750
860 1130
861 750
861 1130
862 750
862 1131
863 750
863 1131
864 749
864 1131
865 749
865 1131
866 749
866 1131
867 749
867 1131
868 749
868 1131
869 749
869 1131
870 749
870 1131
871 749
871 1131
872 748
872 1131
873 748
873 1131
874 748
874 1131
875 748
875 1131
876 748
876 1132
877 748
877 1133
878 748
878 1133
879 747
879 1133
880 747
880 1133
881 747
881 1133
882 747
882 1133
883 747
883 1133
884 747
884 1133
885 747
885 1133
886 747
886 1133
887 747
887 1133
888 747
888 1133
889 747
889 1133
890 747
890 1133
891 747
891 1133
892 747
892 1133
893 747
893 1133
894 747
894 1133
895 747
895 1133
896 747
896 1133
897 747
897 1133
898 747
898 1133
899 747
899 1133
900 747
900 1133
901 747
901 1133
902 747
902 1133
903 748
903 1133
904 748
904 1133
905 748
905 1133
906 748
906 1132
907 748
907 1132
908 748
908 1132
909 748
909 1132
910 748
910 1132
911 748
911 1132
912 748
912 1132
913 748
913 1132
914 748
914 1132
915 748
915 1132
916 748
916 1132
917 749
917 1132
918 749
918 1132
919 749
919 1132
920 749
920 1132
921 749
921 1132
922 749
922 1132
923 750
923 1132
924 750
924 1132
925 750
925 1132
926 750
926 1132
927 750
927 1132
928 750
928 1132
929 750
929 1132
930 750
930 1132
931 750
931 1132
932 751
932 1132
933 751
933 1132
934 751
934 1132
935 751
935 1132
936 751
936 1132
937 751
937 1132
938 751
938 1131
939 752
939 1130
940 752
940 1130
941 752
941 1130
942 753
942 1130
943 753
943 1130
944 753
944 1130
945 753
945 1130
946 754
946 1130
947 754
947 1129
948 754
948 1129
949 755
949 1129
950 755
950 1129
951 755
951 1129
952 755
952 1129
953 755
953 1128
954 755
954 1128
955 755
955 1128
956 756
956 1127
957 756
957 1127
958 756
958 1127
959 756
959 1127
960 757
960 1126
961 757
961 1126
962 757
962 1126
963 758
963 1126
964 758
964 1125
965 758
965 1125
966 758
966 1125
967 759
967 1125
968 760
968 1124
969 760
969 1124
970 761
970 1124
971 761
971 1124
972 761
972 1123
973 762
973 1123
974 762
974 1123
975 762
975 1122
976 763
976 1122
977 763
977 1122
978 763
978 1121
979 764
979 1121
980 764
980 1121
981 765
981 1120
982 765
982 1120
983 766
983 1120
984 766
984 1119
985 767
985 1119
986 767
986 1118
987 768
987 1118
988 768
988 1117
989 769
989 1117
990 769
990 1116
991 770
991 1116
992 770
992 1115
993 771
993 1115
994 771
994 1114
995 772
995 1114
996 772
996 1113
997 773
997 1113
998 773
998 1112
999 774
999 1111
1000 774
1000 1111
1001 775
1001 1110
1002 775
1002 1110
1003 776
1003 1109
1004 777
1004 1108
1005 777
1005 1108
1006 778
1006 1107
1007 778
1007 1107
1008 779
1008 1106
1009 780
1009 1106
1010 780
1010 1105
1011 781
1011 1105
1012 781
1012 1104
1013 782
1013 1104
1014 783
1014 1103
1015 783
1015 1103
1016 784
1016 1102
1017 784
1017 1101
1018 785
1018 1101
1019 786
1019 1100
1020 786
1020 1100
1021 787
1021 1099
1022 787
1022 1098
1023 788
1023 1098
1024 788
1024 1097
1025 789
1025 1096
1026 790
1026 1095
1027 790
1027 1094
1028 791
1028 1093
1029 792
1029 1092
1030 793
1030 1091
1031 793
1031 1090
1032 794
1032 1090
1033 795
1033 1089
1034 796
1034 1088
1035 796
1035 1087
1036 797
1036 1086
1037 798
1037 1085
1038 799
1038 1085
1039 800
1039 1084
1040 800
1040 1084
1041 801
1041 1083
1042 802
1042 1082
1043 803
1043 1081
1044 803
1044 1080
1045 804
1045 1079
1046 805
1046 1078
1047 806
1047 1077
1048 807
1048 1077
1049 808
1049 809
1049 1076
1050 810
1050 1074
1050 1075
1051 811
1051 1073
1052 812
1052 1072
1053 813
1053 1071
1054 814
1054 1070
1055 815
1055 1070
1056 816
1056 1069
1057 817
1057 1068
1058 818
1058 1067
1059 819
1059 1066
1060 820
1060 1065
1061 821
1061 1064
1062 822
1062 1063
1063 823
1063 824
1063 1061
1063 1062
1064 825
1064 1060
1065 826
1065 1059
1066 827
1066 828
1066 1058
1067 829
1067 1056
1067 1057
1068 830
1068 1055
1069 831
1069 832
1069 1054
1070 833
1070 834
1070 1053
1071 835
1071 836
1071 1052
1072 837
1072 1051
1073 838
1073 839
1073 1050
1074 840
1074 1048
1074 1049
1075 841
1075 842
1075 1047
1076 843
1076 1046
1077 844
1077 845
1077 1044
1077 1045
1078 846
1078 1043
1079 847
1079 1042
1080 848
1080 849
1080 1040
1080 1041
1081 850
1081 851
1081 1039
1082 852
1082 853
1082 1037
1082 1038
1083 854
1083 855
1083 1035
1083 1036
1084 856
1084 857
1084 1033
1084 1034
1085 858
1085 859
1085 1031
1085 1032
1086 860
1086 861
1086 1030
1087 862
1087 863
1087 1028
1087 1029
1088 864
1088 865
1088 1026
1088 1027
1089 866
1089 867
1089 1024
1089 1025
1090 868
1090 869
1090 870
1090 1023
1091 871
1091 872
1091 1021
1091 1022
1092 873
1092 874
1092 1018
1092 1019
1092 1020
1093 875
1093 876
1093 877
1093 878
1093 1016
1093 1017
1094 879
1094 880
1094 881
1094 1014
1094 1015
1095 882
1095 883
1095 1012
1095 1013
1096 884
1096 885
1096 886
1096 1010
1096 1011
1097 887
1097 888
1097 1007
1097 1008
1097 1009
1098 889
1098 890
1098 891
1098 893
1098 894
1098 1004
1098 1005
1098 1006
1099 892
1099 895
1099 898
1099 1001
1099 1002
1099 1003
1100 896
1100 897
1100 899
1100 902
1100 903
1100 998
1100 999
1100 1000
1101 900
1101 901
1101 904
1101 907
1101 995
1101 996
1101 997
1102 905
1102 906
1102 908
1102 910
1102 911
1102 912
1102 988
1102 989
1102 990
1102 992
1102 993
1102 994
1103 909
1103 913
1103 916
1103 917
1103 983
1103 984
1103 987
1103 991
1104 914
1104 915
1104 918
1104 921
1104 922
1104 923
1104 977
1104 978
1104 979
1104 982
1104 985
1104 986
1105 919
1105 920
1105 924
1105 926
1105 927
1105 928
1105 929
1105 930
1105 931
1105 932
1105 933
1105 934
1105 967
1105 968
1105 969
1105 970
1105 971
1105 972
1105 973
1105 974
1105 976
1105 980
1105 981
1106 925
1106 935
1106 938
1106 939
1106 940
1106 941
1106 942
1106 943
1106 944
1106 945
1106 946
1106 947
1106 948
1106 949
1106 950
1106 951
1106 952
1106 953
1106 954
1106 955
1106 956
1106 957
1106 959
1106 960
1106 961
1106 962
1106 963
1106 966
1106 975
1107 936
1107 937
1107 958
1107 964
1107 965
