829 975
829 989
830 969
830 970
830 974
830 976
830 977
830 978
830 979
830 980
830 981
830 982
830 983
830 984
830 985
830 986
830 987
830 988
830 990
830 999
830 1000
831 962
831 963
831 968
831 971
831 972
831 973
831 991
831 992
831 993
831 994
831 995
831 996
831 997
831 998
831 1001
831 1002
832 957
832 958
832 961
832 964
832 965
832 966
832 967
832 1003
832 1005
832 1006
833 949
833 952
833 953
833 956
833 959
833 960
833 1004
833 1007
833 1008
833 1009
834 945
834 946
834 948
834 950
834 951
834 954
834 955
834 1010
834 1011
834 1012
835 942
835 943
835 944
835 947
835 1013
835 1014
836 938
836 939
836 941
836 1015
836 1016
837 937
837 940
837 1017
837 1018
838 935
838 936
838 1019
838 1020
839 933
839 934
839 1021
839 1022
840 931
840 932
840 1023
840 1024
841 930
841 1025
841 1026
842 928
842 929
842 1027
842 1028
843 926
843 927
843 1029
843 1030
844 924
844 925
844 1031
844 1032
845 922
845 923
845 1033
845 1034
846 920
846 921
846 1035
847 918
847 919
847 1036
847 1037
848 916
848 917
848 1038
848 1039
849 914
849 915
849 1040
850 913
850 1041
851 911
851 912
851 1042
852 909
852 910
852 1043
853 908
853 1044
854 906
854 907
854 1045
855 904
855 905
855 1046
856 902
856 903
856 1047
857 901
857 1047
858 899
858 900
858 1048
859 898
859 1049
860 896
860 897
860 1050
861 895
861 1051
862 894
862 1052
863 892
863 893
863 1053
864 891
864 1054
865 890
865 1055
866 888
866 889
866 1056
867 887
867 1057
868 886
868 1058
869 884
869 885
869 1059
870 883
870 1060
871 883
871 1061
872 882
872 1062
873 881
873 1063
874 880
874 1064
875 878
875 879
875 1064
876 877
876 1064
877 876
877 1065
878 874
878 875
878 1066
879 873
879 1067
880 872
880 1068
881 871
881 1069
882 870
882 1070
883 869
883 1071
884 868
884 1071
885 867
885 1072
886 866
886 1073
887 865
887 1074
888 865
888 1075
889 864
889 1076
890 863
890 1076
891 862
891 1077
892 861
892 1078
893 860
893 1079
894 859
894 1079
895 859
895 1080
896 857
896 858
896 1081
897 856
897 1082
898 856
898 1082
899 855
899 1083
900 854
900 1084
901 853
901 1085
902 853
902 1085
903 852
903 1086
904 851
904 1087
905 851
905 1088
906 850
906 1089
907 850
907 1089
908 849
908 1090
909 848
909 1091
910 848
910 1091
911 847
911 1092
912 847
912 1092
913 846
913 1093
914 845
914 1094
915 845
915 1095
916 844
916 1095
917 844
917 1096
918 843
918 1097
919 843
919 1098
920 842
920 1098
921 842
921 1099
922 841
922 1100
923 841
923 1101
924 840
924 1101
925 840
925 1102
926 839
926 1103
927 839
927 1103
928 838
928 1104
929 838
929 1105
930 837
930 1105
931 837
931 1106
932 837
932 1107
933 836
933 1107
934 836
934 1108
935 835
935 1108
936 835
936 1109
937 835
937 1109
938 834
938 1110
939 834
939 1110
940 834
940 1110
941 833
941 1111
942 833
942 1111
943 833
943 1112
944 832
944 1112
945 832
945 1113
946 832
946 1113
947 831
947 1113
948 831
948 1114
949 830
949 1114
950 830
950 1114
951 830
951 1115
952 830
952 1115
953 830
953 1116
954 830
954 1116
955 829
955 1116
956 829
956 1117
957 829
957 1117
958 829
958 1118
959 829
959 1118
960 829
960 1118
961 829
961 1119
962 829
962 1120
963 829
963 1120
964 829
964 1120
965 829
965 1121
966 829
966 1121
967 829
967 1121
968 829
968 1121
969 829
969 1122
970 829
970 1122
971 829
971 1122
972 828
972 1123
973 828
973 1123
974 828
974 1123
975 828
975 1123
976 828
976 1124
977 828
977 1124
978 828
978 1124
979 828
979 1124
980 828
980 1124
981 828
981 1124
982 828
982 1124
983 828
983 1124
984 828
984 1124
985 827
985 1124
986 827
986 1124
987 827
987 1124
988 827
988 1124
989 827
989 1124
990 827
990 1124
991 827
991 1124
992 827
992 1124
993 827
993 1124
994 827
994 1124
995 827
995 1125
996 827
996 1125
997 828
997 1125
998 829
998 1125
999 829
999 1125
1000 829
1000 1125
1001 829
1001 1125
1002 829
1002 1125
1003 829
1003 1125
1004 829
1004 1125
1005 829
1005 1125
1006 830
1006 1124
1007 830
1007 1124
1008 830
1008 1124
1009 830
1009 1124
1010 830
1010 1124
1011 830
1011 1124
1012 830
1012 1124
1013 830
1013 1123
1014 830
1014 1123
1015 830
1015 1123
1016 830
1016 1123
1017 830
1017 1123
1018 831
1018 1123
1019 831
1019 1123
1020 831
1020 1122
1021 831
1021 1121
1022 831
1022 1121
1023 831
1023 1121
1024 831
1024 1121
1025 831
1025 1121
1026 831
1026 1120
1027 831
1027 1120
1028 832
1028 1120
1029 832
1029 1120
1030 832
1030 1120
1031 832
1031 1119
1032 832
1032 1119
1033 833
1033 1119
1034 833
1034 1119
1035 833
1035 1119
1036 834
1036 1119
1037 834
1037 1118
1038 834
1038 1118
1039 835
1039 1117
1040 835
1040 1117
1041 836
1041 1117
1042 836
1042 1116
1043 836
1043 1115
1044 837
1044 1115
1045 837
1045 1114
1046 837
1046 1114
1047 838
1047 1114
1048 838
1048 1113
1049 838
1049 1113
1050 838
1050 1112
1051 839
1051 1112
1052 839
1052 1111
1053 840
1053 1111
1054 840
1054 1111
1055 841
1055 1111
1056 841
1056 1110
1057 842
1057 1110
1058 842
1058 1109
1059 843
1059 1109
1060 843
1060 1108
1061 844
1061 1108
1062 844
1062 1107
1063 844
1063 1106
1064 845
1064 1105
1065 846
1065 1104
1066 846
1066 1104
1067 847
1067 1103
1068 848
1068 1102
1069 848
1069 1101
1070 849
1070 1101
1071 850
1071 1100
1072 851
1072 1099
1073 852
1073 1099
1074 853
1074 1098
1075 853
1075 1097
1076 854
1076 1097
1077 855
1077 1096
1078 855
1078 1095
1079 856
1079 1094
1080 857
1080 1093
1081 857
1081 1093
1082 857
1082 1092
1083 858
1083 1091
1084 859
1084 1090
1085 860
1085 1089
1086 861
1086 1088
1087 861
1087 1087
1088 862
1088 1086
1089 863
1089 1085
1090 864
1090 1085
1091 865
1091 1084
1092 866
1092 1083
1093 867
1093 1082
1094 868
1094 1081
1095 869
1095 1080
1096 869
1096 1079
1097 870
1097 1078
1098 871
1098 1076
1098 1077
1099 872
1099 1075
1100 873
1100 1074
1101 874
1101 1073
1102 875
1102 1072
1103 876
1103 1071
1104 877
1104 1069
1104 1070
1105 877
1105 1068
1106 878
1106 1067
1107 879
1107 1065
1107 1066
1108 880
1108 1064
1109 881
1109 1063
1110 882
1110 1062
1111 883
1111 1061
1112 884
1112 885
1112 1060
1113 886
1113 1058
1113 1059
1114 887
1114 1057
1115 888
1115 889
1115 1055
1115 1056
1116 890
1116 1054
1117 891
1117 1052
1117 1053
1118 892
1118 1051
1119 893
1119 894
1119 1050
1120 895
1120 1048
1120 1049
1121 896
1121 1047
1122 897
1122 898
1122 1045
1122 1046
1123 899
1123 1043
1123 1044
1124 900
1124 901
1124 1041
1124 1042
1125 902
1125 903
1125 1039
1125 1040
1126 904
1126 905
1126 1037
1126 1038
1127 906
1127 1035
1127 1036
1128 907
1128 908
1128 909
1128 910
1128 1033
1128 1034
1129 911
1129 912
1129 1029
1129 1030
1129 1031
1129 1032
1130 913
1130 914
1130 915
1130 1027
1130 1028
1131 916
1131 917
1131 1025
1131 1026
1132 918
1132 1022
1132 1023
1132 1024
1133 919
1133 920
1133 1021
1134 921
1134 922
1134 923
1134 1020
1135 924
1135 925
1135 1017
1135 1018
1135 1019
1136 926
1136 927
1136 928
1136 932
1136 933
1136 1014
1136 1015
1136 1016
1137 929
1137 930
1137 931
1137 934
1137 936
1137 937
1137 1006
1137 1007
1137 1008
1137 1011
1137 1012
1137 1013
1138 935
1138 938
1138 940
1138 1000
1138 1001
1138 1002
1138 1005
1138 1009
1138 1010
1139 939
1139 941
1139 943
1139 944
1139 945
1139 946
1139 947
1139 948
1139 949
1139 950
1139 951
1139 992
1139 993
1139 994
1139 995
1139 996
1139 997
1139 999
1139 1003
1139 1004
1140 942
1140 952
1140 954
1140 955
1140 956
1140 957
1140 958
1140 959
1140 960
1140 961
1140 962
1140 963
1140 964
1140 965
1140 966
1140 967
1140 968
1140 969
1140 970
1140 971
1140 972
1140 973
1140 974
1140 975
1140 976
1140 977
1140 978
1140 979
1140 980
1140 981
1140 982
1140 983
1140 984
1140 985
1140 986
1140 988
1140 991
1140 998
1141 953
1141 987
1141 989
1141 990
