784 974
784 991
785 967
785 968
785 973
785 975
785 976
785 977
785 978
785 979
785 980
785 981
785 982
785 983
785 984
785 985
785 986
785 987
785 988
785 989
785 990
785 992
785 1007
785 1008
786 958
786 959
786 960
786 966
786 969
786 970
786 971
786 972
786 993
786 994
786 995
786 996
786 997
786 998
786 999
786 1000
786 1001
786 1002
786 1003
786 1004
786 1005
786 1006
786 1009
786 1012
786 1013
787 952
787 953
787 957
787 961
787 962
787 963
787 964
787 965
787 1010
787 1011
787 1014
787 1017
787 1018
788 947
788 948
788 951
788 954
788 955
788 956
788 1015
788 1016
788 1019
788 1022
788 1023
788 1024
789 942
789 946
789 949
789 950
789 1020
789 1021
789 1025
789 1026
789 1027
790 938
790 939
790 941
790 943
790 944
790 945
790 1028
790 1029
790 1030
791 934
791 935
791 937
791 940
791 1031
791 1032
791 1033
792 930
792 931
792 933
792 936
792 1034
792 1035
792 1036
793 925
793 926
793 929
793 932
793 1037
793 1038
793 1039
793 1040
794 922
794 923
794 924
794 927
794 928
794 1041
794 1042
794 1043
795 918
795 919
795 921
795 1044
795 1045
796 915
796 916
796 917
796 920
796 1046
796 1047
796 1048
797 911
797 912
797 914
797 1049
797 1050
798 910
798 913
798 1051
798 1052
799 907
799 908
799 909
799 1053
799 1054
799 1055
800 904
800 905
800 906
800 1056
801 901
801 902
801 903
801 1057
801 1058
802 898
802 899
802 900
802 1059
802 1060
803 895
803 896
803 897
803 1061
803 1062
804 892
804 893
804 894
804 1063
805 890
805 891
805 1064
805 1065
806 888
806 889
806 1066
806 1067
807 886
807 887
807 1068
807 1069
808 883
808 884
808 885
808 1070
809 881
809 882
809 1071
809 1072
810 879
810 880
810 1073
811 878
811 1074
812 876
812 877
812 1075
812 1076
813 875
813 1077
814 873
814 874
814 1078
815 872
815 1079
815 1080
816 870
816 871
816 1081
817 869
817 1082
818 867
818 868
818 1083
819 865
819 866
819 1084
819 1085
820 864
820 1086
821 862
821 863
821 1087
822 861
822 1088
823 859
823 860
823 1089
823 1090
824 858
824 1091
825 857
825 1092
826 855
826 856
826 1093
827 854
827 1094
828 852
828 853
828 1095
828 1096
829 850
829 851
829 1097
829 1098
830 849
830 1099
831 848
831 1100
832 847
832 1101
833 846
833 1102
834 844
834 845
834 1103
835 843
835 1104
836 842
836 1105
837 841
837 1106
837 1107
838 840
838 1108
839 839
839 1108
840 839
840 1108
841 838
841 1109
842 837
842 1110
843 836
843 1111
844 835
844 1112
845 834
845 1113
846 833
846 1114
847 832
847 1114
848 831
848 1115
849 830
849 1116
850 830
850 1117
851 828
851 829
851 1118
852 827
852 1119
853 826
853 1120
854 825
854 1121
855 825
855 1122
856 824
856 1123
857 823
857 1124
858 822
858 1125
859 821
859 1125
860 820
860 1126
861 819
861 1127
862 818
862 1128
863 818
863 1129
864 817
864 1129
865 816
865 1130
866 815
866 1131
867 815
867 1132
868 814
868 1132
869 813
869 1133
870 813
870 1134
871 812
871 1135
872 811
872 1135
873 811
873 1136
874 810
874 1137
875 809
875 1138
876 809
876 1138
877 808
877 1139
878 808
878 1140
879 807
879 1141
880 806
880 1141
881 806
881 1142
882 805
882 1143
883 805
883 1143
884 804
884 1144
885 804
885 1145
886 803
886 1145
887 802
887 1146
888 802
888 1147
889 801
889 1147
890 801
890 1147
891 800
891 1148
892 800
892 1149
893 799
893 1149
894 799
894 1150
895 798
895 1151
896 798
896 1151
897 797
897 1152
898 797
898 1153
899 796
899 1153
900 796
900 1154
901 795
901 1155
902 795
902 1155
903 794
903 1155
904 794
904 1156
905 793
905 1156
906 792
906 1157
907 792
907 1157
908 792
908 1158
909 791
909 1158
910 791
910 1159
911 791
911 1159
912 790
912 1160
913 790
913 1160
914 789
914 1161
915 789
915 1161
916 789
916 1161
917 788
917 1162
918 788
918 1163
919 788
919 1163
920 788
920 1164
921 787
921 1164
922 787
922 1165
923 787
923 1165
924 786
924 1165
925 786
925 1166
926 786
926 1166
927 785
927 1167
928 785
928 1167
929 785
929 1167
930 785
930 1167
931 784
931 1168
932 784
932 1169
933 784
933 1169
934 783
934 1170
935 783
935 1170
936 783
936 1170
937 782
937 1171
938 782
938 1171
939 782
939 1172
940 781
940 1172
941 781
941 1172
942 781
942 1173
943 780
943 1173
944 780
944 1174
945 780
945 1174
946 779
946 1174
947 779
947 1175
948 779
948 1175
949 779
949 1175
950 779
950 1175
951 779
951 1175
952 779
952 1175
953 778
953 1175
954 778
954 1176
955 778
955 1176
956 778
956 1176
957 778
957 1176
958 778
958 1176
959 778
959 1176
960 778
960 1176
961 778
961 1176
962 778
962 1176
963 778
963 1177
964 778
964 1177
965 778
965 1177
966 777
966 1177
967 777
967 1177
968 777
968 1177
969 777
969 1177
970 777
970 1177
971 777
971 1178
972 777
972 1178
973 777
973 1178
974 777
974 1178
975 777
975 1178
976 777
976 1178
977 777
977 1178
978 777
978 1178
979 777
979 1179
980 777
980 1179
981 777
981 1179
982 777
982 1179
983 777
983 1179
984 777
984 1179
985 777
985 1179
986 777
986 1179
987 777
987 1179
988 777
988 1179
989 777
989 1179
990 777
990 1179
991 777
991 1179
992 777
992 1179
993 776
993 1179
994 776
994 1179
995 776
995 1179
996 776
996 1179
997 776
997 1179
998 776
998 1179
999 776
999 1179
1000 776
1000 1179
1001 776
1001 1179
1002 776
1002 1179
1003 776
1003 1179
1004 776
1004 1179
1005 776
1005 1179
1006 776
1006 1179
1007 777
1007 1179
1008 777
1008 1179
1009 777
1009 1179
1010 777
1010 1179
1011 778
1011 1178
1012 778
1012 1178
1013 778
1013 1178
1014 778
1014 1178
1015 778
1015 1178
1016 778
1016 1178
1017 778
1017 1178
1018 779
1018 1178
1019 779
1019 1178
1020 779
1020 1178
1021 779
1021 1178
1022 779
1022 1178
1023 779
1023 1178
1024 779
1024 1178
1025 779
1025 1178
1026 780
1026 1178
1027 780
1027 1177
1028 780
1028 1176
1029 780
1029 1176
1030 780
1030 1176
1031 780
1031 1176
1032 780
1032 1176
1033 781
1033 1176
1034 781
1034 1176
1035 781
1035 1176
1036 781
1036 1175
1037 781
1037 1175
1038 781
1038 1175
1039 781
1039 1175
1040 782
1040 1175
1041 782
1041 1175
1042 782
1042 1175
1043 782
1043 1174
1044 782
1044 1174
1045 783
1045 1174
1046 783
1046 1174
1047 783
1047 1173
1048 783
1048 1173
1049 784
1049 1173
1050 784
1050 1173
1051 784
1051 1172
1052 784
1052 1172
1053 785
1053 1172
1054 785
1054 1171
1055 785
1055 1171
1056 785
1056 1171
1057 785
1057 1171
1058 785
1058 1170
1059 786
1059 1170
1060 786
1060 1170
1061 786
1061 1169
1062 787
1062 1169
1063 787
1063 1169
1064 787
1064 1169
1065 787
1065 1168
1066 788
1066 1168
1067 788
1067 1168
1068 788
1068 1167
1069 789
1069 1167
1070 789
1070 1167
1071 790
1071 1166
1072 790
1072 1166
1073 790
1073 1166
1074 790
1074 1165
1075 791
1075 1165
1076 791
1076 1164
1077 791
1077 1164
1078 792
1078 1164
1079 792
1079 1163
1080 792
1080 1163
1081 792
1081 1163
1082 793
1082 1162
1083 793
1083 1162
1084 793
1084 1161
1085 794
1085 1161
1086 794
1086 1161
1087 794
1087 1160
1088 794
1088 1160
1089 795
1089 1159
1090 795
1090 1159
1091 796
1091 1158
1092 796
1092 1158
1093 797
1093 1157
1094 797
1094 1157
1095 798
1095 1156
1096 798
1096 1155
1097 799
1097 1154
1098 799
1098 1154
1099 800
1099 1153
1100 800
1100 1152
1101 801
1101 1152
1102 802
1102 1151
1103 802
1103 1150
1104 803
1104 1149
1105 803
1105 1149
1106 804
1106 1148
1107 804
1107 1147
1108 805
1108 1146
1109 805
1109 1145
1110 806
1110 1144
1111 806
1111 1143
1112 807
1112 1143
1113 807
1113 1142
1114 808
1114 1141
1115 809
1115 1140
1116 810
1116 1138
1116 1139
1117 810
1117 1137
1118 811
1118 1136
1119 812
1119 1135
1120 812
1120 1134
1121 813
1121 1133
1122 814
1122 1132
1123 814
1123 1131
1124 815
1124 1130
1125 816
1125 1129
1126 816
1126 1128
1127 817
1127 1127
1128 818
1128 1126
1129 818
1129 1125
1130 819
1130 1124
1131 820
1131 1123
1132 821
1132 1122
1133 822
1133 1121
1134 823
1134 1120
1135 824
1135 1119
1136 825
1136 1118
1137 826
1137 1117
1138 826
1138 1116
1139 827
1139 1115
1140 828
1140 1114
1141 828
1141 1113
1142 829
1142 1112
1143 830
1143 1111
1144 831
1144 1110
1145 832
1145 1109
1146 833
1146 1108
1147 834
1147 1107
1148 835
1148 1106
1149 836
1149 1105
1150 837
1150 1105
1151 838
1151 1103
1151 1104
1152 839
1152 1102
1153 840
1153 841
1153 1101
1154 842
1154 1100
1155 843
1155 1098
1155 1099
1156 844
1156 1097
1157 845
1157 1096
1158 846
1158 1095
1159 847
1159 848
1159 1093
1159 1094
1160 849
1160 1092
1161 850
1161 1091
1162 851
1162 1089
1162 1090
1163 852
1163 1087
1163 1088
1164 853
1164 1086
1165 854
1165 855
1165 1084
1165 1085
1166 856
1166 1083
1167 857
1167 858
1167 1081
1167 1082
1168 859
1168 1079
1168 1080
1169 860
1169 861
1169 1077
1169 1078
1170 862
1170 1076
1171 863
1171 864
1171 1074
1171 1075
1172 865
1172 1072
1172 1073
1173 866
1173 1071
1174 867
1174 868
1174 1069
1174 1070
1175 869
1175 1067
1175 1068
1176 870
1176 871
1176 1066
1177 872
1177 1064
1177 1065
1178 873
1178 874
1178 1062
1178 1063
1179 875
1179 1060
1179 1061
1180 876
1180 877
1180 1059
1181 878
1181 879
1181 1057
1181 1058
1182 880
1182 881
1182 1055
1182 1056
1183 882
1183 883
1183 1053
1183 1054
1184 884
1184 885
1184 1052
1185 886
1185 887
1185 888
1185 1050
1185 1051
1186 889
1186 890
1186 1048
1186 1049
1187 891
1187 892
1187 1046
1187 1047
1188 893
1188 894
1188 895
1188 896
1188 1044
1188 1045
1189 897
1189 898
1189 899
1189 1042
1189 1043
1190 900
1190 901
1190 1040
1190 1041
1191 902
1191 903
1191 904
1191 1037
1191 1038
1191 1039
1192 905
1192 906
1192 1035
1192 1036
1193 907
1193 908
1193 909
1193 1033
1193 1034
1194 910
1194 911
1194 1031
1194 1032
1195 912
1195 913
1195 914
1195 1029
1195 1030
1196 915
1196 916
1196 917
1196 1027
1196 1028
1197 918
1197 919
1197 920
1197 1024
1197 1025
1197 1026
1198 921
1198 922
1198 923
1198 1018
1198 1021
1198 1022
1198 1023
1199 924
1199 925
1199 927
1199 928
1199 929
1199 1017
1199 1019
1199 1020
1200 926
1200 930
1200 933
1200 934
1200 1014
1200 1015
1200 1016
1201 931
1201 932
1201 935
1201 938
1201 939
1201 1011
1201 1012
1201 1013
1202 936
1202 937
1202 940
1202 943
1202 944
1202 945
1202 946
1202 1003
1202 1004
1202 1005
1202 1006
1202 1008
1202 1009
1202 1010
1203 941
1203 942
1203 947
1203 950
1203 951
1203 952
1203 997
1203 998
1203 999
1203 1002
1203 1007
1204 948
1204 949
1204 953
1204 956
1204 957
1204 959
1204 960
1204 961
1204 962
1204 963
1204 964
1204 965
1204 966
1204 967
1204 968
1204 969
1204 970
1204 971
1204 972
1204 973
1204 974
1204 975
1204 976
1204 977
1204 978
1204 979
1204 980
1204 981
1204 982
1204 983
1204 984
1204 985
1204 986
1204 987
1204 988
1204 989
1204 993
1204 996
1204 1000
1204 1001
1205 954
1205 955
1205 958
1205 990
1205 992
1205 994
1205 995
1206 991
