549 1018
549 1030
549 1031
550 1009
550 1010
550 1017
550 1019
550 1020
550 1021
550 1022
550 1023
550 1024
550 1025
550 1026
550 1027
550 1028
550 1029
550 1032
550 1044
551 1004
551 1008
551 1011
551 1012
551 1013
551 1014
551 1015
551 1016
551 1033
551 1034
551 1035
551 1036
551 1037
551 1038
551 1039
551 1040
551 1041
551 1042
551 1043
551 1045
551 1057
552 1000
552 1001
552 1003
552 1005
552 1006
552 1007
552 1046
552 1047
552 1048
552 1049
552 1050
552 1051
552 1052
552 1053
552 1054
552 1055
552 1056
552 1058
552 1061
552 1062
553 996
553 997
553 999
553 1002
553 1059
553 1060
553 1063
553 1065
553 1066
554 992
554 993
554 995
554 998
554 1064
554 1067
554 1070
555 990
555 991
555 994
555 1068
555 1069
555 1071
555 1072
555 1073
556 987
556 988
556 989
556 1074
556 1075
556 1076
557 985
557 986
557 1077
557 1078
558 982
558 983
558 984
558 1079
558 1080
558 1081
559 981
559 1082
560 979
560 980
560 1083
560 1084
560 1085
561 977
561 978
561 1086
561 1087
562 975
562 976
562 1088
562 1089
563 973
563 974
563 1090
563 1091
564 969
564 971
564 972
564 1092
564 1093
564 1094
565 968
565 970
565 1095
565 1096
566 966
566 967
566 1097
566 1098
567 964
567 965
567 1099
567 1100
568 963
568 1101
569 961
569 962
569 1102
569 1103
570 959
570 960
570 1104
570 1105
571 958
571 1106
572 957
572 1107
572 1108
573 955
573 956
573 1109
574 953
574 954
574 1110
574 1111
575 952
575 1112
576 950
576 951
576 1113
576 1114
577 949
577 1115
578 947
578 948
578 1116
579 946
579 1117
579 1118
580 945
580 1119
581 943
581 944
581 1120
582 942
582 1121
582 1122
583 941
583 1123
584 939
584 940
584 1124
585 938
585 1125
585 1126
586 937
586 1127
587 936
587 1128
588 935
588 1129
589 934
589 1130
590 934
590 1131
591 933
591 1132
592 932
592 1133
593 931
593 1134
594 930
594 1135
595 929
595 1136
596 928
596 1137
597 927
597 1137
598 927
598 1138
599 926
599 1139
600 925
600 1140
601 924
601 1141
602 923
602 1142
603 923
603 1143
604 922
604 1144
605 922
605 1145
606 921
606 1146
607 920
607 1147
608 920
608 1148
609 919
609 1148
610 918
610 1149
611 918
611 1149
612 917
612 1150
613 916
613 1150
614 915
614 1151
615 915
615 1152
616 914
616 1152
617 913
617 1152
618 913
618 1152
619 912
619 1153
620 912
620 1153
621 911
621 1154
622 910
622 1154
623 910
623 1155
624 909
624 1155
625 908
625 1156
626 908
626 1156
627 907
627 1156
628 907
628 1157
629 906
629 1157
630 906
630 1158
631 905
631 1158
632 905
632 1158
633 904
633 1159
634 904
634 1159
635 904
635 1159
636 903
636 1160
637 903
637 1160
638 903
638 1160
639 902
639 1161
640 902
640 1161
641 901
641 1161
642 901
642 1161
643 900
643 1162
644 900
644 1162
645 899
645 1163
646 899
646 1163
647 899
647 1163
648 898
648 1164
649 898
649 1164
650 898
650 1164
651 897
651 1165
652 897
652 1165
653 897
653 1165
654 897
654 1166
655 896
655 1166
656 896
656 1166
657 896
657 1166
658 895
658 1167
659 895
659 1167
660 895
660 1167
661 894
661 1167
662 894
662 1167
663 894
663 1167
664 894
664 1167
665 894
665 1168
666 894
666 1168
667 894
667 1168
668 893
668 1168
669 893
669 1168
670 893
670 1168
671 893
671 1168
672 893
672 1168
673 893
673 1168
674 893
674 1168
675 892
675 1168
676 892
676 1168
677 892
677 1169
678 891
678 1170
679 891
679 1170
680 891
680 1170
681 891
681 1170
682 891
682 1170
683 891
683 1170
684 891
684 1170
685 891
685 1170
686 891
686 1170
687 891
687 1170
688 890
688 1170
689 890
689 1170
690 890
690 1170
691 890
691 1170
692 890
692 1170
693 890
693 1170
694 890
694 1170
695 890
695 1170
696 890
696 1170
697 890
697 1170
698 890
698 1170
699 890
699 1170
700 890
700 1170
701 890
701 1170
702 890
702 1170
703 890
703 1170
704 891
704 1170
705 891
705 1170
706 891
706 1170
707 891
707 1170
708 891
708 1170
709 891
709 1170
710 891
710 1170
711 891
711 1170
712 891
712 1170
713 891
713 1170
714 892
714 1170
715 892
715 1169
716 892
716 1169
717 893
717 1169
718 893
718 1169
719 893
719 1169
720 893
720 1169
721 893
721 1169
722 893
722 1169
723 893
723 1169
724 893
724 1169
725 893
725 1169
726 893
726 1169
727 893
727 1169
728 894
728 1169
729 894
729 1169
730 894
730 1169
731 894
731 1169
732 895
732 1169
733 895
733 1169
734 895
734 1168
735 895
735 1168
736 895
736 1168
737 896
737 1168
738 896
738 1168
739 896
739 1167
740 897
740 1166
741 897
741 1166
742 897
742 1166
743 898
743 1166
744 898
744 1166
745 899
745 1165
746 899
746 1165
747 899
747 1165
748 900
748 1165
749 900
749 1164
750 900
750 1164
751 901
751 1164
752 902
752 1164
753 902
753 1164
754 902
754 1164
755 903
755 1163
756 903
756 1163
757 904
757 1163
758 904
758 1163
759 904
759 1162
760 905
760 1162
761 905
761 1162
762 906
762 1161
763 906
763 1160
764 907
764 1160
765 907
765 1160
766 908
766 1159
767 908
767 1159
768 909
768 1159
769 910
769 1158
770 910
770 1158
771 911
771 1157
772 911
772 1157
773 912
773 1156
774 913
774 1155
775 913
775 1155
776 914
776 1155
777 915
777 1154
778 915
778 1154
779 916
779 1153
780 917
780 1153
781 917
781 1152
782 918
782 1152
783 919
783 1151
784 919
784 1150
785 920
785 1150
786 921
786 1149
787 922
787 1148
788 923
788 1148
789 924
789 1147
790 925
790 1146
791 926
791 1146
792 927
792 1145
793 928
793 1144
794 929
794 1143
795 930
795 1142
796 931
796 1141
797 932
797 1140
798 933
798 1140
799 934
799 1139
800 935
800 1138
801 936
801 1137
802 937
802 1136
803 938
803 1135
804 939
804 1134
805 940
805 1133
806 941
806 1133
807 942
807 1132
808 943
808 1131
809 944
809 1130
810 945
810 946
810 1128
810 1129
811 947
811 1127
812 948
812 949
812 1125
812 1126
813 950
813 1124
814 951
814 1123
815 952
815 953
815 1122
816 954
816 1121
817 955
817 1120
818 956
818 1119
819 957
819 958
819 1118
820 959
820 1116
820 1117
821 960
821 961
821 1115
822 962
822 1113
822 1114
823 963
823 964
823 1112
824 965
824 966
824 1110
824 1111
825 967
825 968
825 1108
825 1109
826 969
826 1106
826 1107
827 970
827 971
827 1105
828 972
828 973
828 1103
828 1104
829 974
829 975
829 1100
829 1101
829 1102
830 976
830 977
830 1098
830 1099
831 978
831 979
831 1096
831 1097
832 980
832 981
832 982
832 1094
832 1095
833 983
833 984
833 985
833 1091
833 1092
833 1093
834 986
834 987
834 1089
834 1090
835 988
835 989
835 990
835 991
835 1086
835 1087
835 1088
836 992
836 993
836 994
836 1083
836 1084
836 1085
837 995
837 996
837 1081
837 1082
838 997
838 998
838 1000
838 1079
838 1080
839 999
839 1001
839 1004
839 1076
839 1077
839 1078
840 1002
840 1003
840 1005
840 1008
840 1010
840 1011
840 1012
840 1070
840 1073
840 1074
840 1075
841 1006
841 1007
841 1009
841 1013
841 1016
841 1017
841 1065
841 1068
841 1069
841 1071
841 1072
842 1014
842 1015
842 1018
842 1020
842 1021
842 1022
842 1023
842 1024
842 1025
842 1064
842 1066
842 1067
843 1019
843 1026
843 1028
843 1030
843 1031
843 1032
843 1033
843 1034
843 1035
843 1036
843 1037
843 1038
843 1039
843 1040
843 1041
843 1042
843 1043
843 1044
843 1045
843 1046
843 1047
843 1051
843 1052
843 1053
843 1054
843 1055
843 1056
843 1057
843 1058
843 1059
843 1061
843 1062
843 1063
844 1027
844 1029
844 1048
844 1050
844 1060
845 1049
