514 1016
514 1017
515 1007
515 1008
515 1015
515 1018
515 1033
516 1001
516 1006
516 1009
516 1010
516 1011
516 1012
516 1013
516 1014
516 1019
516 1020
516 1021
516 1022
516 1023
516 1024
516 1025
516 1026
516 1027
516 1028
516 1029
516 1030
516 1031
516 1032
516 1034
516 1041
516 1042
516 1049
517 994
517 995
517 1000
517 1002
517 1003
517 1004
517 1005
517 1035
517 1036
517 1037
517 1038
517 1039
517 1040
517 1043
517 1044
517 1045
517 1046
517 1047
517 1048
517 1050
517 1055
517 1056
518 986
518 987
518 988
518 993
518 996
518 997
518 998
518 999
518 1051
518 1052
518 1053
518 1054
518 1057
518 1061
518 1062
519 982
519 985
519 989
519 990
519 991
519 992
519 1058
519 1059
519 1060
519 1063
519 1064
520 978
520 981
520 983
520 984
520 1065
520 1067
520 1068
521 974
521 977
521 979
521 980
521 1066
521 1069
521 1070
521 1071
522 971
522 973
522 975
522 976
522 1072
522 1074
523 967
523 968
523 970
523 972
523 1073
523 1075
523 1077
523 1078
523 1079
524 964
524 965
524 966
524 969
524 1076
524 1080
524 1081
524 1082
525 961
525 962
525 963
525 1083
525 1084
525 1085
526 955
526 958
526 959
526 960
526 1086
526 1087
526 1088
527 953
527 954
527 956
527 957
527 1089
527 1090
527 1091
528 950
528 951
528 952
528 1092
528 1093
528 1094
529 947
529 948
529 949
529 1095
530 945
530 946
530 1096
530 1097
531 942
531 943
531 944
531 1098
531 1099
531 1100
532 941
532 1101
532 1102
532 1103
533 939
533 940
533 1104
533 1105
534 937
534 938
534 1106
534 1107
534 1108
534 1109
535 935
535 936
535 1110
535 1111
536 933
536 934
536 1112
536 1113
537 931
537 932
537 1114
538 929
538 930
538 1115
538 1116
539 927
539 928
539 1117
539 1118
540 926
540 1119
541 924
541 925
541 1120
541 1121
542 923
542 1122
543 921
543 922
543 1123
543 1124
544 920
544 1125
544 1126
545 918
545 919
545 1127
546 917
546 1128
546 1129
547 915
547 916
547 1130
547 1131
548 913
548 914
548 1132
549 912
549 1133
549 1134
550 910
550 911
550 1135
551 909
551 1136
552 907
552 908
552 1137
552 1138
553 906
553 1139
554 905
554 1140
554 1141
555 903
555 904
555 1142
556 902
556 1143
556 1144
557 901
557 1145
558 900
558 1146
558 1147
559 899
559 1148
560 898
560 1149
561 897
561 1150
561 1151
562 896
562 1152
563 895
563 1153
564 894
564 1154
565 893
565 1155
566 892
566 1156
567 891
567 1157
568 890
568 1158
569 889
569 1159
570 888
570 1160
571 887
571 1161
572 886
572 1162
573 885
573 1163
574 884
574 1164
575 883
575 1165
576 882
576 1166
577 881
577 1167
578 880
578 1168
579 879
579 1169
580 878
580 1170
581 877
581 1171
582 876
582 1172
583 875
583 1173
584 874
584 1174
585 873
585 1175
586 872
586 1176
587 871
587 1177
588 870
588 1178
589 869
589 1179
590 869
590 1179
591 868
591 1180
592 867
592 1181
593 867
593 1182
594 866
594 1183
595 865
595 1184
596 865
596 1185
597 864
597 1185
598 863
598 1186
599 862
599 1187
600 862
600 1187
601 861
601 1188
602 860
602 1188
603 859
603 1189
604 858
604 1190
605 858
605 1190
606 857
606 1191
607 856
607 1191
608 856
608 1191
609 855
609 1192
610 854
610 1193
611 854
611 1194
612 853
612 1194
613 852
613 1195
614 852
614 1196
615 851
615 1196
616 851
616 1197
617 850
617 1198
618 850
618 1198
619 849
619 1199
620 849
620 1200
621 848
621 1200
622 847
622 1201
623 847
623 1201
624 846
624 1202
625 845
625 1202
626 845
626 1203
627 844
627 1203
628 844
628 1204
629 843
629 1204
630 843
630 1204
631 843
631 1205
632 842
632 1205
633 842
633 1206
634 842
634 1206
635 841
635 1206
636 841
636 1207
637 841
637 1207
638 840
638 1208
639 840
639 1208
640 840
640 1208
641 839
641 1209
642 839
642 1209
643 839
643 1209
644 838
644 1210
645 838
645 1210
646 838
646 1211
647 837
647 1211
648 837
648 1211
649 836
649 1211
650 836
650 1212
651 836
651 1213
652 835
652 1213
653 835
653 1213
654 835
654 1214
655 834
655 1214
656 834
656 1214
657 834
657 1215
658 833
658 1215
659 833
659 1215
660 833
660 1216
661 832
661 1216
662 832
662 1216
663 832
663 1217
664 831
664 1217
665 831
665 1217
666 831
666 1218
667 830
667 1218
668 830
668 1218
669 829
669 1218
670 829
670 1218
671 829
671 1218
672 829
672 1218
673 828
673 1219
674 828
674 1219
675 828
675 1219
676 828
676 1219
677 828
677 1219
678 828
678 1219
679 827
679 1219
680 827
680 1219
681 827
681 1219
682 827
682 1220
683 827
683 1220
684 827
684 1220
685 827
685 1220
686 827
686 1220
687 827
687 1220
688 826
688 1220
689 826
689 1220
690 826
690 1220
691 826
691 1220
692 826
692 1220
693 826
693 1220
694 826
694 1220
695 826
695 1220
696 826
696 1220
697 826
697 1220
698 826
698 1220
699 826
699 1220
700 826
700 1220
701 826
701 1220
702 826
702 1220
703 825
703 1220
704 825
704 1220
705 825
705 1220
706 825
706 1220
707 825
707 1220
708 825
708 1220
709 825
709 1220
710 825
710 1220
711 825
711 1220
712 825
712 1220
713 825
713 1220
714 825
714 1221
715 825
715 1221
716 826
716 1221
717 826
717 1221
718 826
718 1221
719 826
719 1221
720 826
720 1221
721 826
721 1221
722 826
722 1221
723 826
723 1220
724 826
724 1220
725 826
725 1220
726 826
726 1220
727 826
727 1220
728 826
728 1220
729 826
729 1220
730 826
730 1220
731 826
731 1219
732 826
732 1219
733 826
733 1219
734 826
734 1219
735 826
735 1219
736 826
736 1219
737 827
737 1219
738 827
738 1219
739 827
739 1218
740 827
740 1218
741 827
741 1218
742 827
742 1218
743 827
743 1218
744 828
744 1218
745 828
745 1218
746 828
746 1217
747 828
747 1216
748 828
748 1216
749 828
749 1216
750 828
750 1216
751 828
751 1216
752 828
752 1216
753 828
753 1216
754 829
754 1216
755 829
755 1216
756 829
756 1215
757 829
757 1215
758 829
758 1215
759 829
759 1215
760 829
760 1215
761 830
761 1215
762 830
762 1215
763 830
763 1214
764 831
764 1214
765 831
765 1214
766 831
766 1214
767 832
767 1214
768 832
768 1214
769 832
769 1213
770 833
770 1213
771 833
771 1213
772 833
772 1213
773 834
773 1212
774 834
774 1212
775 834
775 1212
776 835
776 1211
777 835
777 1211
778 835
778 1211
779 836
779 1211
780 836
780 1210
781 836
781 1209
782 837
782 1209
783 837
783 1209
784 837
784 1208
785 838
785 1208
786 838
786 1207
787 839
787 1207
788 839
788 1206
789 839
789 1206
790 840
790 1206
791 840
791 1205
792 840
792 1205
793 841
793 1204
794 841
794 1203
795 842
795 1203
796 842
796 1202
797 842
797 1202
798 843
798 1201
799 843
799 1201
800 843
800 1200
801 844
801 1200
802 844
802 1199
803 845
803 1199
804 845
804 1198
805 846
805 1198
806 846
806 1197
807 847
807 1197
808 847
808 1196
809 848
809 1196
810 849
810 1195
811 849
811 1195
812 850
812 1194
813 850
813 1194
814 851
814 1193
815 852
815 1192
816 853
816 1192
817 853
817 1191
818 854
818 1190
819 854
819 1190
820 855
820 1189
821 856
821 1188
822 856
822 1188
823 857
823 1188
824 857
824 1187
825 858
825 1186
826 859
826 1186
827 859
827 1185
828 860
828 1185
829 860
829 1184
830 861
830 1183
831 861
831 1183
832 862
832 1182
833 863
833 1181
834 863
834 1181
835 864
835 1180
836 865
836 1179
837 865
837 1178
838 866
838 1177
839 867
839 1176
840 867
840 1175
841 868
841 1174
842 868
842 1174
843 869
843 1173
844 870
844 1172
845 870
845 1171
846 871
846 1170
847 872
847 1169
848 873
848 1168
849 873
849 1167
850 874
850 1167
851 875
851 1166
852 875
852 1165
853 876
853 1164
854 877
854 1163
855 878
855 1162
856 879
856 1161
857 879
857 1160
858 880
858 1158
858 1159
859 881
859 1157
860 882
860 1156
861 882
861 1155
862 883
862 1154
863 884
863 1153
864 884
864 1152
865 885
865 1151
866 886
866 1150
867 886
867 1149
868 887
868 1148
869 888
869 1147
870 889
870 1146
871 890
871 1145
872 891
872 1143
872 1144
873 892
873 1142
874 893
874 1141
875 894
875 1140
876 895
876 1138
876 1139
877 896
877 1137
878 897
878 1136
879 898
879 1135
880 899
880 900
880 1134
881 901
881 1132
881 1133
882 902
882 903
882 1131
883 904
883 905
883 1129
883 1130
884 906
884 1128
885 907
885 908
885 1127
886 909
886 1125
886 1126
887 910
887 911
887 912
887 1124
888 913
888 914
888 1122
888 1123
889 915
889 916
889 1120
889 1121
890 917
890 1118
890 1119
891 918
891 919
891 1117
892 920
892 921
892 1115
892 1116
893 922
893 923
893 1114
894 924
894 1112
894 1113
895 925
895 926
895 927
895 1110
895 1111
896 928
896 929
896 1107
896 1108
896 1109
897 930
897 931
897 1105
897 1106
898 932
898 933
898 1102
898 1103
898 1104
899 934
899 935
899 1100
899 1101
900 936
900 937
900 1097
900 1098
900 1099
901 938
901 939
901 941
901 1095
901 1096
902 940
902 942
902 945
902 1093
902 1094
903 943
903 944
903 946
903 949
903 1090
903 1091
903 1092
904 947
904 948
904 950
904 953
904 1087
904 1088
904 1089
905 951
905 952
905 954
905 956
905 1084
905 1085
905 1086
906 955
906 957
906 1078
906 1081
906 1082
906 1083
907 958
907 959
907 960
907 1074
907 1077
907 1079
907 1080
908 961
908 962
908 963
908 1073
908 1075
908 1076
909 964
909 965
909 966
909 969
909 1067
909 1070
909 1071
909 1072
910 967
910 968
910 970
910 972
910 973
910 974
910 975
910 1066
910 1068
910 1069
911 971
911 976
911 979
911 980
911 981
911 1060
911 1061
911 1062
911 1064
911 1065
912 977
912 978
912 982
912 985
912 987
912 988
912 989
912 990
912 991
912 1054
912 1055
912 1056
912 1059
912 1063
913 983
913 984
913 986
913 992
913 995
913 996
913 997
913 998
913 999
913 1042
913 1043
913 1044
913 1045
913 1046
913 1047
913 1049
913 1050
913 1053
913 1057
913 1058
914 993
914 994
914 1000
914 1003
914 1004
914 1005
914 1006
914 1007
914 1008
914 1009
914 1010
914 1011
914 1012
914 1013
914 1014
914 1015
914 1034
914 1035
914 1036
914 1037
914 1038
914 1041
914 1048
914 1051
914 1052
915 1001
915 1002
915 1016
915 1018
915 1019
915 1020
915 1021
915 1022
915 1023
915 1024
915 1025
915 1026
915 1027
915 1028
915 1029
915 1030
915 1031
915 1033
915 1039
915 1040
916 1017
916 1032
