736 1117
736 1131
737 1105
737 1116
737 1118
737 1119
737 1120
737 1121
737 1122
737 1123
737 1124
737 1125
737 1126
737 1127
737 1128
737 1129
737 1130
737 1132
737 1137
737 1138
738 1100
738 1101
738 1104
738 1106
738 1107
738 1108
738 1109
738 1110
738 1111
738 1112
738 1113
738 1114
738 1115
738 1133
738 1134
738 1135
738 1136
738 1139
738 1143
739 1093
739 1095
739 1096
739 1099
739 1102
739 1103
739 1140
739 1141
739 1142
739 1144
739 1145
739 1146
740 1089
740 1090
740 1092
740 1094
740 1097
740 1098
740 1147
740 1148
740 1149
741 1085
741 1086
741 1088
741 1091
741 1150
741 1151
741 1152
742 1080
742 1081
742 1084
742 1087
742 1153
742 1154
742 1155
743 1077
743 1078
743 1079
743 1082
743 1083
743 1156
744 1074
744 1075
744 1076
744 1157
744 1158
744 1159
745 1071
745 1072
745 1073
745 1160
745 1161
745 1162
746 1069
746 1070
746 1163
746 1164
747 1067
747 1068
747 1165
747 1166
747 1167
748 1064
748 1065
748 1066
748 1168
748 1169
749 1062
749 1063
749 1170
749 1171
750 1060
750 1061
750 1172
750 1173
751 1058
751 1059
751 1174
752 1055
752 1056
752 1057
752 1175
752 1176
753 1053
753 1054
753 1177
753 1178
754 1051
754 1052
754 1179
755 1049
755 1050
755 1180
756 1046
756 1047
756 1048
756 1181
757 1044
757 1045
757 1182
757 1183
758 1042
758 1043
758 1184
759 1040
759 1041
759 1185
759 1186
760 1039
760 1187
761 1037
761 1038
761 1188
761 1189
762 1036
762 1190
762 1191
763 1035
763 1192
764 1034
764 1193
765 1032
765 1033
765 1194
766 1031
766 1195
767 1030
767 1196
768 1028
768 1029
768 1197
769 1026
769 1027
769 1198
770 1025
770 1199
771 1024
771 1200
772 1022
772 1023
772 1201
773 1021
773 1202
774 1020
774 1203
775 1019
775 1204
776 1018
776 1205
777 1017
777 1206
778 1016
778 1207
779 1016
779 1208
780 1015
780 1209
781 1014
781 1210
782 1013
782 1211
783 1012
783 1212
784 1010
784 1011
784 1213
785 1008
785 1009
785 1214
786 1007
786 1215
787 1006
787 1215
788 1005
788 1216
789 1004
789 1217
790 1003
790 1218
791 1002
791 1219
792 1001
792 1220
793 1001
793 1221
794 1000
794 1221
795 1000
795 1222
796 999
796 1223
797 999
797 1224
798 998
798 1225
799 997
799 1226
800 996
800 1227
801 995
801 1227
802 994
802 1228
803 993
803 1229
804 992
804 1229
805 991
805 1230
806 990
806 1231
807 989
807 1231
808 989
808 1231
809 988
809 1232
810 987
810 1233
811 986
811 1233
812 985
812 1234
813 985
813 1234
814 984
814 1235
815 983
815 1236
816 983
816 1236
817 982
817 1237
818 981
818 1237
819 981
819 1238
820 980
820 1238
821 979
821 1239
822 979
822 1239
823 979
823 1240
824 978
824 1240
825 978
825 1241
826 977
826 1241
827 977
827 1242
828 976
828 1242
829 976
829 1242
830 975
830 1243
831 975
831 1243
832 974
832 1243
833 974
833 1244
834 974
834 1244
835 973
835 1244
836 973
836 1244
837 972
837 1245
838 972
838 1245
839 972
839 1245
840 971
840 1245
841 971
841 1245
842 970
842 1246
843 970
843 1246
844 969
844 1246
845 969
845 1246
846 968
846 1247
847 968
847 1247
848 968
848 1247
849 968
849 1247
850 967
850 1247
851 967
851 1247
852 967
852 1248
853 967
853 1249
854 967
854 1249
855 967
855 1249
856 967
856 1249
857 967
857 1250
858 966
858 1250
859 966
859 1250
860 966
860 1250
861 966
861 1250
862 966
862 1250
863 966
863 1250
864 966
864 1251
865 965
865 1252
866 965
866 1252
867 965
867 1252
868 965
868 1252
869 965
869 1252
870 965
870 1252
871 965
871 1252
872 965
872 1252
873 965
873 1252
874 965
874 1252
875 965
875 1252
876 965
876 1253
877 965
877 1253
878 965
878 1253
879 965
879 1253
880 965
880 1253
881 965
881 1253
882 965
882 1253
883 965
883 1253
884 965
884 1253
885 965
885 1253
886 965
886 1254
887 965
887 1254
888 965
888 1254
889 965
889 1254
890 965
890 1254
891 965
891 1254
892 965
892 1254
893 965
893 1254
894 965
894 1254
895 965
895 1254
896 965
896 1254
897 965
897 1253
898 965
898 1253
899 965
899 1253
900 966
900 1253
901 966
901 1253
902 966
902 1253
903 966
903 1253
904 966
904 1253
905 966
905 1253
906 966
906 1253
907 966
907 1253
908 966
908 1253
909 966
909 1253
910 966
910 1253
911 966
911 1253
912 966
912 1253
913 966
913 1253
914 966
914 1253
915 966
915 1253
916 966
916 1253
917 966
917 1253
918 967
918 1253
919 967
919 1253
920 967
920 1253
921 967
921 1252
922 967
922 1252
923 968
923 1252
924 968
924 1252
925 968
925 1252
926 968
926 1252
927 969
927 1252
928 969
928 1252
929 969
929 1252
930 970
930 1252
931 970
931 1251
932 970
932 1251
933 970
933 1251
934 971
934 1251
935 971
935 1251
936 971
936 1251
937 972
937 1251
938 972
938 1251
939 972
939 1251
940 973
940 1250
941 973
941 1250
942 973
942 1250
943 973
943 1250
944 974
944 1250
945 974
945 1249
946 974
946 1248
947 975
947 1248
948 975
948 1248
949 975
949 1248
950 975
950 1248
951 976
951 1248
952 976
952 1247
953 976
953 1247
954 977
954 1247
955 977
955 1247
956 978
956 1246
957 978
957 1246
958 979
958 1246
959 979
959 1246
960 979
960 1246
961 980
961 1245
962 981
962 1245
963 981
963 1245
964 982
964 1245
965 982
965 1244
966 983
966 1244
967 983
967 1244
968 984
968 1244
969 984
969 1243
970 985
970 1242
971 985
971 1242
972 985
972 1241
973 986
973 1241
974 986
974 1240
975 987
975 1239
976 987
976 1239
977 988
977 1238
978 989
978 1238
979 989
979 1237
980 990
980 1237
981 991
981 1237
982 991
982 1237
983 992
983 1236
984 993
984 1236
985 993
985 1235
986 994
986 1235
987 995
987 1234
988 995
988 1234
989 996
989 1233
990 997
990 1233
991 997
991 1232
992 998
992 1231
993 999
993 1230
994 999
994 1230
995 1000
995 1230
996 1001
996 1229
997 1002
997 1229
998 1002
998 1228
999 1003
999 1228
1000 1004
1000 1227
1001 1005
1001 1227
1002 1006
1002 1226
1003 1007
1003 1226
1004 1008
1004 1226
1005 1008
1005 1225
1006 1009
1006 1225
1007 1010
1007 1224
1008 1011
1008 1224
1009 1012
1009 1223
1010 1013
1010 1222
1011 1014
1011 1222
1012 1015
1012 1221
1013 1016
1013 1221
1014 1017
1014 1220
1015 1018
1015 1219
1016 1019
1016 1218
1017 1020
1017 1217
1018 1021
1018 1216
1019 1022
1019 1216
1020 1023
1020 1215
1021 1024
1021 1214
1022 1025
1022 1214
1023 1026
1023 1213
1024 1027
1024 1028
1024 1212
1025 1029
1025 1212
1026 1030
1026 1211
1027 1031
1027 1210
1028 1032
1028 1033
1028 1210
1029 1034
1029 1209
1030 1035
1030 1208
1031 1036
1031 1037
1031 1207
1032 1038
1032 1206
1033 1039
1033 1040
1033 1205
1034 1041
1034 1204
1035 1042
1035 1043
1035 1203
1036 1044
1036 1045
1036 1201
1036 1202
1037 1046
1037 1200
1038 1047
1038 1048
1038 1198
1038 1199
1039 1049
1039 1050
1039 1197
1040 1051
1040 1052
1040 1195
1040 1196
1041 1053
1041 1194
1042 1054
1042 1055
1042 1192
1042 1193
1043 1056
1043 1057
1043 1191
1044 1058
1044 1059
1044 1189
1044 1190
1045 1060
1045 1061
1045 1188
1046 1062
1046 1063
1046 1186
1046 1187
1047 1064
1047 1065
1047 1185
1048 1066
1048 1184
1049 1067
1049 1068
1049 1182
1049 1183
1050 1069
1050 1070
1050 1180
1050 1181
1051 1071
1051 1072
1051 1178
1051 1179
1052 1073
1052 1074
1052 1176
1052 1177
1053 1075
1053 1076
1053 1174
1053 1175
1054 1077
1054 1078
1054 1172
1054 1173
1055 1079
1055 1080
1055 1082
1055 1168
1055 1170
1055 1171
1056 1081
1056 1083
1056 1167
1056 1169
1057 1084
1057 1085
1057 1086
1057 1089
1057 1164
1057 1165
1057 1166
1058 1087
1058 1088
1058 1090
1058 1094
1058 1095
1058 1154
1058 1155
1058 1157
1058 1158
1058 1161
1058 1162
1058 1163
1059 1091
1059 1092
1059 1093
1059 1096
1059 1099
1059 1100
1059 1150
1059 1153
1059 1156
1059 1159
1059 1160
1060 1097
1060 1098
1060 1101
1060 1146
1060 1149
1060 1151
1060 1152
1061 1102
1061 1103
1061 1104
1061 1106
1061 1107
1061 1108
1061 1109
1061 1110
1061 1111
1061 1112
1061 1113
1061 1114
1061 1115
1061 1116
1061 1136
1061 1137
1061 1138
1061 1139
1061 1140
1061 1141
1061 1142
1061 1143
1061 1145
1061 1147
1061 1148
1062 1105
1062 1117
1062 1119
1062 1120
1062 1121
1062 1122
1062 1123
1062 1124
1062 1125
1062 1126
1062 1127
1062 1128
1062 1129
1062 1130
1062 1131
1062 1132
1062 1135
1062 1144
1063 1118
1063 1133
1063 1134
