713 1105
714 1095
714 1096
714 1104
714 1106
714 1119
714 1134
715 1090
715 1094
715 1097
715 1098
715 1099
715 1100
715 1101
715 1102
715 1103
715 1107
715 1108
715 1109
715 1110
715 1111
715 1112
715 1113
715 1114
715 1115
715 1116
715 1117
715 1118
715 1120
715 1121
715 1122
715 1123
715 1124
715 1125
715 1126
715 1127
715 1128
715 1129
715 1130
715 1131
715 1132
715 1133
715 1135
715 1140
715 1141
716 1082
716 1083
716 1089
716 1091
716 1092
716 1093
716 1136
716 1137
716 1138
716 1139
716 1142
716 1146
716 1147
717 1076
717 1081
717 1084
717 1085
717 1086
717 1087
717 1088
717 1143
717 1144
717 1145
717 1148
718 1071
718 1072
718 1075
718 1077
718 1078
718 1079
718 1080
718 1149
718 1150
718 1151
719 1066
719 1067
719 1070
719 1073
719 1074
719 1152
719 1153
720 1061
720 1062
720 1065
720 1068
720 1069
720 1154
720 1155
721 1058
721 1059
721 1060
721 1063
721 1064
721 1156
721 1157
721 1158
722 1055
722 1056
722 1057
722 1159
722 1160
722 1162
723 1052
723 1053
723 1054
723 1161
723 1163
723 1164
723 1165
724 1048
724 1049
724 1051
724 1166
724 1167
725 1044
725 1045
725 1047
725 1050
725 1168
725 1169
726 1041
726 1043
726 1046
726 1170
726 1171
727 1037
727 1038
727 1040
727 1042
727 1172
727 1173
728 1034
728 1036
728 1039
728 1174
728 1175
729 1032
729 1033
729 1035
729 1176
730 1029
730 1030
730 1031
730 1177
731 1027
731 1028
731 1178
731 1179
732 1025
732 1026
732 1180
732 1181
733 1023
733 1024
733 1182
733 1183
734 1021
734 1022
734 1184
734 1185
735 1019
735 1020
735 1186
735 1187
735 1188
736 1017
736 1018
736 1189
736 1190
737 1015
737 1016
737 1191
738 1013
738 1014
738 1192
738 1193
739 1012
739 1194
740 1010
740 1011
740 1195
740 1196
741 1008
741 1009
741 1197
742 1006
742 1007
742 1198
742 1199
743 1004
743 1005
743 1200
744 1002
744 1003
744 1201
745 1000
745 1001
745 1202
746 998
746 999
746 1203
746 1204
747 996
747 997
747 1205
748 995
748 1206
748 1207
749 994
749 1208
750 992
750 993
750 1209
750 1210
751 991
751 1211
752 990
752 1212
752 1213
753 989
753 1214
754 987
754 988
754 1215
754 1216
755 986
755 1217
756 985
756 1218
757 984
757 1219
757 1220
758 983
758 1221
759 982
759 1222
760 980
760 981
760 1223
761 979
761 1223
762 978
762 1224
763 977
763 1225
764 976
764 1226
765 975
765 1227
766 974
766 1228
767 972
767 973
767 1229
768 971
768 1230
769 970
769 1231
770 969
770 1232
771 968
771 1233
772 967
772 1234
773 966
773 1235
774 964
774 965
774 1236
775 963
775 1237
776 962
776 1238
777 961
777 1239
778 961
778 1240
779 960
779 1241
780 959
780 1242
781 958
781 1243
782 958
782 1244
783 957
783 1245
784 956
784 1246
785 955
785 1247
786 955
786 1247
787 954
787 1248
788 953
788 1249
789 952
789 1250
790 951
790 1250
791 950
791 1251
792 950
792 1252
793 949
793 1253
794 948
794 1254
795 947
795 1254
796 947
796 1255
797 946
797 1256
798 945
798 1256
799 945
799 1257
800 944
800 1258
801 943
801 1258
802 943
802 1259
803 942
803 1259
804 942
804 1260
805 941
805 1261
806 940
806 1261
807 940
807 1262
808 939
808 1263
809 939
809 1263
810 938
810 1264
811 938
811 1265
812 937
812 1265
813 936
813 1266
814 936
814 1266
815 936
815 1267
816 935
816 1268
817 935
817 1268
818 934
818 1269
819 934
819 1269
820 934
820 1269
821 933
821 1270
822 933
822 1270
823 933
823 1271
824 932
824 1271
825 932
825 1271
826 931
826 1272
827 931
827 1272
828 931
828 1272
829 930
829 1272
830 930
830 1273
831 930
831 1273
832 929
832 1273
833 929
833 1274
834 929
834 1274
835 928
835 1274
836 928
836 1275
837 928
837 1275
838 927
838 1275
839 927
839 1276
840 927
840 1276
841 927
841 1276
842 927
842 1276
843 926
843 1277
844 926
844 1277
845 926
845 1277
846 926
846 1278
847 925
847 1278
848 925
848 1278
849 925
849 1279
850 925
850 1279
851 924
851 1279
852 924
852 1280
853 924
853 1280
854 924
854 1280
855 923
855 1280
856 923
856 1281
857 923
857 1281
858 923
858 1281
859 923
859 1281
860 922
860 1281
861 922
861 1281
862 922
862 1282
863 922
863 1282
864 922
864 1282
865 922
865 1282
866 922
866 1282
867 922
867 1282
868 922
868 1282
869 922
869 1282
870 922
870 1283
871 922
871 1283
872 922
872 1283
873 922
873 1283
874 922
874 1283
875 922
875 1283
876 922
876 1283
877 922
877 1283
878 922
878 1283
879 922
879 1283
880 922
880 1283
881 922
881 1283
882 922
882 1283
883 922
883 1284
884 922
884 1285
885 922
885 1285
886 922
886 1285
887 922
887 1285
888 922
888 1285
889 922
889 1285
890 922
890 1285
891 922
891 1286
892 922
892 1286
893 922
893 1286
894 922
894 1286
895 922
895 1286
896 922
896 1286
897 922
897 1286
898 922
898 1285
899 922
899 1285
900 922
900 1285
901 922
901 1285
902 922
902 1285
903 922
903 1285
904 922
904 1285
905 922
905 1285
906 922
906 1285
907 922
907 1285
908 922
908 1285
909 922
909 1285
910 923
910 1285
911 923
911 1285
912 923
912 1284
913 923
913 1284
914 923
914 1284
915 923
915 1284
916 923
916 1284
917 923
917 1284
918 924
918 1284
919 924
919 1284
920 924
920 1284
921 924
921 1284
922 924
922 1284
923 924
923 1284
924 924
924 1284
925 925
925 1283
926 925
926 1282
927 926
927 1282
928 926
928 1282
929 926
929 1282
930 926
930 1282
931 926
931 1282
932 927
932 1282
933 927
933 1282
934 927
934 1281
935 927
935 1281
936 928
936 1281
937 928
937 1281
938 928
938 1281
939 928
939 1281
940 929
940 1280
941 929
941 1280
942 930
942 1280
943 930
943 1280
944 930
944 1279
945 931
945 1279
946 931
946 1279
947 931
947 1279
948 932
948 1278
949 932
949 1278
950 933
950 1278
951 933
951 1277
952 933
952 1277
953 933
953 1277
954 933
954 1277
955 934
955 1276
956 934
956 1276
957 934
957 1276
958 935
958 1276
959 935
959 1276
960 936
960 1275
961 936
961 1275
962 936
962 1275
963 937
963 1274
964 937
964 1274
965 938
965 1274
966 939
966 1273
967 939
967 1273
968 940
968 1273
969 940
969 1272
970 940
970 1271
971 941
971 1271
972 941
972 1271
973 942
973 1270
974 942
974 1270
975 942
975 1270
976 943
976 1269
977 943
977 1269
978 944
978 1268
979 944
979 1268
980 944
980 1268
981 945
981 1267
982 946
982 1267
983 946
983 1266
984 947
984 1265
985 948
985 1265
986 948
986 1264
987 949
987 1263
988 950
988 1263
989 950
989 1262
990 951
990 1262
991 952
991 1261
992 953
992 1260
993 953
993 1260
994 954
994 1259
995 955
995 1258
996 955
996 1258
997 956
997 1257
998 957
998 1256
999 957
999 1256
1000 958
1000 1255
1001 959
1001 1254
1002 960
1002 1254
1003 960
1003 1253
1004 961
1004 1253
1005 962
1005 1252
1006 963
1006 1251
1007 963
1007 1251
1008 964
1008 1250
1009 965
1009 1249
1010 966
1010 1249
1011 967
1011 1248
1012 967
1012 1247
1013 968
1013 1246
1014 969
1014 1246
1015 970
1015 1245
1016 971
1016 1244
1017 972
1017 1243
1018 973
1018 1243
1019 974
1019 1242
1020 975
1020 1241
1021 976
1021 1240
1022 977
1022 1239
1023 978
1023 1238
1024 979
1024 980
1024 1237
1025 981
1025 1236
1026 982
1026 1235
1027 983
1027 1234
1028 984
1028 1234
1029 985
1029 1233
1030 986
1030 1232
1031 987
1031 1231
1032 988
1032 1230
1033 989
1033 1229
1034 990
1034 1228
1035 991
1035 1227
1036 992
1036 1226
1037 993
1037 1225
1038 994
1038 1224
1039 995
1039 996
1039 1223
1040 997
1040 1222
1041 998
1041 1220
1041 1221
1042 999
1042 1219
1043 1000
1043 1218
1044 1001
1044 1002
1044 1216
1044 1217
1045 1003
1045 1215
1046 1004
1046 1005
1046 1213
1046 1214
1047 1006
1047 1212
1048 1007
1048 1008
1048 1211
1049 1009
1049 1209
1049 1210
1050 1010
1050 1011
1050 1208
1051 1012
1051 1206
1051 1207
1052 1013
1052 1014
1052 1205
1053 1015
1053 1203
1053 1204
1054 1016
1054 1017
1054 1201
1054 1202
1055 1018
1055 1200
1056 1019
1056 1020
1056 1198
1056 1199
1057 1021
1057 1197
1058 1022
1058 1023
1058 1195
1058 1196
1059 1024
1059 1193
1059 1194
1060 1025
1060 1026
1060 1192
1061 1027
1061 1028
1061 1190
1061 1191
1062 1029
1062 1030
1062 1188
1062 1189
1063 1031
1063 1032
1063 1186
1063 1187
1064 1033
1064 1034
1064 1184
1064 1185
1065 1035
1065 1036
1065 1037
1065 1181
1065 1182
1065 1183
1066 1038
1066 1039
1066 1040
1066 1179
1066 1180
1067 1041
1067 1042
1067 1043
1067 1176
1067 1177
1067 1178
1068 1044
1068 1045
1068 1046
1068 1049
1068 1051
1068 1173
1068 1174
1068 1175
1069 1047
1069 1048
1069 1050
1069 1052
1069 1054
1069 1170
1069 1171
1069 1172
1070 1053
1070 1055
1070 1057
1070 1167
1070 1168
1070 1169
1071 1056
1071 1058
1071 1060
1071 1162
1071 1165
1071 1166
1072 1059
1072 1061
1072 1161
1072 1163
1072 1164
1073 1062
1073 1064
1073 1065
1073 1156
1073 1159
1073 1160
1074 1063
1074 1066
1074 1069
1074 1070
1074 1155
1074 1157
1074 1158
1075 1067
1075 1068
1075 1071
1075 1074
1075 1149
1075 1152
1075 1153
1075 1154
1076 1072
1076 1073
1076 1075
1076 1078
1076 1079
1076 1080
1076 1081
1076 1082
1076 1142
1076 1143
1076 1144
1076 1145
1076 1146
1076 1148
1076 1150
1076 1151
1077 1076
1077 1077
1077 1083
1077 1085
1077 1086
1077 1087
1077 1088
1077 1089
1077 1124
1077 1125
1077 1126
1077 1127
1077 1128
1077 1129
1077 1130
1077 1131
1077 1133
1077 1134
1077 1135
1077 1136
1077 1137
1077 1138
1077 1141
1077 1147
1078 1084
1078 1090
1078 1092
1078 1093
1078 1094
1078 1095
1078 1096
1078 1097
1078 1098
1078 1099
1078 1100
1078 1101
1078 1102
1078 1103
1078 1123
1078 1132
1078 1139
1078 1140
1079 1091
1079 1104
1079 1106
1079 1107
1079 1108
1079 1109
1079 1110
1079 1111
1079 1112
1079 1113
1079 1114
1079 1115
1079 1116
1079 1117
1079 1118
1079 1120
1079 1121
1079 1122
1080 1105
1080 1119
