840 1017
841 1002
841 1016
841 1018
841 1031
841 1032
842 994
842 995
842 1001
842 1003
842 1004
842 1005
842 1006
842 1007
842 1008
842 1009
842 1010
842 1011
842 1012
842 1013
842 1014
842 1015
842 1019
842 1020
842 1021
842 1022
842 1023
842 1024
842 1025
842 1026
842 1027
842 1028
842 1029
842 1030
842 1033
842 1040
842 1041
843 987
843 993
843 996
843 997
843 998
843 999
843 1000
843 1034
843 1035
843 1036
843 1037
843 1038
843 1039
843 1042
843 1047
844 982
844 983
844 986
844 988
844 989
844 990
844 991
844 992
844 1043
844 1044
844 1045
844 1046
844 1048
844 1050
844 1051
845 977
845 978
845 981
845 984
845 985
845 1049
845 1052
845 1054
845 1055
846 973
846 976
846 979
846 980
846 1053
846 1056
846 1057
846 1058
847 970
847 971
847 972
847 974
847 975
847 1059
847 1061
848 967
848 968
848 969
848 1060
848 1062
848 1063
848 1064
849 964
849 965
849 966
849 1065
849 1066
850 958
850 961
850 962
850 963
850 1067
850 1068
850 1069
851 955
851 956
851 957
851 959
851 960
851 1070
851 1071
852 953
852 954
852 1072
852 1073
852 1074
853 950
853 951
853 952
853 1075
854 947
854 948
854 949
854 1076
854 1077
855 944
855 945
855 946
855 1078
855 1079
856 942
856 943
856 1080
856 1081
857 940
857 941
857 1082
857 1083
858 938
858 939
858 1084
858 1085
859 936
859 937
859 1086
859 1087
859 1088
860 934
860 935
860 1089
860 1090
861 932
861 933
861 1091
861 1092
862 931
862 1093
862 1094
863 930
863 1095
864 928
864 929
864 1096
864 1097
865 926
865 927
865 1098
865 1099
866 925
866 1100
867 923
867 924
867 1101
868 921
868 922
868 1102
868 1103
869 920
869 1104
870 918
870 919
870 1105
871 916
871 917
871 1106
872 915
872 1107
873 913
873 914
873 1108
874 912
874 1109
875 910
875 911
875 1110
875 1111
876 909
876 1112
877 907
877 908
877 1113
877 1114
878 906
878 1115
879 905
879 1116
880 903
880 904
880 1117
881 902
881 1118
882 901
882 1119
883 900
883 1120
884 899
884 1121
885 897
885 898
885 1122
886 896
886 1123
887 895
887 1123
888 894
888 1124
889 893
889 1125
890 892
890 1126
891 891
891 1127
892 890
892 1128
893 889
893 1129
894 888
894 1130
895 887
895 1131
896 886
896 1132
897 885
897 1133
898 884
898 1134
899 883
899 1135
900 882
900 1136
901 881
901 1136
902 881
902 1137
903 880
903 1138
904 879
904 1139
905 878
905 1139
906 877
906 1140
907 876
907 1141
908 875
908 1141
909 874
909 1142
910 874
910 1143
911 873
911 1144
912 872
912 1144
913 872
913 1145
914 871
914 1146
915 870
915 1146
916 870
916 1147
917 869
917 1148
918 868
918 1148
919 868
919 1148
920 867
920 1149
921 866
921 1150
922 866
922 1150
923 866
923 1151
924 865
924 1152
925 865
925 1152
926 864
926 1153
927 864
927 1153
928 863
928 1154
929 863
929 1155
930 862
930 1155
931 862
931 1155
932 861
932 1156
933 861
933 1156
934 860
934 1157
935 860
935 1157
936 859
936 1157
937 858
937 1158
938 858
938 1158
939 857
939 1159
940 857
940 1159
941 856
941 1159
942 856
942 1159
943 855
943 1160
944 855
944 1161
945 855
945 1161
946 854
946 1162
947 854
947 1162
948 853
948 1162
949 853
949 1163
950 853
950 1163
951 853
951 1163
952 852
952 1164
953 852
953 1164
954 852
954 1164
955 852
955 1164
956 851
956 1165
957 851
957 1166
958 851
958 1166
959 850
959 1166
960 850
960 1167
961 850
961 1167
962 850
962 1167
963 850
963 1167
964 849
964 1168
965 849
965 1168
966 849
966 1168
967 849
967 1168
968 848
968 1168
969 848
969 1169
970 848
970 1169
971 848
971 1169
972 847
972 1170
973 847
973 1170
974 847
974 1170
975 846
975 1170
976 846
976 1171
977 846
977 1171
978 846
978 1171
979 845
979 1171
980 845
980 1171
981 845
981 1172
982 845
982 1172
983 844
983 1172
984 844
984 1173
985 844
985 1173
986 844
986 1173
987 844
987 1173
988 844
988 1174
989 844
989 1174
990 844
990 1174
991 844
991 1174
992 844
992 1174
993 844
993 1175
994 844
994 1175
995 844
995 1175
996 844
996 1175
997 844
997 1176
998 844
998 1176
999 844
999 1176
1000 844
1000 1176
1001 844
1001 1176
1002 844
1002 1176
1003 844
1003 1176
1004 844
1004 1177
1005 844
1005 1178
1006 844
1006 1178
1007 844
1007 1178
1008 844
1008 1178
1009 844
1009 1178
1010 844
1010 1178
1011 844
1011 1178
1012 844
1012 1178
1013 844
1013 1178
1014 844
1014 1178
1015 845
1015 1178
1016 845
1016 1178
1017 845
1017 1179
1018 845
1018 1179
1019 845
1019 1179
1020 845
1020 1179
1021 845
1021 1179
1022 845
1022 1179
1023 845
1023 1179
1024 845
1024 1179
1025 845
1025 1179
1026 845
1026 1179
1027 845
1027 1179
1028 845
1028 1179
1029 845
1029 1180
1030 845
1030 1180
1031 845
1031 1180
1032 845
1032 1180
1033 845
1033 1180
1034 845
1034 1180
1035 845
1035 1180
1036 845
1036 1180
1037 845
1037 1180
1038 845
1038 1180
1039 845
1039 1180
1040 845
1040 1180
1041 845
1041 1180
1042 845
1042 1179
1043 845
1043 1179
1044 845
1044 1179
1045 845
1045 1179
1046 845
1046 1179
1047 845
1047 1179
1048 845
1048 1179
1049 846
1049 1179
1050 846
1050 1179
1051 846
1051 1179
1052 846
1052 1179
1053 846
1053 1179
1054 846
1054 1179
1055 847
1055 1179
1056 847
1056 1178
1057 847
1057 1178
1058 847
1058 1178
1059 848
1059 1178
1060 848
1060 1178
1061 848
1061 1178
1062 848
1062 1178
1063 848
1063 1178
1064 849
1064 1178
1065 849
1065 1178
1066 849
1066 1177
1067 849
1067 1176
1068 849
1068 1176
1069 849
1069 1176
1070 850
1070 1176
1071 850
1071 1176
1072 850
1072 1176
1073 850
1073 1176
1074 851
1074 1176
1075 851
1075 1176
1076 851
1076 1176
1077 851
1077 1176
1078 852
1078 1176
1079 852
1079 1176
1080 852
1080 1176
1081 852
1081 1175
1082 853
1082 1175
1083 853
1083 1175
1084 853
1084 1175
1085 853
1085 1175
1086 854
1086 1174
1087 854
1087 1174
1088 854
1088 1174
1089 855
1089 1174
1090 855
1090 1174
1091 855
1091 1173
1092 856
1092 1173
1093 856
1093 1173
1094 856
1094 1173
1095 857
1095 1172
1096 858
1096 1171
1097 858
1097 1171
1098 858
1098 1171
1099 859
1099 1171
1100 859
1100 1171
1101 859
1101 1171
1102 860
1102 1171
1103 860
1103 1170
1104 860
1104 1170
1105 861
1105 1170
1106 861
1106 1170
1107 861
1107 1170
1108 862
1108 1169
1109 862
1109 1169
1110 863
1110 1169
1111 863
1111 1169
1112 864
1112 1168
1113 864
1113 1168
1114 865
1114 1168
1115 865
1115 1168
1116 866
1116 1167
1117 866
1117 1167
1118 867
1118 1167
1119 867
1119 1166
1120 868
1120 1166
1121 868
1121 1166
1122 868
1122 1165
1123 869
1123 1164
1124 869
1124 1164
1125 870
1125 1163
1126 870
1126 1163
1127 871
1127 1163
1128 871
1128 1162
1129 872
1129 1162
1130 872
1130 1161
1131 873
1131 1161
1132 873
1132 1160
1133 874
1133 1160
1134 874
1134 1160
1135 875
1135 1159
1136 875
1136 1159
1137 876
1137 1158
1138 876
1138 1158
1139 877
1139 1157
1140 877
1140 1157
1141 878
1141 1156
1142 878
1142 1156
1143 879
1143 1155
1144 879
1144 1155
1145 880
1145 1155
1146 881
1146 1154
1147 881
1147 1154
1148 882
1148 1153
1149 883
1149 1152
1150 884
1150 1152
1151 884
1151 1151
1152 885
1152 1151
1153 886
1153 1150
1154 887
1154 1150
1155 888
1155 1149
1156 888
1156 1148
1157 889
1157 1148
1158 890
1158 1147
1159 891
1159 1147
1160 892
1160 1146
1161 893
1161 1146
1162 894
1162 1146
1163 895
1163 1145
1164 895
1164 1145
1165 896
1165 1144
1166 897
1166 1144
1167 898
1167 1143
1168 899
1168 1142
1169 899
1169 1142
1170 900
1170 1141
1171 901
1171 1140
1172 902
1172 1140
1173 903
1173 1138
1173 1139
1174 904
1174 1137
1175 905
1175 1136
1176 906
1176 1135
1177 907
1177 1134
1178 908
1178 1133
1179 909
1179 1132
1180 910
1180 1131
1181 911
1181 1130
1182 912
1182 1129
1183 913
1183 1128
1184 914
1184 1128
1185 915
1185 1126
1185 1127
1186 916
1186 1125
1187 917
1187 1124
1188 918
1188 1123
1189 919
1189 1121
1189 1122
1190 920
1190 921
1190 1120
1191 922
1191 1119
1192 923
1192 1117
1192 1118
1193 924
1193 1116
1194 925
1194 1115
1195 926
1195 1113
1195 1114
1196 927
1196 1112
1197 928
1197 1111
1198 929
1198 1109
1198 1110
1199 930
1199 1108
1200 931
1200 932
1200 933
1200 1107
1201 934
1201 935
1201 1104
1201 1105
1201 1106
1202 936
1202 937
1202 1103
1203 938
1203 939
1203 1101
1203 1102
1204 940
1204 941
1204 1099
1204 1100
1205 942
1205 943
1205 1097
1205 1098
1206 944
1206 945
1206 946
1206 1095
1206 1096
1207 947
1207 948
1207 949
1207 1093
1207 1094
1208 950
1208 951
1208 1091
1208 1092
1209 952
1209 953
1209 954
1209 1089
1209 1090
1210 955
1210 956
1210 1087
1210 1088
1211 957
1211 958
1211 960
1211 1084
1211 1085
1211 1086
1212 959
1212 961
1212 1082
1212 1083
1213 962
1213 963
1213 964
1213 1079
1213 1080
1213 1081
1214 965
1214 966
1214 967
1214 1072
1214 1075
1214 1076
1214 1077
1214 1078
1215 968
1215 969
1215 970
1215 1071
1215 1073
1215 1074
1216 971
1216 972
1216 974
1216 975
1216 976
1216 1065
1216 1068
1216 1069
1216 1070
1217 973
1217 977
1217 980
1217 981
1217 1058
1217 1059
1217 1060
1217 1064
1217 1066
1217 1067
1218 978
1218 979
1218 982
1218 985
1218 986
1218 987
1218 989
1218 990
1218 991
1218 1052
1218 1053
1218 1054
1218 1057
1218 1061
1218 1062
1218 1063
1219 983
1219 984
1219 988
1219 992
1219 995
1219 996
1219 997
1219 1051
1219 1055
1219 1056
1220 993
1220 994
1220 998
1220 1040
1220 1041
1220 1042
1220 1043
1220 1044
1220 1045
1220 1046
1220 1048
1220 1049
1220 1050
1221 999
1221 1000
1221 1001
1221 1003
1221 1004
1221 1005
1221 1006
1221 1007
1221 1008
1221 1009
1221 1010
1221 1011
1221 1012
1221 1013
1221 1014
1221 1015
1221 1016
1221 1017
1221 1018
1221 1019
1221 1020
1221 1021
1221 1022
1221 1023
1221 1024
1221 1025
1221 1026
1221 1027
1221 1028
1221 1029
1221 1030
1221 1031
1221 1032
1221 1033
1221 1034
1221 1035
1221 1036
1221 1039
1221 1047
1222 1002
1222 1037
1222 1038
