948 1013
948 1019
948 1026
949 1006
949 1012
949 1014
949 1015
949 1016
949 1017
949 1018
949 1020
949 1021
949 1022
949 1023
949 1024
949 1025
949 1027
949 1031
949 1032
950 1000
950 1002
950 1003
950 1005
950 1007
950 1008
950 1009
950 1010
950 1011
950 1028
950 1029
950 1030
950 1033
950 1036
951 996
951 999
951 1001
951 1004
951 1034
951 1035
951 1037
951 1038
952 994
952 995
952 997
952 998
952 1039
952 1040
952 1041
953 991
953 993
953 1042
953 1043
953 1044
953 1045
954 988
954 990
954 992
954 1046
954 1047
954 1048
955 986
955 987
955 989
955 1049
955 1050
956 984
956 985
956 1051
957 981
957 982
957 983
957 1052
957 1053
958 980
958 1054
958 1055
958 1056
959 978
959 979
959 1057
959 1058
959 1059
960 976
960 977
960 1060
960 1061
961 974
961 975
961 1062
962 973
962 1063
962 1064
963 972
963 1065
964 970
964 971
964 1066
965 969
965 1067
966 968
966 1068
966 1069
967 966
967 967
967 1070
968 965
968 1071
969 964
969 1072
970 963
970 1072
971 962
971 1072
972 961
972 1073
973 960
973 1074
974 959
974 1075
974 1076
975 958
975 1077
976 957
976 1078
977 956
977 1079
978 955
978 1080
979 954
979 1080
980 954
980 1080
981 953
981 1081
982 952
982 1082
983 952
983 1083
984 951
984 1084
985 951
985 1085
986 950
986 1086
987 949
987 1087
988 949
988 1088
989 949
989 1088
990 948
990 1089
991 948
991 1089
992 947
992 1090
993 947
993 1090
994 946
994 1090
995 945
995 1091
996 944
996 1092
997 944
997 1092
998 943
998 1093
999 943
999 1093
1000 943
1000 1093
1001 942
1001 1094
1002 942
1002 1094
1003 942
1003 1094
1004 941
1004 1094
1005 941
1005 1094
1006 941
1006 1095
1007 941
1007 1096
1008 940
1008 1096
1009 940
1009 1096
1010 940
1010 1097
1011 939
1011 1097
1012 939
1012 1097
1013 938
1013 1098
1014 938
1014 1098
1015 938
1015 1098
1016 938
1016 1098
1017 938
1017 1098
1018 938
1018 1098
1019 938
1019 1099
1020 937
1020 1099
1021 937
1021 1099
1022 937
1022 1100
1023 937
1023 1100
1024 937
1024 1100
1025 937
1025 1100
1026 937
1026 1100
1027 937
1027 1100
1028 937
1028 1100
1029 937
1029 1100
1030 938
1030 1100
1031 938
1031 1100
1032 938
1032 1100
1033 938
1033 1100
1034 938
1034 1100
1035 938
1035 1100
1036 938
1036 1100
1037 938
1037 1100
1038 938
1038 1100
1039 938
1039 1100
1040 938
1040 1100
1041 938
1041 1100
1042 938
1042 1100
1043 938
1043 1100
1044 938
1044 1100
1045 938
1045 1100
1046 938
1046 1100
1047 938
1047 1100
1048 939
1048 1100
1049 939
1049 1099
1050 940
1050 1099
1051 940
1051 1099
1052 940
1052 1099
1053 940
1053 1099
1054 941
1054 1099
1055 941
1055 1099
1056 941
1056 1099
1057 941
1057 1099
1058 941
1058 1098
1059 942
1059 1098
1060 942
1060 1098
1061 942
1061 1098
1062 943
1062 1097
1063 943
1063 1096
1064 944
1064 1096
1065 944
1065 1096
1066 945
1066 1096
1067 945
1067 1096
1068 946
1068 1096
1069 946
1069 1095
1070 947
1070 1095
1071 947
1071 1095
1072 948
1072 1094
1073 948
1073 1094
1074 949
1074 1094
1075 949
1075 1093
1076 950
1076 1093
1077 950
1077 1093
1078 951
1078 1092
1079 952
1079 1092
1080 952
1080 1091
1081 953
1081 1091
1082 953
1082 1090
1083 954
1083 1089
1084 955
1084 1088
1085 955
1085 1088
1086 955
1086 1087
1087 956
1087 1086
1088 957
1088 1086
1089 957
1089 1085
1090 958
1090 1084
1091 959
1091 1083
1092 959
1092 1082
1093 960
1093 1081
1094 961
1094 1080
1095 962
1095 1079
1096 963
1096 1078
1097 963
1097 1076
1097 1077
1098 964
1098 1075
1099 965
1099 1074
1100 966
1100 1073
1101 967
1101 1071
1101 1072
1102 968
1102 969
1102 1070
1103 970
1103 1068
1103 1069
1104 971
1104 972
1104 1067
1105 973
1105 1066
1106 974
1106 975
1106 1065
1107 976
1107 977
1107 1063
1107 1064
1108 978
1108 979
1108 1061
1108 1062
1109 980
1109 1059
1109 1060
1110 981
1110 982
1110 1057
1110 1058
1111 983
1111 984
1111 1055
1111 1056
1112 985
1112 1053
1112 1054
1113 986
1113 987
1113 1051
1113 1052
1114 988
1114 989
1114 990
1114 993
1114 1045
1114 1048
1114 1049
1114 1050
1115 991
1115 992
1115 994
1115 1041
1115 1044
1115 1046
1115 1047
1116 995
1116 996
1116 997
1116 1000
1116 1001
1116 1002
1116 1038
1116 1040
1116 1042
1116 1043
1117 998
1117 999
1117 1003
1117 1028
1117 1029
1117 1030
1117 1031
1117 1033
1117 1034
1117 1037
1117 1039
1118 1004
1118 1005
1118 1007
1118 1008
1118 1009
1118 1014
1118 1015
1118 1016
1118 1017
1118 1018
1118 1019
1118 1020
1118 1021
1118 1022
1118 1023
1118 1024
1118 1025
1118 1027
1118 1032
1118 1035
1118 1036
1119 1006
1119 1010
1119 1013
1119 1026
1120 1011
1120 1012
