595 928
596 912
596 913
596 927
596 929
596 943
597 907
597 908
597 911
597 914
597 915
597 916
597 917
597 918
597 919
597 920
597 921
597 922
597 923
597 924
597 925
597 926
597 930
597 931
597 932
597 933
597 934
597 935
597 936
597 937
597 938
597 939
597 940
597 941
597 942
597 944
597 959
598 901
598 902
598 906
598 909
598 910
598 945
598 946
598 947
598 948
598 949
598 950
598 951
598 952
598 953
598 954
598 955
598 956
598 957
598 958
598 960
598 962
598 963
599 898
599 900
599 903
599 904
599 905
599 961
599 964
599 966
599 967
600 894
600 895
600 897
600 899
600 965
600 968
600 970
600 971
601 889
601 890
601 893
601 896
601 969
601 972
601 973
602 883
602 885
602 886
602 888
602 891
602 892
602 974
602 976
603 880
603 881
603 882
603 884
603 887
603 975
603 977
603 979
604 877
604 878
604 879
604 978
604 980
604 982
605 873
605 874
605 876
605 981
605 983
605 985
605 988
606 869
606 870
606 871
606 872
606 875
606 984
606 986
606 987
606 989
606 990
606 991
607 866
607 867
607 868
607 992
607 993
607 994
608 864
608 865
608 995
608 996
609 861
609 862
609 863
609 997
609 998
609 999
610 859
610 860
610 1000
610 1001
610 1002
611 856
611 857
611 858
611 1003
612 854
612 855
612 1004
612 1005
613 852
613 853
613 1006
613 1007
614 850
614 851
614 1008
614 1009
615 848
615 849
615 1010
615 1011
616 846
616 847
616 1012
616 1013
617 844
617 845
617 1014
617 1015
618 842
618 843
618 1016
618 1017
619 841
619 1018
619 1019
620 839
620 840
620 1020
621 838
621 1021
621 1022
622 836
622 837
622 1023
623 835
623 1024
623 1025
624 833
624 834
624 1026
624 1027
625 832
625 1028
626 830
626 831
626 1029
626 1030
627 829
627 1031
628 827
628 828
628 1032
629 826
629 1033
630 825
630 1034
630 1035
631 823
631 824
631 1036
632 822
632 1037
633 821
633 1038
634 819
634 820
634 1039
635 818
635 1040
636 817
636 1041
637 816
637 1042
638 815
638 1043
639 813
639 814
639 1044
640 812
640 1045
641 811
641 1046
642 810
642 1047
643 809
643 1048
644 808
644 1049
645 807
645 1050
646 805
646 806
646 1051
647 804
647 1052
648 803
648 1053
649 802
649 1054
650 801
650 1055
651 800
651 1056
652 799
652 1057
653 798
653 1058
654 797
654 1059
655 796
655 1059
656 794
656 795
656 1060
657 793
657 1060
658 792
658 1061
659 791
659 1062
660 790
660 1063
661 789
661 1063
662 789
662 1064
663 788
663 1065
664 787
664 1066
665 786
665 1066
666 785
666 1067
667 784
667 1068
668 784
668 1068
669 783
669 1069
670 782
670 1070
671 781
671 1071
672 781
672 1071
673 780
673 1072
674 779
674 1073
675 778
675 1073
676 777
676 1074
677 777
677 1075
678 776
678 1075
679 775
679 1076
680 774
680 1076
681 774
681 1077
682 773
682 1078
683 772
683 1079
684 772
684 1079
685 771
685 1080
686 770
686 1080
687 770
687 1081
688 769
688 1081
689 768
689 1082
690 768
690 1082
691 767
691 1083
692 767
692 1083
693 766
693 1083
694 766
694 1083
695 765
695 1084
696 765
696 1084
697 764
697 1085
698 763
698 1085
699 763
699 1086
700 762
700 1086
701 762
701 1087
702 761
702 1087
703 761
703 1087
704 760
704 1088
705 759
705 1088
706 759
706 1088
707 758
707 1089
708 758
708 1090
709 758
709 1090
710 757
710 1091
711 757
711 1091
712 756
712 1091
713 756
713 1092
714 755
714 1092
715 755
715 1093
716 755
716 1093
717 754
717 1093
718 754
718 1094
719 754
719 1094
720 753
720 1094
721 753
721 1095
722 753
722 1095
723 752
723 1095
724 752
724 1096
725 752
725 1096
726 751
726 1096
727 751
727 1097
728 751
728 1097
729 750
729 1097
730 750
730 1097
731 750
731 1097
732 750
732 1097
733 750
733 1098
734 750
734 1099
735 749
735 1099
736 749
736 1099
737 749
737 1099
738 749
738 1100
739 748
739 1100
740 748
740 1100
741 748
741 1100
742 748
742 1100
743 747
743 1101
744 747
744 1101
745 747
745 1101
746 747
746 1101
747 746
747 1102
748 746
748 1102
749 746
749 1102
750 745
750 1102
751 745
751 1102
752 745
752 1103
753 745
753 1103
754 745
754 1103
755 745
755 1103
756 745
756 1103
757 745
757 1103
758 745
758 1103
759 745
759 1103
760 745
760 1103
761 745
761 1103
762 745
762 1103
763 745
763 1103
764 745
764 1103
765 745
765 1103
766 745
766 1103
767 745
767 1103
768 745
768 1103
769 745
769 1103
770 745
770 1103
771 745
771 1103
772 745
772 1103
773 745
773 1104
774 745
774 1104
775 745
775 1104
776 745
776 1104
777 745
777 1104
778 745
778 1104
779 745
779 1104
780 745
780 1104
781 745
781 1104
782 745
782 1104
783 745
783 1104
784 745
784 1104
785 745
785 1104
786 745
786 1104
787 745
787 1104
788 745
788 1104
789 745
789 1104
790 745
790 1104
791 745
791 1104
792 745
792 1104
793 745
793 1104
794 745
794 1104
795 745
795 1104
796 745
796 1104
797 745
797 1104
798 745
798 1104
799 745
799 1104
800 745
800 1105
801 745
801 1105
802 745
802 1105
803 745
803 1105
804 745
804 1105
805 745
805 1105
806 745
806 1105
807 745
807 1105
808 746
808 1105
809 746
809 1105
810 746
810 1105
811 746
811 1105
812 746
812 1105
813 746
813 1105
814 746
814 1105
815 746
815 1105
816 747
816 1104
817 747
817 1104
818 747
818 1104
819 747
819 1104
820 747
820 1104
821 747
821 1104
822 747
822 1104
823 747
823 1104
824 747
824 1104
825 747
825 1104
826 748
826 1104
827 748
827 1104
828 748
828 1104
829 748
829 1104
830 748
830 1104
831 748
831 1104
832 749
832 1104
833 749
833 1104
834 749
834 1103
835 749
835 1103
836 749
836 1103
837 749
837 1103
838 750
838 1103
839 750
839 1102
840 750
840 1102
841 750
841 1102
842 750
842 1102
843 750
843 1101
844 750
844 1100
845 751
845 1100
846 751
846 1100
847 751
847 1100
848 751
848 1100
849 752
849 1100
850 752
850 1100
851 752
851 1099
852 752
852 1099
853 753
853 1099
854 753
854 1099
855 753
855 1098
856 753
856 1098
857 754
857 1098
858 754
858 1098
859 754
859 1097
860 754
860 1097
861 754
861 1097
862 754
862 1096
863 755
863 1096
864 755
864 1096
865 755
865 1095
866 756
866 1095
867 756
867 1095
868 756
868 1094
869 757
869 1094
870 757
870 1093
871 757
871 1093
872 758
872 1093
873 759
873 1092
874 759
874 1092
875 759
875 1092
876 760
876 1091
877 760
877 1091
878 760
878 1091
879 761
879 1090
880 761
880 1090
881 762
881 1089
882 762
882 1089
883 762
883 1089
884 763
884 1088
885 763
885 1088
886 764
886 1087
887 764
887 1086
888 764
888 1086
889 764
889 1085
890 765
890 1085
891 765
891 1084
892 766
892 1084
893 766
893 1083
894 767
894 1083
895 767
895 1083
896 768
896 1082
897 768
897 1082
898 769
898 1081
899 769
899 1081
900 769
900 1080
901 770
901 1080
902 771
902 1080
903 772
903 1079
904 772
904 1078
905 773
905 1078
906 774
906 1077
907 774
907 1077
908 775
908 1076
909 775
909 1076
910 776
910 1075
911 777
911 1075
912 777
912 1074
913 778
913 1073
914 778
914 1073
915 779
915 1072
916 779
916 1071
917 780
917 1070
918 781
918 1069
919 782
919 1069
920 783
920 1068
921 783
921 1067
922 784
922 1066
923 785
923 1065
924 786
924 1065
925 787
925 1063
925 1064
926 787
926 1062
927 788
927 1061
928 789
928 1060
929 790
929 1059
930 791
930 1058
931 792
931 1057
932 793
932 1056
933 794
933 1055
934 794
934 1054
935 795
935 1053
936 796
936 1053
937 797
937 1052
938 798
938 1051
939 799
939 1050
940 800
940 1049
941 801
941 1048
942 802
942 1047
943 803
943 1046
944 804
944 1045
945 805
945 1044
946 806
946 1043
947 807
947 1042
948 808
948 1041
949 809
949 1040
950 810
950 1039
951 811
951 1038
952 812
952 1036
952 1037
953 813
953 1035
954 814
954 1034
955 815
955 1033
956 816
956 817
956 1032
957 818
957 1030
957 1031
958 819
958 1029
959 820
959 1028
960 821
960 1027
961 822
961 823
961 1025
961 1026
962 824
962 1024
963 825
963 1023
964 826
964 827
964 1022
965 828
965 1020
965 1021
966 829
966 1019
967 830
967 831
967 1018
968 832
968 1016
968 1017
969 833
969 1014
969 1015
970 834
970 835
970 836
970 1012
970 1013
971 837
971 838
971 1011
972 839
972 840
972 1009
972 1010
973 841
973 1007
973 1008
974 842
974 843
974 1005
974 1006
975 844
975 845
975 1003
975 1004
976 846
976 1001
976 1002
977 847
977 848
977 999
977 1000
978 849
978 997
978 998
979 850
979 995
979 996
980 851
980 852
980 993
980 994
981 853
981 854
981 991
981 992
982 855
982 856
982 990
983 857
983 858
983 988
983 989
984 859
984 860
984 986
984 987
985 861
985 984
985 985
986 862
986 863
986 864
986 865
986 982
986 983
987 866
987 867
987 980
987 981
988 868
988 869
988 977
988 978
988 979
989 870
989 871
989 975
989 976
990 872
990 873
990 972
990 973
990 974
991 874
991 875
991 876
991 970
991 971
992 877
992 878
992 880
992 881
992 882
992 967
992 968
992 969
993 879
993 883
993 886
993 887
993 888
993 965
993 966
994 884
994 885
994 889
994 891
994 892
994 893
994 952
994 953
994 954
994 955
994 956
994 957
994 958
994 959
994 963
994 964
995 890
995 894
995 896
995 897
995 898
995 899
995 946
995 947
995 948
995 951
995 960
995 961
995 962
996 895
996 900
996 903
996 904
996 905
996 937
996 938
996 939
996 940
996 941
996 942
996 943
996 945
996 949
996 950
997 901
997 902
997 906
997 909
997 910
997 911
997 912
997 913
997 914
997 915
997 916
997 917
997 918
997 919
997 920
997 921
997 922
997 923
997 924
997 925
997 926
997 927
997 928
997 929
997 930
997 931
997 932
997 933
997 936
997 944
998 907
998 908
998 934
998 935
