640 917
640 929
641 906
641 909
641 910
641 916
641 918
641 919
641 920
641 921
641 922
641 923
641 924
641 925
641 926
641 927
641 928
641 930
641 941
642 902
642 905
642 907
642 908
642 911
642 912
642 913
642 914
642 915
642 931
642 932
642 933
642 934
642 935
642 936
642 937
642 938
642 939
642 940
642 942
642 950
642 951
642 952
643 898
643 901
643 903
643 904
643 943
643 944
643 945
643 946
643 947
643 948
643 949
643 953
643 955
643 956
644 894
644 897
644 899
644 900
644 954
644 957
644 958
644 959
645 890
645 891
645 893
645 895
645 896
645 960
645 961
645 962
646 886
646 887
646 889
646 892
646 963
646 964
647 882
647 883
647 885
647 888
647 965
647 966
647 967
648 880
648 881
648 884
648 968
648 969
649 877
649 878
649 879
649 970
649 971
650 874
650 875
650 876
650 972
650 973
651 872
651 873
651 974
652 870
652 871
652 975
652 976
652 977
653 868
653 869
653 978
653 979
654 867
654 980
654 981
655 865
655 866
655 982
655 983
656 864
656 984
657 862
657 863
657 985
657 986
658 860
658 861
658 987
658 988
659 859
659 989
660 857
660 858
660 990
660 991
661 856
661 992
662 854
662 855
662 993
662 994
663 853
663 995
663 996
664 852
664 997
665 851
665 998
665 999
666 850
666 1000
667 849
667 1001
668 847
668 848
668 1002
669 846
669 1003
669 1004
670 845
670 1005
671 843
671 844
671 1006
672 842
672 1007
672 1008
673 841
673 1009
674 840
674 1010
675 839
675 1011
676 838
676 1012
676 1013
677 836
677 837
677 1014
678 835
678 1015
679 834
679 1016
680 833
680 1017
681 832
681 1018
682 831
682 1019
683 830
683 1020
684 829
684 1021
685 828
685 1022
686 827
686 1023
687 826
687 1024
688 825
688 1025
689 824
689 1026
690 823
690 1027
691 822
691 1028
692 821
692 1029
693 820
693 1030
694 819
694 1031
695 818
695 1032
696 817
696 1033
697 816
697 1034
698 815
698 1035
699 814
699 1035
700 813
700 1036
701 813
701 1037
702 812
702 1038
703 811
703 1038
704 810
704 1039
705 809
705 1040
706 808
706 1041
707 808
707 1042
708 807
708 1043
709 807
709 1044
710 806
710 1044
711 805
711 1045
712 805
712 1046
713 804
713 1046
714 804
714 1047
715 803
715 1047
716 802
716 1047
717 802
717 1048
718 801
718 1048
719 800
719 1049
720 800
720 1049
721 799
721 1049
722 798
722 1050
723 798
723 1050
724 798
724 1051
725 797
725 1051
726 796
726 1051
727 796
727 1051
728 795
728 1052
729 795
729 1052
730 794
730 1053
731 794
731 1053
732 793
732 1053
733 793
733 1054
734 793
734 1054
735 792
735 1054
736 792
736 1055
737 792
737 1056
738 791
738 1056
739 791
739 1056
740 791
740 1056
741 790
741 1057
742 790
742 1057
743 790
743 1057
744 790
744 1057
745 789
745 1057
746 789
746 1057
747 789
747 1058
748 789
748 1059
749 788
749 1059
750 788
750 1059
751 788
751 1060
752 788
752 1060
753 787
753 1060
754 787
754 1060
755 787
755 1060
756 786
756 1060
757 786
757 1060
758 786
758 1061
759 785
759 1061
760 785
760 1061
761 785
761 1061
762 785
762 1062
763 784
763 1062
764 784
764 1062
765 784
765 1062
766 783
766 1062
767 783
767 1063
768 783
768 1063
769 783
769 1063
770 782
770 1063
771 782
771 1063
772 782
772 1063
773 782
773 1063
774 782
774 1063
775 782
775 1063
776 782
776 1063
777 782
777 1063
778 782
778 1063
779 782
779 1063
780 782
780 1063
781 782
781 1063
782 782
782 1063
783 782
783 1063
784 782
784 1063
785 782
785 1063
786 782
786 1063
787 782
787 1063
788 782
788 1063
789 782
789 1064
790 782
790 1064
791 781
791 1064
792 781
792 1064
793 781
793 1064
794 781
794 1064
795 781
795 1064
796 781
796 1064
797 781
797 1064
798 781
798 1064
799 781
799 1064
800 781
800 1064
801 781
801 1064
802 781
802 1064
803 781
803 1064
804 781
804 1064
805 781
805 1064
806 781
806 1064
807 781
807 1064
808 781
808 1064
809 781
809 1065
810 781
810 1065
811 781
811 1065
812 781
812 1065
813 781
813 1065
814 781
814 1065
815 781
815 1065
816 781
816 1065
817 781
817 1065
818 781
818 1065
819 781
819 1064
820 781
820 1064
821 781
821 1064
822 782
822 1064
823 782
823 1064
824 782
824 1064
825 782
825 1064
826 782
826 1064
827 782
827 1064
828 782
828 1064
829 782
829 1064
830 782
830 1064
831 782
831 1064
832 782
832 1064
833 782
833 1064
834 782
834 1064
835 782
835 1064
836 782
836 1064
837 782
837 1063
838 782
838 1063
839 782
839 1063
840 782
840 1063
841 782
841 1063
842 782
842 1063
843 782
843 1062
844 783
844 1061
845 783
845 1061
846 783
846 1061
847 783
847 1061
848 784
848 1061
849 784
849 1061
850 784
850 1061
851 785
851 1060
852 785
852 1060
853 785
853 1060
854 786
854 1060
855 786
855 1059
856 786
856 1059
857 786
857 1059
858 787
858 1059
859 787
859 1059
860 787
860 1058
861 787
861 1058
862 787
862 1058
863 788
863 1057
864 788
864 1057
865 788
865 1057
866 788
866 1056
867 789
867 1056
868 789
868 1056
869 789
869 1056
870 790
870 1055
871 790
871 1055
872 790
872 1054
873 791
873 1054
874 791
874 1054
875 791
875 1053
876 792
876 1053
877 792
877 1052
878 792
878 1051
879 793
879 1051
880 793
880 1050
881 794
881 1050
882 794
882 1050
883 794
883 1049
884 795
884 1049
885 795
885 1048
886 795
886 1048
887 795
887 1047
888 796
888 1047
889 796
889 1047
890 796
890 1046
891 797
891 1045
892 797
892 1045
893 797
893 1044
894 798
894 1044
895 798
895 1043
896 798
896 1043
897 799
897 1042
898 799
898 1042
899 800
899 1041
900 801
900 1041
901 801
901 1040
902 802
902 1040
903 802
903 1039
904 803
904 1039
905 803
905 1038
906 804
906 1037
907 804
907 1037
908 805
908 1036
909 806
909 1036
910 806
910 1035
911 806
911 1034
912 807
912 1033
913 807
913 1033
914 808
914 1032
915 809
915 1031
916 809
916 1030
917 810
917 1030
918 811
918 1029
919 811
919 1028
920 812
920 1027
921 813
921 1027
922 814
922 1026
923 814
923 1025
924 815
924 1024
925 816
925 1023
926 817
926 1022
927 817
927 1022
928 818
928 1021
929 819
929 1020
930 820
930 1019
931 821
931 1018
932 821
932 1018
933 822
933 1017
934 823
934 824
934 1017
935 825
935 1016
936 826
936 1015
937 827
937 1014
938 828
938 1013
939 829
939 1012
940 830
940 1011
941 831
941 1010
942 832
942 1009
943 833
943 1007
943 1008
944 834
944 1006
945 835
945 1005
946 836
946 1004
947 837
947 1003
948 838
948 839
948 1001
948 1002
949 840
949 1000
950 841
950 999
951 842
951 998
952 843
952 997
953 844
953 845
953 996
954 846
954 847
954 995
955 848
955 849
955 994
956 850
956 992
956 993
957 851
957 852
957 991
958 853
958 854
958 990
959 855
959 988
959 989
960 856
960 857
960 987
961 858
961 859
961 985
961 986
962 860
962 861
962 983
962 984
963 862
963 981
963 982
964 863
964 864
964 980
965 865
965 866
965 978
965 979
966 867
966 976
966 977
967 868
967 869
967 974
967 975
968 870
968 871
968 971
968 972
968 973
969 872
969 873
969 969
969 970
970 874
970 875
970 967
970 968
971 876
971 877
971 965
971 966
972 878
972 879
972 963
972 964
973 880
973 881
973 885
973 961
973 962
974 882
974 883
974 884
974 886
974 956
974 959
974 960
975 887
975 888
975 889
975 951
975 952
975 955
975 957
975 958
976 890
976 891
976 892
976 947
976 950
976 953
976 954
977 893
977 894
977 895
977 946
977 948
977 949
978 896
978 897
978 899
978 900
978 937
978 938
978 939
978 940
978 941
978 942
978 944
978 945
979 898
979 901
979 904
979 905
979 922
979 923
979 924
979 925
979 926
979 927
979 929
979 930
979 931
979 932
979 933
979 936
979 943
980 902
980 903
980 906
980 909
980 914
980 915
980 916
980 917
980 918
980 921
980 928
980 934
980 935
981 907
981 908
981 910
981 913
981 919
981 920
982 911
982 912
