780 1017
780 1018
781 1003
781 1010
781 1016
781 1019
781 1025
782 996
782 997
782 998
782 1002
782 1004
782 1005
782 1006
782 1007
782 1008
782 1009
782 1011
782 1012
782 1013
782 1014
782 1015
782 1020
782 1021
782 1022
782 1023
782 1024
782 1026
782 1030
782 1031
782 1032
783 989
783 995
783 999
783 1000
783 1001
783 1027
783 1028
783 1029
783 1033
783 1036
783 1037
784 985
784 986
784 988
784 990
784 991
784 992
784 993
784 994
784 1034
784 1035
784 1038
784 1039
785 981
785 982
785 984
785 987
785 1040
785 1042
786 978
786 979
786 980
786 983
786 1041
786 1043
786 1045
786 1046
787 976
787 977
787 1044
787 1047
787 1048
787 1049
788 975
788 1050
788 1051
788 1052
789 973
789 974
789 1053
790 970
790 971
790 972
790 1054
790 1055
791 968
791 969
791 1056
791 1057
792 966
792 967
792 1058
793 964
793 965
793 1059
794 962
794 963
794 1060
794 1061
795 960
795 961
795 1062
795 1063
796 958
796 959
796 1064
796 1065
797 955
797 956
797 957
797 1066
797 1067
798 954
798 1068
798 1069
799 952
799 953
799 1070
800 950
800 951
800 1071
800 1072
801 949
801 1073
801 1074
802 948
802 1075
803 947
803 1076
804 946
804 1077
805 944
805 945
805 1078
806 943
806 1079
807 942
807 1080
808 941
808 1081
809 940
809 1082
810 939
810 1083
811 937
811 938
811 1083
812 936
812 1084
813 935
813 1085
814 934
814 1086
815 933
815 1087
816 932
816 1088
817 932
817 1088
818 931
818 1089
819 930
819 1090
820 929
820 1091
821 929
821 1092
822 928
822 1092
823 927
823 1093
824 926
824 1094
825 926
825 1095
826 925
826 1095
827 924
827 1096
828 924
828 1097
829 924
829 1097
830 923
830 1098
831 923
831 1099
832 922
832 1099
833 922
833 1100
834 922
834 1101
835 921
835 1101
836 921
836 1102
837 921
837 1102
838 920
838 1103
839 920
839 1103
840 920
840 1103
841 919
841 1103
842 919
842 1104
843 919
843 1105
844 919
844 1105
845 918
845 1106
846 918
846 1106
847 918
847 1107
848 917
848 1107
849 917
849 1107
850 917
850 1108
851 917
851 1108
852 916
852 1108
853 916
853 1108
854 915
854 1108
855 915
855 1108
856 915
856 1108
857 915
857 1109
858 915
858 1109
859 915
859 1109
860 915
860 1109
861 915
861 1109
862 915
862 1109
863 915
863 1109
864 915
864 1109
865 915
865 1109
866 915
866 1109
867 915
867 1109
868 915
868 1109
869 915
869 1109
870 915
870 1109
871 915
871 1109
872 915
872 1109
873 915
873 1110
874 915
874 1110
875 915
875 1110
876 915
876 1110
877 915
877 1110
878 915
878 1110
879 915
879 1110
880 916
880 1110
881 916
881 1110
882 916
882 1110
883 916
883 1110
884 916
884 1110
885 916
885 1110
886 916
886 1110
887 916
887 1110
888 917
888 1110
889 917
889 1109
890 917
890 1109
891 917
891 1109
892 917
892 1109
893 917
893 1109
894 917
894 1109
895 918
895 1109
896 918
896 1109
897 918
897 1109
898 918
898 1109
899 918
899 1109
900 918
900 1109
901 918
901 1109
902 919
902 1109
903 919
903 1109
904 919
904 1108
905 919
905 1108
906 920
906 1108
907 920
907 1108
908 920
908 1107
909 921
909 1107
910 921
910 1107
911 921
911 1107
912 922
912 1106
913 922
913 1105
914 922
914 1105
915 923
915 1105
916 923
916 1105
917 923
917 1104
918 923
918 1104
919 924
919 1104
920 924
920 1104
921 924
921 1103
922 925
922 1102
923 925
923 1102
924 926
924 1101
925 927
925 1101
926 927
926 1100
927 928
927 1100
928 929
928 1099
929 929
929 1099
930 930
930 1098
931 930
931 1098
932 931
932 1097
933 931
933 1096
934 932
934 1096
935 932
935 1095
936 933
936 1095
937 934
937 1094
938 934
938 1093
939 935
939 1093
940 936
940 1092
941 937
941 1091
942 937
942 1090
943 938
943 1090
944 939
944 1089
945 940
945 1088
946 941
946 1087
947 941
947 1086
948 942
948 1085
949 943
949 1085
950 944
950 1084
951 944
951 1083
952 945
952 1082
953 946
953 1081
954 947
954 1080
955 948
955 1079
956 948
956 1078
957 949
957 950
957 1077
958 951
958 1075
958 1076
959 952
959 1074
960 953
960 1073
961 954
961 1073
962 955
962 956
962 1071
962 1072
963 957
963 958
963 1070
964 959
964 1068
964 1069
965 960
965 961
965 1065
965 1066
965 1067
966 962
966 1063
966 1064
967 963
967 1062
968 964
968 965
968 1060
968 1061
969 966
969 1058
969 1059
970 967
970 968
970 1055
970 1056
970 1057
971 969
971 970
971 971
971 1053
971 1054
972 972
972 973
972 974
972 1052
973 975
973 976
973 1050
973 1051
974 977
974 978
974 979
974 1048
974 1049
975 980
975 981
975 1046
975 1047
976 982
976 983
976 1042
976 1043
976 1044
976 1045
977 984
977 986
977 987
977 1039
977 1040
977 1041
978 985
978 988
978 991
978 1031
978 1032
978 1033
978 1034
978 1036
978 1037
978 1038
979 989
979 990
979 992
979 995
979 996
979 997
979 998
979 1020
979 1021
979 1022
979 1023
979 1024
979 1025
979 1026
979 1030
979 1035
980 993
980 994
980 999
980 1003
980 1004
980 1005
980 1006
980 1007
980 1008
980 1009
980 1010
980 1011
980 1012
980 1013
980 1014
980 1015
980 1016
980 1017
980 1019
980 1027
980 1028
980 1029
981 1000
981 1001
981 1002
981 1018
