694 1009
695 995
695 1008
695 1010
695 1022
696 988
696 994
696 996
696 997
696 998
696 999
696 1000
696 1001
696 1002
696 1003
696 1004
696 1005
696 1006
696 1007
696 1011
696 1012
696 1013
696 1014
696 1015
696 1016
696 1017
696 1018
696 1019
696 1020
696 1021
696 1023
696 1033
696 1034
696 1036
697 980
697 981
697 987
697 989
697 990
697 991
697 992
697 993
697 1024
697 1025
697 1026
697 1027
697 1028
697 1029
697 1030
697 1031
697 1032
697 1035
697 1037
697 1040
697 1041
698 975
698 976
698 979
698 982
698 983
698 984
698 985
698 986
698 1038
698 1039
698 1042
698 1045
698 1046
699 970
699 971
699 974
699 977
699 978
699 1043
699 1044
699 1047
699 1049
699 1050
700 967
700 969
700 972
700 973
700 1048
700 1051
700 1054
700 1055
701 964
701 965
701 966
701 968
701 1052
701 1053
701 1056
701 1059
702 961
702 962
702 963
702 1057
702 1058
702 1060
702 1063
702 1064
703 957
703 958
703 960
703 1061
703 1062
703 1065
703 1066
703 1067
704 954
704 955
704 956
704 959
704 1068
704 1069
704 1070
705 951
705 952
705 953
705 1071
705 1072
705 1073
706 948
706 949
706 950
706 1074
706 1075
706 1076
707 945
707 946
707 947
707 1077
708 942
708 943
708 944
708 1078
708 1079
708 1080
709 940
709 941
709 1081
709 1082
710 938
710 939
710 1083
710 1084
711 936
711 937
711 1085
711 1086
711 1087
712 934
712 935
712 1088
712 1089
713 932
713 933
713 1090
714 930
714 931
714 1091
714 1092
715 928
715 929
715 1093
715 1094
716 926
716 927
716 1095
717 924
717 925
717 1096
717 1097
718 923
718 1098
718 1099
719 921
719 922
719 1100
720 920
720 1101
720 1102
721 918
721 919
721 1103
721 1104
722 917
722 1105
723 916
723 1106
724 915
724 1107
725 913
725 914
725 1108
725 1109
726 911
726 912
726 1110
727 910
727 1111
728 908
728 909
728 1112
729 907
729 1113
730 904
730 905
730 906
730 1114
731 903
731 1115
732 901
732 902
732 1116
733 900
733 1117
734 899
734 1118
735 898
735 1119
736 897
736 1120
737 896
737 1121
738 894
738 895
738 1122
739 893
739 1123
740 893
740 1124
741 892
741 1125
742 891
742 1126
743 890
743 1127
744 889
744 1128
745 888
745 1128
746 887
746 1129
747 886
747 1130
748 885
748 1131
749 884
749 1131
750 883
750 1132
751 882
751 1133
752 881
752 1134
753 880
753 1135
754 879
754 1136
755 878
755 1136
756 877
756 1137
757 876
757 1138
758 875
758 1139
759 874
759 1139
760 873
760 1140
761 872
761 1140
762 871
762 1141
763 870
763 1142
764 870
764 1142
765 869
765 1143
766 868
766 1144
767 868
767 1144
768 867
768 1145
769 866
769 1145
770 866
770 1146
771 865
771 1147
772 864
772 1147
773 863
773 1148
774 863
774 1148
775 862
775 1149
776 861
776 1149
777 861
777 1150
778 860
778 1150
779 859
779 1151
780 859
780 1151
781 858
781 1152
782 858
782 1152
783 857
783 1152
784 857
784 1153
785 856
785 1154
786 856
786 1154
787 855
787 1155
788 854
788 1155
789 854
789 1155
790 853
790 1156
791 852
791 1156
792 852
792 1157
793 851
793 1157
794 851
794 1157
795 850
795 1158
796 850
796 1158
797 849
797 1158
798 849
798 1159
799 848
799 1159
800 848
800 1160
801 848
801 1160
802 847
802 1160
803 847
803 1161
804 846
804 1161
805 846
805 1161
806 846
806 1162
807 845
807 1162
808 845
808 1162
809 845
809 1163
810 844
810 1163
811 844
811 1163
812 843
812 1164
813 843
813 1164
814 843
814 1164
815 842
815 1165
816 842
816 1165
817 842
817 1165
818 841
818 1166
819 841
819 1166
820 841
820 1166
821 840
821 1166
822 840
822 1167
823 840
823 1167
824 839
824 1167
825 839
825 1167
826 839
826 1168
827 838
827 1168
828 838
828 1168
829 838
829 1168
830 837
830 1168
831 837
831 1168
832 837
832 1168
833 836
833 1169
834 836
834 1170
835 836
835 1170
836 836
836 1170
837 836
837 1170
838 836
838 1170
839 836
839 1171
840 836
840 1171
841 836
841 1171
842 836
842 1171
843 836
843 1171
844 836
844 1171
845 836
845 1171
846 836
846 1171
847 836
847 1172
848 835
848 1172
849 835
849 1172
850 835
850 1172
851 835
851 1172
852 835
852 1173
853 835
853 1173
854 835
854 1173
855 835
855 1173
856 835
856 1173
857 835
857 1173
858 835
858 1174
859 835
859 1175
860 835
860 1175
861 835
861 1175
862 835
862 1175
863 835
863 1175
864 835
864 1175
865 835
865 1175
866 835
866 1175
867 835
867 1175
868 835
868 1175
869 835
869 1175
870 835
870 1175
871 835
871 1175
872 835
872 1174
873 835
873 1174
874 835
874 1174
875 835
875 1174
876 835
876 1174
877 835
877 1174
878 835
878 1174
879 835
879 1174
880 835
880 1174
881 835
881 1174
882 835
882 1174
883 835
883 1174
884 835
884 1174
885 835
885 1174
886 835
886 1173
887 835
887 1173
888 835
888 1173
889 835
889 1173
890 835
890 1173
891 835
891 1173
892 835
892 1173
893 836
893 1173
894 836
894 1173
895 836
895 1173
896 836
896 1173
897 836
897 1172
898 836
898 1172
899 836
899 1172
900 837
900 1172
901 837
901 1172
902 837
902 1172
903 837
903 1172
904 838
904 1172
905 838
905 1171
906 838
906 1171
907 838
907 1171
908 838
908 1171
909 839
909 1171
910 839
910 1171
911 839
911 1170
912 839
912 1169
913 840
913 1169
914 840
914 1169
915 840
915 1169
916 840
916 1169
917 841
917 1168
918 841
918 1168
919 841
919 1168
920 842
920 1168
921 842
921 1167
922 842
922 1167
923 842
923 1167
924 843
924 1166
925 844
925 1166
926 844
926 1166
927 844
927 1166
928 845
928 1165
929 845
929 1165
930 845
930 1165
931 846
931 1164
932 846
932 1164
933 846
933 1164
934 846
934 1163
935 847
935 1163
936 847
936 1163
937 847
937 1162
938 848
938 1162
939 848
939 1162
940 848
940 1162
941 849
941 1161
942 849
942 1161
943 849
943 1161
944 850
944 1160
945 850
945 1160
946 851
946 1160
947 851
947 1159
948 851
948 1159
949 852
949 1159
950 852
950 1158
951 853
951 1157
952 853
952 1157
953 853
953 1156
954 854
954 1156
955 854
955 1155
956 855
956 1155
957 855
957 1154
958 856
958 1154
959 856
959 1153
960 857
960 1152
961 857
961 1152
962 858
962 1151
963 858
963 1150
964 859
964 1150
965 860
965 1149
966 860
966 1148
967 861
967 1148
968 861
968 1147
969 862
969 1146
970 863
970 1146
971 863
971 1145
972 864
972 1144
973 864
973 1144
974 865
974 1144
975 865
975 1143
976 866
976 1142
977 867
977 1142
978 868
978 1141
979 869
979 1140
980 869
980 1140
981 870
981 1139
982 871
982 1138
983 872
983 1137
984 873
984 1137
985 873
985 1136
986 874
986 1136
987 874
987 1135
988 875
988 1134
989 876
989 1134
990 876
990 1133
991 877
991 1132
992 878
992 1132
993 879
993 1131
994 879
994 1130
995 880
995 1129
996 881
996 1129
997 882
997 1128
998 882
998 1127
999 883
999 1127
1000 884
1000 1126
1001 885
1001 1125
1002 886
1002 1125
1003 887
1003 1124
1004 888
1004 1123
1005 888
1005 1123
1006 889
1006 1122
1007 890
1007 1122
1008 891
1008 892
1008 1121
1009 893
1009 1120
1010 894
1010 1120
1011 895
1011 1119
1012 896
1012 1118
1013 897
1013 1117
1014 898
1014 1117
1015 899
1015 1116
1016 900
1016 1115
1017 901
1017 1114
1018 902
1018 903
1018 1113
1019 904
1019 1111
1019 1112
1020 905
1020 906
1020 1110
1021 907
1021 1109
1022 908
1022 1108
1023 909
1023 910
1023 1107
1024 911
1024 1106
1025 912
1025 913
1025 1105
1026 914
1026 1104
1027 915
1027 1103
1028 916
1028 917
1028 1101
1028 1102
1029 918
1029 1100
1030 919
1030 920
1030 1099
1031 921
1031 922
1031 1098
1032 923
1032 1097
1033 924
1033 925
1033 1096
1034 926
1034 927
1034 928
1034 1095
1035 929
1035 930
1035 1093
1035 1094
1036 931
1036 932
1036 1092
1037 933
1037 934
1037 1091
1038 935
1038 936
1038 1089
1038 1090
1039 937
1039 938
1039 1088
1040 939
1040 1086
1040 1087
1041 940
1041 941
1041 1084
1041 1085
1042 942
1042 943
1042 1082
1042 1083
1043 944
1043 945
1043 946
1043 1080
1043 1081
1044 947
1044 948
1044 1077
1044 1078
1044 1079
1045 949
1045 950
1045 951
1045 954
1045 1075
1045 1076
1046 952
1046 953
1046 955
1046 1073
1046 1074
1047 956
1047 957
1047 958
1047 1071
1047 1072
1048 959
1048 960
1048 961
1048 1068
1048 1069
1048 1070
1049 962
1049 963
1049 964
1049 967
1049 1064
1049 1065
1049 1066
1049 1067
1050 965
1050 966
1050 968
1050 1061
1050 1062
1050 1063
1051 969
1051 970
1051 971
1051 974
1051 1059
1051 1060
1052 972
1052 973
1052 975
1052 1056
1052 1057
1052 1058
1053 976
1053 977
1053 978
1053 981
1053 982
1053 983
1053 1049
1053 1050
1053 1051
1053 1053
1053 1054
1053 1055
1054 979
1054 980
1054 984
1054 987
1054 988
1054 989
1054 1043
1054 1044
1054 1045
1054 1048
1054 1052
1055 985
1055 986
1055 990
1055 1039
1055 1042
1055 1046
1055 1047
1056 991
1056 992
1056 993
1056 995
1056 996
1056 997
1056 998
1056 999
1056 1000
1056 1001
1056 1033
1056 1034
1056 1035
1056 1036
1056 1038
1056 1040
1056 1041
1057 994
1057 1002
1057 1005
1057 1006
1057 1007
1057 1008
1057 1010
1057 1011
1057 1012
1057 1013
1057 1014
1057 1015
1057 1016
1057 1017
1057 1018
1057 1019
1057 1020
1057 1021
1057 1025
1057 1026
1057 1027
1057 1028
1057 1029
1057 1032
1057 1037
1058 1003
1058 1004
1058 1009
1058 1022
1058 1024
1058 1030
1058 1031
1059 1023
