703 871
703 887
704 855
704 860
704 861
704 870
704 872
704 873
704 874
704 875
704 876
704 877
704 878
704 879
704 880
704 881
704 882
704 883
704 884
704 885
704 886
704 888
704 897
704 898
704 903
705 849
705 850
705 854
705 856
705 857
705 858
705 859
705 862
705 863
705 864
705 865
705 866
705 867
705 868
705 869
705 889
705 890
705 891
705 892
705 893
705 894
705 895
705 896
705 899
705 900
705 901
705 902
705 904
705 911
706 844
706 845
706 848
706 851
706 852
706 853
706 905
706 906
706 907
706 908
706 909
706 910
706 912
706 919
707 839
707 843
707 846
707 847
707 913
707 914
707 915
707 916
707 917
707 918
707 920
707 922
707 923
708 836
708 837
708 838
708 840
708 841
708 842
708 921
708 924
708 926
708 927
709 834
709 835
709 925
709 928
709 930
709 931
710 831
710 832
710 833
710 929
710 932
710 934
710 935
711 829
711 830
711 933
711 936
711 937
711 938
712 826
712 827
712 828
712 939
712 940
713 823
713 824
713 825
713 941
713 942
713 943
714 821
714 822
714 944
714 945
715 818
715 819
715 820
715 946
715 947
715 948
716 816
716 817
716 949
716 950
717 814
717 815
717 951
717 952
717 953
718 812
718 813
718 954
718 955
719 810
719 811
719 956
719 957
720 808
720 809
720 958
720 959
721 806
721 807
721 960
721 961
722 804
722 805
722 962
722 963
722 964
723 802
723 803
723 965
724 800
724 801
724 966
725 798
725 799
725 967
725 968
726 796
726 797
726 969
727 794
727 795
727 970
727 971
728 793
728 972
729 792
729 973
729 974
730 790
730 791
730 975
730 976
731 788
731 789
731 977
731 978
732 787
732 979
732 980
733 785
733 786
733 981
734 783
734 784
734 982
735 782
735 983
735 984
736 780
736 781
736 985
737 778
737 779
737 986
738 777
738 987
738 988
739 775
739 776
739 989
740 774
740 990
741 772
741 773
741 991
742 771
742 992
742 993
743 770
743 994
744 768
744 769
744 995
745 767
745 996
745 997
746 766
746 998
747 764
747 765
747 999
748 763
748 1000
748 1001
749 762
749 1002
750 761
750 1003
751 760
751 1004
752 759
752 1005
753 757
753 758
753 1006
754 756
754 1007
755 755
755 1008
756 754
756 1009
757 754
757 1010
758 753
758 1011
759 752
759 1012
760 751
760 1013
761 751
761 1014
762 750
762 1014
763 749
763 1015
764 748
764 1016
765 748
765 1017
766 747
766 1018
767 746
767 1018
768 745
768 1019
769 744
769 1020
770 744
770 1021
771 743
771 1021
772 742
772 1022
773 742
773 1023
774 741
774 1023
775 740
775 1024
776 740
776 1025
777 739
777 1026
778 738
778 1027
779 738
779 1027
780 737
780 1028
781 736
781 1029
782 735
782 1030
783 734
783 1030
784 734
784 1031
785 733
785 1032
786 732
786 1033
787 732
787 1034
788 731
788 1035
789 730
789 1036
790 730
790 1036
791 729
791 1037
792 729
792 1038
793 728
793 1039
794 727
794 1039
795 727
795 1040
796 727
796 1041
797 727
797 1041
798 726
798 1042
799 726
799 1043
800 725
800 1044
801 725
801 1045
802 724
802 1045
803 724
803 1046
804 723
804 1047
805 723
805 1047
806 723
806 1048
807 722
807 1049
808 722
808 1049
809 721
809 1050
810 720
810 1050
811 720
811 1051
812 719
812 1051
813 719
813 1052
814 719
814 1052
815 718
815 1053
816 718
816 1053
817 718
817 1054
818 717
818 1054
819 717
819 1055
820 716
820 1055
821 716
821 1056
822 716
822 1056
823 715
823 1056
824 715
824 1057
825 714
825 1057
826 714
826 1058
827 713
827 1058
828 713
828 1059
829 712
829 1059
830 712
830 1060
831 712
831 1060
832 711
832 1060
833 711
833 1061
834 711
834 1061
835 710
835 1062
836 710
836 1062
837 709
837 1062
838 709
838 1063
839 709
839 1063
840 708
840 1063
841 708
841 1063
842 708
842 1064
843 708
843 1064
844 707
844 1064
845 707
845 1064
846 707
846 1064
847 707
847 1065
848 706
848 1065
849 706
849 1065
850 706
850 1065
851 706
851 1065
852 706
852 1066
853 706
853 1066
854 706
854 1066
855 705
855 1066
856 705
856 1066
857 705
857 1066
858 705
858 1067
859 705
859 1067
860 705
860 1067
861 704
861 1067
862 704
862 1067
863 704
863 1067
864 704
864 1067
865 704
865 1067
866 704
866 1068
867 704
867 1068
868 704
868 1068
869 703
869 1068
870 703
870 1068
871 703
871 1068
872 703
872 1068
873 703
873 1068
874 703
874 1068
875 703
875 1068
876 703
876 1068
877 703
877 1068
878 703
878 1068
879 703
879 1069
880 703
880 1070
881 702
881 1070
882 702
882 1070
883 702
883 1070
884 701
884 1070
885 701
885 1070
886 701
886 1070
887 701
887 1071
888 701
888 1071
889 701
889 1071
890 701
890 1071
891 701
891 1071
892 701
892 1071
893 701
893 1071
894 701
894 1072
895 701
895 1072
896 701
896 1072
897 701
897 1072
898 701
898 1072
899 701
899 1073
900 701
900 1073
901 701
901 1073
902 701
902 1073
903 701
903 1073
904 701
904 1073
905 701
905 1073
906 701
906 1073
907 701
907 1074
908 701
908 1074
909 701
909 1074
910 701
910 1074
911 700
911 1074
912 700
912 1074
913 700
913 1074
914 700
914 1074
915 700
915 1074
916 700
916 1074
917 700
917 1074
918 700
918 1074
919 700
919 1074
920 700
920 1074
921 700
921 1074
922 700
922 1074
923 700
923 1073
924 700
924 1073
925 700
925 1073
926 700
926 1073
927 700
927 1073
928 700
928 1073
929 700
929 1073
930 700
930 1073
931 700
931 1073
932 700
932 1073
933 700
933 1073
934 700
934 1073
935 700
935 1073
936 700
936 1073
937 700
937 1073
938 700
938 1073
939 700
939 1072
940 700
940 1072
941 700
941 1072
942 700
942 1072
943 700
943 1072
944 700
944 1072
945 700
945 1072
946 700
946 1072
947 700
947 1072
948 700
948 1071
949 700
949 1071
950 701
950 1071
951 701
951 1071
952 701
952 1071
953 702
953 1071
954 702
954 1070
955 702
955 1069
956 702
956 1069
957 702
957 1069
958 702
958 1069
959 703
959 1068
960 703
960 1068
961 703
961 1068
962 703
962 1068
963 703
963 1067
964 703
964 1067
965 704
965 1067
966 704
966 1067
967 704
967 1066
968 704
968 1066
969 704
969 1066
970 704
970 1066
971 704
971 1065
972 705
972 1065
973 705
973 1065
974 705
974 1065
975 705
975 1064
976 706
976 1064
977 706
977 1064
978 706
978 1063
979 706
979 1063
980 707
980 1063
981 707
981 1062
982 707
982 1062
983 707
983 1061
984 708
984 1060
985 708
985 1060
986 708
986 1060
987 709
987 1059
988 709
988 1059
989 709
989 1058
990 710
990 1058
991 710
991 1058
992 710
992 1057
993 711
993 1057
994 711
994 1057
995 711
995 1056
996 712
996 1056
997 712
997 1055
998 713
998 1055
999 713
999 1055
1000 714
1000 1055
1001 714
1001 1055
1002 715
1002 1054
1003 716
1003 1054
1004 716
1004 1053
1005 717
1005 1053
1006 717
1006 1052
1007 718
1007 1052
1008 719
1008 1052
1009 719
1009 1051
1010 720
1010 1051
1011 721
1011 1050
1012 722
1012 1049
1013 722
1013 1048
1014 723
1014 1048
1015 724
1015 1047
1016 724
1016 1047
1017 725
1017 1046
1018 725
1018 1045
1019 726
1019 1045
1020 727
1020 1044
1021 727
1021 1044
1022 728
1022 1043
1023 729
1023 1043
1024 729
1024 1042
1025 730
1025 1042
1026 730
1026 1042
1027 731
1027 1041
1028 731
1028 1041
1029 732
1029 1040
1030 733
1030 1039
1031 733
1031 1039
1032 734
1032 1038
1033 734
1033 1038
1034 735
1034 1037
1035 735
1035 1037
1036 736
1036 1036
1037 737
1037 1035
1038 737
1038 1034
1039 738
1039 1033
1040 739
1040 1033
1041 740
1041 1032
1042 741
1042 1032
1043 742
1043 1031
1044 742
1044 1030
1045 743
1045 1030
1046 744
1046 1029
1047 745
1047 1029
1048 746
1048 1028
1049 747
1049 1027
1050 747
1050 1027
1051 748
1051 1026
1052 749
1052 1025
1053 750
1053 1025
1054 751
1054 1024
1055 752
1055 1023
1056 753
1056 1023
1057 754
1057 1022
1058 755
1058 1021
1059 755
1059 1021
1060 756
1060 1020
1061 757
1061 1019
1062 758
1062 1019
1063 759
1063 1018
1064 760
1064 1018
1065 761
1065 1017
1066 762
1066 1016
1067 763
1067 1016
1068 764
1068 765
1068 1015
1069 766
1069 1014
1070 767
1070 1013
1071 768
1071 1012
1072 769
1072 770
1072 1012
1073 771
1073 1011
1074 772
1074 773
1074 1010
1075 774
1075 1009
1076 775
1076 776
1076 1006
1076 1007
1076 1008
1077 777
1077 1005
1078 778
1078 1003
1078 1004
1079 779
1079 780
1079 1002
1080 781
1080 1000
1080 1001
1081 782
1081 783
1081 998
1081 999
1082 784
1082 785
1082 997
1083 786
1083 995
1083 996
1084 787
1084 788
1084 994
1085 789
1085 993
1086 790
1086 791
1086 992
1087 792
1087 793
1087 990
1087 991
1088 794
1088 989
1089 795
1089 796
1089 987
1089 988
1090 797
1090 986
1091 798
1091 799
1091 984
1091 985
1092 800
1092 801
1092 983
1093 802
1093 803
1093 981
1093 982
1094 804
1094 980
1095 805
1095 806
1095 978
1095 979
1096 807
1096 808
1096 976
1096 977
1097 809
1097 810
1097 974
1097 975
1098 811
1098 812
1098 972
1098 973
1099 813
1099 814
1099 970
1099 971
1100 815
1100 816
1100 968
1100 969
1101 817
1101 818
1101 964
1101 965
1101 966
1101 967
1102 819
1102 820
1102 961
1102 962
1102 963
1103 821
1103 822
1103 959
1103 960
1104 823
1104 956
1104 957
1104 958
1105 824
1105 825
1105 953
1105 954
1105 955
1106 826
1106 827
1106 951
1106 952
1107 828
1107 829
1107 946
1107 949
1107 950
1108 830
1108 831
1108 832
1108 945
1108 947
1108 948
1109 833
1109 834
1109 942
1109 943
1109 944
1110 835
1110 836
1110 840
1110 841
1110 842
1110 936
1110 939
1110 940
1110 941
1111 837
1111 838
1111 839
1111 843
1111 846
1111 847
1111 848
1111 933
1111 935
1111 937
1111 938
1112 844
1112 845
1112 849
1112 852
1112 853
1112 929
1112 932
1112 934
1113 850
1113 851
1113 854
1113 856
1113 857
1113 858
1113 859
1113 925
1113 928
1113 930
1113 931
1114 855
1114 860
1114 863
1114 864
1114 865
1114 911
1114 912
1114 913
1114 914
1114 915
1114 916
1114 917
1114 918
1114 920
1114 921
1114 924
1114 926
1114 927
1115 861
1115 862
1115 866
1115 869
1115 905
1115 906
1115 907
1115 910
1115 919
1115 922
1115 923
1116 867
1116 868
1116 870
1116 872
1116 873
1116 874
1116 875
1116 876
1116 877
1116 878
1116 879
1116 880
1116 881
1116 882
1116 883
1116 884
1116 885
1116 886
1116 887
1116 888
1116 889
1116 890
1116 891
1116 892
1116 893
1116 894
1116 895
1116 896
1116 897
1116 898
1116 899
1116 900
1116 901
1116 902
1116 904
1116 908
1116 909
1117 871
1117 903
