748 888
749 875
749 876
749 887
749 889
749 901
750 865
750 866
750 874
750 877
750 878
750 879
750 880
750 881
750 882
750 883
750 884
750 885
750 886
750 890
750 891
750 892
750 893
750 894
750 895
750 896
750 897
750 898
750 899
750 900
750 902
750 907
750 908
751 863
751 864
751 867
751 868
751 869
751 870
751 871
751 872
751 873
751 903
751 904
751 905
751 906
751 909
751 913
752 857
752 858
752 862
752 910
752 911
752 912
752 914
752 917
752 918
753 850
753 852
753 853
753 856
753 859
753 860
753 861
753 915
753 916
753 919
753 922
753 923
754 847
754 848
754 849
754 851
754 854
754 855
754 920
754 921
754 924
754 926
755 844
755 845
755 846
755 925
755 927
755 929
755 930
756 841
756 842
756 843
756 928
756 931
756 932
756 933
757 838
757 840
757 934
757 935
757 936
757 937
758 836
758 837
758 839
758 938
758 939
759 833
759 834
759 835
759 940
759 941
760 831
760 832
760 942
760 943
761 829
761 830
761 944
761 945
762 827
762 828
762 946
763 825
763 826
763 947
763 948
764 822
764 823
764 824
764 949
765 820
765 821
765 950
765 951
766 818
766 819
766 952
766 953
767 815
767 816
767 817
767 954
768 814
768 955
768 956
769 812
769 813
769 957
769 958
770 810
770 811
770 959
771 809
771 960
771 961
772 807
772 808
772 962
773 806
773 963
773 964
774 805
774 965
775 803
775 804
775 966
775 967
776 802
776 968
777 800
777 801
777 969
778 799
778 970
778 971
779 797
779 798
779 972
780 796
780 973
781 794
781 795
781 974
781 975
782 793
782 976
783 791
783 792
783 977
784 790
784 978
784 979
785 789
785 980
786 788
786 981
787 787
787 982
788 786
788 983
789 784
789 785
789 984
790 783
790 985
791 782
791 986
792 781
792 987
793 780
793 988
794 779
794 988
795 778
795 989
796 777
796 990
797 776
797 991
798 775
798 992
799 774
799 993
800 773
800 993
801 772
801 994
802 771
802 995
803 770
803 996
804 769
804 997
805 768
805 998
806 767
806 998
807 766
807 999
808 765
808 1000
809 764
809 1000
810 764
810 1001
811 763
811 1002
812 762
812 1002
813 761
813 1002
814 761
814 1003
815 760
815 1004
816 759
816 1004
817 758
817 1005
818 758
818 1006
819 757
819 1006
820 757
820 1007
821 756
821 1008
822 756
822 1008
823 755
823 1008
824 755
824 1009
825 754
825 1010
826 754
826 1010
827 753
827 1011
828 753
828 1012
829 752
829 1012
830 752
830 1013
831 751
831 1014
832 751
832 1014
833 751
833 1014
834 750
834 1015
835 750
835 1015
836 749
836 1016
837 749
837 1016
838 748
838 1017
839 748
839 1017
840 748
840 1018
841 748
841 1018
842 748
842 1019
843 747
843 1020
844 747
844 1021
845 746
845 1021
846 746
846 1022
847 746
847 1022
848 745
848 1022
849 745
849 1023
850 744
850 1023
851 744
851 1024
852 744
852 1024
853 744
853 1024
854 743
854 1025
855 743
855 1025
856 743
856 1026
857 743
857 1026
858 743
858 1026
859 742
859 1027
860 742
860 1027
861 742
861 1027
862 742
862 1028
863 741
863 1028
864 741
864 1028
865 741
865 1029
866 741
866 1029
867 740
867 1029
868 740
868 1030
869 740
869 1030
870 740
870 1030
871 740
871 1031
872 739
872 1031
873 739
873 1031
874 739
874 1031
875 739
875 1031
876 739
876 1032
877 738
877 1032
878 738
878 1032
879 738
879 1033
880 738
880 1033
881 737
881 1033
882 737
882 1034
883 737
883 1034
884 737
884 1034
885 737
885 1034
886 737
886 1035
887 736
887 1035
888 736
888 1035
889 736
889 1035
890 736
890 1035
891 736
891 1035
892 736
892 1035
893 736
893 1035
894 736
894 1035
895 736
895 1035
896 736
896 1035
897 736
897 1036
898 736
898 1036
899 736
899 1036
900 736
900 1036
901 736
901 1036
902 736
902 1036
903 736
903 1036
904 736
904 1036
905 736
905 1036
906 736
906 1036
907 736
907 1036
908 736
908 1036
909 736
909 1037
910 736
910 1037
911 736
911 1037
912 736
912 1037
913 736
913 1037
914 736
914 1037
915 736
915 1037
916 736
916 1037
917 736
917 1037
918 736
918 1037
919 736
919 1037
920 736
920 1037
921 736
921 1037
922 736
922 1037
923 736
923 1037
924 736
924 1037
925 736
925 1037
926 736
926 1037
927 736
927 1037
928 736
928 1037
929 736
929 1037
930 736
930 1037
931 736
931 1037
932 736
932 1037
933 736
933 1036
934 737
934 1036
935 737
935 1036
936 737
936 1036
937 737
937 1036
938 737
938 1036
939 737
939 1035
940 737
940 1035
941 738
941 1035
942 738
942 1035
943 738
943 1035
944 738
944 1035
945 739
945 1034
946 739
946 1033
947 739
947 1033
948 739
948 1033
949 739
949 1033
950 740
950 1033
951 740
951 1033
952 740
952 1033
953 740
953 1033
954 740
954 1033
955 741
955 1033
956 741
956 1033
957 742
957 1032
958 742
958 1032
959 742
959 1032
960 742
960 1032
961 742
961 1032
962 743
962 1032
963 743
963 1031
964 743
964 1031
965 743
965 1031
966 744
966 1031
967 744
967 1031
968 744
968 1030
969 744
969 1029
970 744
970 1029
971 745
971 1029
972 745
972 1029
973 745
973 1028
974 746
974 1028
975 746
975 1028
976 746
976 1028
977 747
977 1027
978 747
978 1027
979 747
979 1027
980 748
980 1026
981 748
981 1026
982 748
982 1026
983 749
983 1025
984 749
984 1025
985 750
985 1025
986 750
986 1024
987 751
987 1024
988 751
988 1024
989 752
989 1023
990 752
990 1023
991 753
991 1023
992 754
992 1022
993 755
993 1021
994 755
994 1021
995 756
995 1020
996 756
996 1020
997 757
997 1019
998 757
998 1019
999 758
999 1018
1000 758
1000 1018
1001 759
1001 1017
1002 759
1002 1017
1003 760
1003 1016
1004 761
1004 1015
1005 762
1005 1015
1006 763
1006 1014
1007 763
1007 1014
1008 764
1008 1013
1009 765
1009 1012
1010 766
1010 1012
1011 766
1011 1011
1012 767
1012 1011
1013 767
1013 1010
1014 768
1014 1009
1015 769
1015 1009
1016 770
1016 1009
1017 771
1017 1008
1018 772
1018 1007
1019 773
1019 1006
1020 774
1020 1005
1021 775
1021 1004
1022 776
1022 1004
1023 777
1023 1003
1024 778
1024 1001
1024 1002
1025 779
1025 1000
1026 780
1026 999
1027 781
1027 998
1028 782
1028 997
1029 783
1029 996
1030 784
1030 995
1031 785
1031 994
1032 786
1032 993
1033 787
1033 992
1034 788
1034 991
1035 789
1035 990
1036 790
1036 989
1037 791
1037 988
1038 792
1038 987
1039 793
1039 794
1039 795
1039 986
1040 796
1040 985
1041 797
1041 984
1042 798
1042 983
1043 799
1043 982
1044 800
1044 981
1045 801
1045 802
1045 980
1046 803
1046 978
1046 979
1047 803
1047 977
1048 804
1048 976
1049 805
1049 975
1050 806
1050 807
1050 972
1050 973
1050 974
1051 808
1051 971
1052 809
1052 810
1052 969
1052 970
1053 811
1053 968
1054 812
1054 813
1054 966
1054 967
1055 814
1055 815
1055 816
1055 964
1055 965
1056 817
1056 818
1056 963
1057 819
1057 820
1057 962
1058 821
1058 822
1058 959
1058 960
1058 961
1059 823
1059 824
1059 957
1059 958
1060 825
1060 826
1060 827
1060 955
1060 956
1061 828
1061 829
1061 830
1061 950
1061 953
1061 954
1062 831
1062 832
1062 833
1062 949
1062 951
1062 952
1063 834
1063 835
1063 946
1063 947
1063 948
1064 836
1064 837
1064 944
1064 945
1065 838
1065 839
1065 941
1065 942
1065 943
1066 840
1066 841
1066 842
1066 937
1066 939
1066 940
1067 843
1067 844
1067 845
1067 933
1067 936
1067 938
1068 846
1068 847
1068 848
1068 851
1068 852
1068 929
1068 932
1068 934
1068 935
1069 849
1069 850
1069 853
1069 856
1069 857
1069 923
1069 924
1069 925
1069 928
1069 930
1069 931
1070 854
1070 855
1070 858
1070 916
1070 917
1070 918
1070 919
1070 922
1070 926
1070 927
1071 859
1071 860
1071 861
1071 863
1071 864
1071 865
1071 866
1071 867
1071 868
1071 903
1071 904
1071 905
1071 906
1071 907
1071 908
1071 909
1071 910
1071 911
1071 912
1071 913
1071 915
1071 920
1071 921
1072 862
1072 869
1072 872
1072 873
1072 874
1072 876
1072 877
1072 878
1072 879
1072 880
1072 881
1072 882
1072 883
1072 884
1072 885
1072 889
1072 890
1072 891
1072 892
1072 893
1072 894
1072 895
1072 896
1072 897
1072 898
1072 899
1072 900
1072 902
1072 914
1073 870
1073 871
1073 875
1073 886
1073 888
1073 901
1074 887
