874 1134
874 1144
875 1125
875 1133
875 1135
875 1136
875 1137
875 1138
875 1139
875 1140
875 1141
875 1142
875 1143
875 1145
875 1153
875 1154
876 1115
876 1119
876 1120
876 1124
876 1126
876 1127
876 1128
876 1129
876 1130
876 1131
876 1132
876 1146
876 1147
876 1148
876 1149
876 1150
876 1151
876 1152
876 1155
876 1161
876 1162
876 1163
877 1111
877 1112
877 1114
877 1116
877 1117
877 1118
877 1121
877 1122
877 1123
877 1156
877 1157
877 1158
877 1159
877 1160
877 1164
877 1166
878 1107
878 1110
878 1113
878 1165
878 1167
878 1169
879 1104
879 1105
879 1106
879 1108
879 1109
879 1168
879 1170
879 1172
880 1101
880 1102
880 1103
880 1171
880 1173
880 1174
880 1175
881 1098
881 1099
881 1100
881 1176
881 1177
881 1178
882 1095
882 1096
882 1097
882 1179
882 1180
883 1092
883 1093
883 1094
883 1181
883 1182
883 1183
884 1089
884 1091
884 1184
884 1185
885 1087
885 1088
885 1090
885 1186
885 1187
885 1188
886 1085
886 1086
886 1189
887 1083
887 1084
887 1190
887 1191
888 1081
888 1082
888 1192
888 1193
889 1080
889 1194
890 1079
890 1195
890 1196
891 1077
891 1078
891 1197
892 1075
892 1076
892 1198
893 1073
893 1074
893 1199
894 1072
894 1200
895 1070
895 1071
895 1201
896 1069
896 1202
897 1067
897 1068
897 1203
898 1066
898 1204
899 1064
899 1065
899 1205
900 1063
900 1206
901 1062
901 1207
902 1061
902 1208
903 1059
903 1060
903 1209
904 1058
904 1210
905 1057
905 1211
906 1056
906 1212
907 1055
907 1213
908 1054
908 1214
909 1053
909 1215
910 1052
910 1216
911 1051
911 1217
912 1050
912 1217
913 1049
913 1218
914 1048
914 1219
915 1047
915 1220
916 1046
916 1221
917 1045
917 1222
918 1044
918 1223
919 1044
919 1224
920 1043
920 1225
921 1042
921 1226
922 1041
922 1226
923 1040
923 1227
924 1039
924 1227
925 1038
925 1228
926 1038
926 1228
927 1037
927 1228
928 1037
928 1229
929 1036
929 1229
930 1035
930 1230
931 1035
931 1230
932 1034
932 1230
933 1033
933 1231
934 1033
934 1231
935 1032
935 1231
936 1032
936 1232
937 1031
937 1232
938 1030
938 1233
939 1030
939 1233
940 1029
940 1234
941 1029
941 1234
942 1029
942 1234
943 1028
943 1234
944 1027
944 1235
945 1027
945 1235
946 1026
946 1235
947 1026
947 1236
948 1025
948 1236
949 1025
949 1236
950 1024
950 1236
951 1024
951 1237
952 1023
952 1238
953 1023
953 1238
954 1022
954 1238
955 1022
955 1238
956 1021
956 1238
957 1021
957 1238
958 1020
958 1238
959 1020
959 1238
960 1020
960 1238
961 1020
961 1239
962 1019
962 1239
963 1019
963 1239
964 1019
964 1239
965 1019
965 1239
966 1019
966 1239
967 1019
967 1239
968 1019
968 1239
969 1019
969 1239
970 1019
970 1239
971 1018
971 1239
972 1018
972 1239
973 1018
973 1239
974 1018
974 1239
975 1018
975 1239
976 1018
976 1240
977 1017
977 1240
978 1017
978 1240
979 1017
979 1240
980 1017
980 1240
981 1017
981 1240
982 1017
982 1240
983 1017
983 1240
984 1017
984 1240
985 1017
985 1240
986 1017
986 1240
987 1017
987 1240
988 1017
988 1240
989 1017
989 1240
990 1017
990 1240
991 1017
991 1240
992 1017
992 1240
993 1017
993 1240
994 1017
994 1240
995 1017
995 1240
996 1017
996 1240
997 1017
997 1240
998 1017
998 1240
999 1017
999 1240
1000 1017
1000 1240
1001 1017
1001 1240
1002 1017
1002 1239
1003 1017
1003 1239
1004 1017
1004 1239
1005 1017
1005 1239
1006 1017
1006 1239
1007 1017
1007 1239
1008 1017
1008 1239
1009 1018
1009 1239
1010 1018
1010 1238
1011 1018
1011 1238
1012 1018
1012 1238
1013 1018
1013 1238
1014 1018
1014 1238
1015 1018
1015 1238
1016 1018
1016 1238
1017 1018
1017 1238
1018 1018
1018 1238
1019 1018
1019 1237
1020 1018
1020 1236
1021 1019
1021 1236
1022 1019
1022 1236
1023 1019
1023 1236
1024 1019
1024 1236
1025 1019
1025 1236
1026 1019
1026 1235
1027 1019
1027 1235
1028 1019
1028 1235
1029 1020
1029 1235
1030 1020
1030 1235
1031 1020
1031 1234
1032 1020
1032 1234
1033 1020
1033 1234
1034 1021
1034 1233
1035 1021
1035 1233
1036 1022
1036 1233
1037 1022
1037 1233
1038 1023
1038 1232
1039 1023
1039 1232
1040 1023
1040 1232
1041 1024
1041 1231
1042 1024
1042 1230
1043 1025
1043 1230
1044 1025
1044 1230
1045 1026
1045 1229
1046 1026
1046 1229
1047 1027
1047 1229
1048 1027
1048 1228
1049 1028
1049 1228
1050 1028
1050 1227
1051 1029
1051 1227
1052 1029
1052 1227
1053 1030
1053 1227
1054 1030
1054 1226
1055 1031
1055 1226
1056 1032
1056 1225
1057 1032
1057 1225
1058 1033
1058 1225
1059 1033
1059 1224
1060 1034
1060 1223
1061 1035
1061 1222
1062 1035
1062 1222
1063 1036
1063 1221
1064 1037
1064 1220
1065 1037
1065 1220
1066 1038
1066 1219
1067 1039
1067 1219
1068 1040
1068 1218
1069 1040
1069 1217
1070 1041
1070 1216
1071 1042
1071 1216
1072 1043
1072 1215
1073 1043
1073 1213
1073 1214
1074 1044
1074 1212
1075 1045
1075 1211
1076 1046
1076 1211
1077 1047
1077 1210
1078 1048
1078 1209
1079 1049
1079 1208
1080 1049
1080 1208
1081 1050
1081 1208
1082 1051
1082 1207
1083 1052
1083 1206
1084 1053
1084 1205
1085 1054
1085 1204
1086 1055
1086 1056
1086 1204
1087 1057
1087 1202
1087 1203
1088 1058
1088 1201
1089 1059
1089 1060
1089 1200
1090 1061
1090 1199
1091 1062
1091 1198
1092 1063
1092 1064
1092 1197
1093 1065
1093 1066
1093 1196
1094 1067
1094 1195
1095 1068
1095 1069
1095 1193
1095 1194
1096 1070
1096 1071
1096 1191
1096 1192
1097 1072
1097 1189
1097 1190
1098 1073
1098 1074
1098 1186
1098 1187
1098 1188
1099 1075
1099 1076
1099 1184
1099 1185
1100 1077
1100 1078
1100 1182
1100 1183
1101 1079
1101 1180
1101 1181
1102 1080
1102 1081
1102 1179
1103 1082
1103 1083
1103 1177
1103 1178
1104 1084
1104 1085
1104 1175
1104 1176
1105 1086
1105 1087
1105 1088
1105 1090
1105 1173
1105 1174
1106 1089
1106 1091
1106 1093
1106 1171
1106 1172
1107 1092
1107 1094
1107 1096
1107 1170
1108 1095
1108 1097
1108 1099
1108 1100
1108 1168
1108 1169
1109 1098
1109 1101
1109 1104
1109 1105
1109 1166
1109 1167
1110 1102
1110 1103
1110 1106
1110 1108
1110 1109
1110 1160
1110 1161
1110 1163
1110 1164
1110 1165
1111 1107
1111 1110
1111 1112
1111 1113
1111 1155
1111 1156
1111 1159
1111 1162
1112 1111
1112 1114
1112 1117
1112 1118
1112 1119
1112 1120
1112 1121
1112 1146
1112 1147
1112 1148
1112 1149
1112 1150
1112 1151
1112 1152
1112 1154
1112 1157
1112 1158
1113 1115
1113 1116
1113 1122
1113 1125
1113 1126
1113 1127
1113 1128
1113 1129
1113 1130
1113 1131
1113 1132
1113 1133
1113 1134
1113 1135
1113 1136
1113 1137
1113 1138
1113 1139
1113 1140
1113 1141
1113 1142
1113 1143
1113 1145
1113 1153
1114 1123
1114 1124
1114 1144
