818 1134
818 1147
819 1119
819 1120
819 1133
819 1135
819 1136
819 1137
819 1138
819 1139
819 1140
819 1141
819 1142
819 1143
819 1144
819 1145
819 1146
819 1148
819 1158
819 1161
820 1112
820 1113
820 1118
820 1121
820 1122
820 1123
820 1124
820 1125
820 1126
820 1127
820 1128
820 1129
820 1130
820 1131
820 1132
820 1149
820 1150
820 1151
820 1152
820 1153
820 1154
820 1155
820 1156
820 1157
820 1159
820 1160
820 1162
820 1174
820 1175
821 1106
821 1111
821 1114
821 1115
821 1116
821 1117
821 1163
821 1164
821 1165
821 1166
821 1167
821 1168
821 1169
821 1170
821 1171
821 1172
821 1173
821 1176
821 1181
821 1182
822 1101
822 1102
822 1105
822 1107
822 1108
822 1109
822 1110
822 1177
822 1178
822 1179
822 1180
822 1183
822 1187
822 1188
822 1189
823 1097
823 1098
823 1100
823 1103
823 1104
823 1184
823 1185
823 1186
823 1190
823 1194
823 1195
824 1093
824 1096
824 1099
824 1191
824 1192
824 1193
824 1196
824 1200
824 1201
825 1090
825 1091
825 1092
825 1094
825 1095
825 1197
825 1198
825 1199
825 1202
825 1203
826 1087
826 1088
826 1089
826 1204
826 1205
826 1206
827 1083
827 1084
827 1086
827 1207
827 1208
828 1079
828 1080
828 1081
828 1082
828 1085
828 1209
828 1210
828 1211
829 1077
829 1078
829 1212
829 1213
830 1074
830 1075
830 1076
830 1214
830 1215
830 1216
831 1071
831 1072
831 1073
831 1217
831 1218
832 1069
832 1070
832 1219
832 1220
833 1067
833 1068
833 1221
834 1065
834 1066
834 1222
834 1223
835 1062
835 1063
835 1064
835 1224
835 1225
836 1060
836 1061
836 1226
837 1058
837 1059
837 1227
837 1228
838 1056
838 1057
838 1229
839 1054
839 1055
839 1230
840 1052
840 1053
840 1231
840 1232
841 1051
841 1233
842 1049
842 1050
842 1234
842 1235
843 1048
843 1236
844 1046
844 1047
844 1237
844 1238
845 1044
845 1045
845 1239
846 1043
846 1240
847 1041
847 1042
847 1241
847 1242
848 1040
848 1243
849 1038
849 1039
849 1244
850 1037
850 1245
850 1246
851 1035
851 1036
851 1247
852 1034
852 1248
853 1032
853 1033
853 1249
853 1250
854 1031
854 1251
854 1252
855 1030
855 1253
855 1254
856 1029
856 1255
857 1028
857 1256
858 1026
858 1027
858 1257
859 1025
859 1258
860 1024
860 1259
861 1023
861 1260
862 1022
862 1261
863 1021
863 1262
864 1020
864 1263
865 1019
865 1263
866 1018
866 1264
867 1017
867 1265
868 1016
868 1266
869 1015
869 1267
870 1014
870 1268
871 1013
871 1269
872 1013
872 1270
873 1012
873 1271
874 1011
874 1272
875 1010
875 1273
876 1009
876 1274
877 1008
877 1275
878 1007
878 1276
879 1006
879 1276
880 1005
880 1277
881 1004
881 1278
882 1003
882 1279
883 1002
883 1279
884 1002
884 1280
885 1001
885 1281
886 1000
886 1281
887 1000
887 1281
888 999
888 1282
889 998
889 1283
890 998
890 1283
891 997
891 1284
892 996
892 1284
893 996
893 1285
894 995
894 1285
895 994
895 1286
896 993
896 1286
897 993
897 1287
898 992
898 1287
899 992
899 1287
900 991
900 1288
901 991
901 1288
902 990
902 1289
903 989
903 1289
904 989
904 1290
905 988
905 1290
906 988
906 1291
907 987
907 1291
908 987
908 1292
909 986
909 1292
910 986
910 1293
911 985
911 1293
912 985
912 1294
913 984
913 1295
914 984
914 1295
915 983
915 1295
916 982
916 1296
917 982
917 1296
918 982
918 1296
919 981
919 1296
920 981
920 1297
921 980
921 1297
922 980
922 1297
923 980
923 1297
924 979
924 1297
925 979
925 1297
926 979
926 1298
927 978
927 1298
928 978
928 1298
929 978
929 1298
930 977
930 1298
931 977
931 1298
932 977
932 1298
933 976
933 1299
934 976
934 1299
935 976
935 1299
936 975
936 1299
937 975
937 1299
938 975
938 1299
939 974
939 1299
940 974
940 1300
941 974
941 1300
942 973
942 1300
943 973
943 1300
944 973
944 1300
945 973
945 1300
946 972
946 1300
947 972
947 1300
948 972
948 1300
949 971
949 1300
950 971
950 1300
951 971
951 1300
952 971
952 1300
953 970
953 1300
954 970
954 1300
955 969
955 1300
956 969
956 1300
957 969
957 1300
958 969
958 1300
959 969
959 1300
960 969
960 1300
961 969
961 1300
962 969
962 1300
963 969
963 1300
964 969
964 1300
965 968
965 1300
966 968
966 1300
967 968
967 1301
968 968
968 1301
969 968
969 1301
970 968
970 1301
971 968
971 1301
972 968
972 1301
973 967
973 1301
974 967
974 1301
975 967
975 1301
976 967
976 1301
977 967
977 1301
978 967
978 1301
979 967
979 1301
980 967
980 1301
981 967
981 1301
982 967
982 1301
983 967
983 1301
984 967
984 1301
985 967
985 1301
986 967
986 1301
987 967
987 1301
988 967
988 1301
989 967
989 1301
990 967
990 1301
991 967
991 1301
992 967
992 1301
993 967
993 1301
994 968
994 1301
995 968
995 1300
996 968
996 1300
997 968
997 1300
998 968
998 1300
999 968
999 1300
1000 968
1000 1300
1001 968
1001 1300
1002 968
1002 1300
1003 968
1003 1300
1004 968
1004 1300
1005 968
1005 1300
1006 968
1006 1300
1007 968
1007 1299
1008 968
1008 1299
1009 968
1009 1299
1010 968
1010 1299
1011 968
1011 1299
1012 968
1012 1299
1013 968
1013 1299
1014 968
1014 1299
1015 968
1015 1299
1016 968
1016 1299
1017 968
1017 1299
1018 968
1018 1299
1019 968
1019 1299
1020 969
1020 1298
1021 969
1021 1298
1022 969
1022 1298
1023 969
1023 1298
1024 969
1024 1298
1025 969
1025 1298
1026 969
1026 1298
1027 969
1027 1297
1028 969
1028 1297
1029 970
1029 1297
1030 970
1030 1297
1031 970
1031 1297
1032 970
1032 1297
1033 970
1033 1296
1034 970
1034 1296
1035 971
1035 1296
1036 971
1036 1296
1037 971
1037 1296
1038 972
1038 1296
1039 972
1039 1295
1040 972
1040 1295
1041 972
1041 1295
1042 973
1042 1295
1043 973
1043 1294
1044 973
1044 1294
1045 974
1045 1294
1046 974
1046 1293
1047 974
1047 1292
1048 975
1048 1292
1049 975
1049 1292
1050 975
1050 1291
1051 976
1051 1291
1052 976
1052 1290
1053 976
1053 1290
1054 976
1054 1290
1055 977
1055 1289
1056 977
1056 1289
1057 977
1057 1289
1058 977
1058 1288
1059 977
1059 1288
1060 978
1060 1288
1061 978
1061 1288
1062 978
1062 1287
1063 979
1063 1287
1064 979
1064 1287
1065 979
1065 1286
1066 980
1066 1286
1067 980
1067 1285
1068 980
1068 1285
1069 981
1069 1284
1070 981
1070 1284
1071 982
1071 1283
1072 982
1072 1283
1073 983
1073 1282
1074 983
1074 1282
1075 984
1075 1281
1076 985
1076 1280
1077 985
1077 1280
1078 986
1078 1279
1079 986
1079 1278
1080 987
1080 1278
1081 988
1081 1277
1082 988
1082 1276
1083 989
1083 1275
1084 989
1084 1275
1085 990
1085 1274
1086 990
1086 1273
1087 991
1087 1272
1088 991
1088 1272
1089 992
1089 1271
1090 992
1090 1270
1091 993
1091 1269
1092 993
1092 1268
1093 994
1093 1268
1094 995
1094 1267
1095 996
1095 1266
1096 996
1096 1265
1097 997
1097 1265
1098 998
1098 1264
1099 998
1099 1263
1100 999
1100 1262
1101 999
1101 1261
1102 1000
1102 1261
1103 1001
1103 1260
1104 1001
1104 1259
1105 1002
1105 1258
1106 1003
1106 1257
1107 1004
1107 1257
1108 1005
1108 1256
1109 1006
1109 1255
1110 1007
1110 1254
1111 1008
1111 1253
1112 1009
1112 1252
1113 1010
1113 1251
1114 1011
1114 1250
1115 1012
1115 1013
1115 1249
1116 1014
1116 1248
1117 1015
1117 1247
1118 1016
1118 1246
1119 1017
1119 1245
1120 1018
1120 1244
1121 1019
1121 1243
1122 1020
1122 1242
1123 1021
1123 1240
1123 1241
1124 1022
1124 1239
1125 1023
1125 1238
1126 1024
1126 1237
1127 1025
1127 1236
1128 1026
1128 1235
1129 1027
1129 1233
1129 1234
1130 1028
1130 1231
1130 1232
1131 1029
1131 1230
1132 1030
1132 1229
1133 1031
1133 1227
1133 1228
1134 1032
1134 1226
1135 1033
1135 1225
1136 1034
1136 1035
1136 1224
1137 1036
1137 1222
1137 1223
1138 1037
1138 1038
1138 1221
1139 1039
1139 1220
1140 1040
1140 1218
1140 1219
1141 1041
1141 1042
1141 1217
1142 1043
1142 1044
1142 1215
1142 1216
1143 1045
1143 1214
1144 1046
1144 1047
1144 1212
1144 1213
1145 1048
1145 1211
1146 1049
1146 1050
1146 1210
1147 1051
1147 1209
1148 1052
1148 1207
1148 1208
1149 1053
1149 1054
1149 1055
1149 1056
1149 1206
1150 1057
1150 1058
1150 1204
1150 1205
1151 1059
1151 1060
1151 1203
1152 1061
1152 1062
1152 1201
1152 1202
1153 1063
1153 1064
1153 1198
1153 1199
1153 1200
1154 1065
1154 1066
1154 1196
1154 1197
1155 1067
1155 1068
1155 1195
1156 1069
1156 1070
1156 1071
1156 1193
1156 1194
1157 1072
1157 1073
1157 1074
1157 1191
1157 1192
1158 1075
1158 1076
1158 1189
1158 1190
1159 1077
1159 1078
1159 1079
1159 1187
1159 1188
1160 1080
1160 1081
1160 1186
1161 1082
1161 1083
1161 1084
1161 1183
1161 1184
1161 1185
1162 1085
1162 1086
1162 1087
1162 1181
1162 1182
1163 1088
1163 1089
1163 1090
1163 1094
1163 1095
1163 1179
1163 1180
1164 1091
1164 1092
1164 1093
1164 1096
1164 1099
1164 1100
1164 1172
1164 1173
1164 1176
1164 1177
1164 1178
1165 1097
1165 1098
1165 1101
1165 1104
1165 1168
1165 1169
1165 1171
1165 1174
1165 1175
1166 1102
1166 1103
1166 1105
1166 1107
1166 1108
1166 1109
1166 1110
1166 1111
1166 1112
1166 1113
1166 1163
1166 1164
1166 1167
1166 1170
1167 1106
1167 1114
1167 1116
1167 1117
1167 1118
1167 1152
1167 1153
1167 1154
1167 1155
1167 1156
1167 1157
1167 1158
1167 1159
1167 1162
1167 1165
1167 1166
1168 1115
1168 1119
1168 1121
1168 1122
1168 1123
1168 1124
1168 1125
1168 1126
1168 1127
1168 1128
1168 1129
1168 1130
1168 1131
1168 1132
1168 1136
1168 1137
1168 1138
1168 1139
1168 1140
1168 1141
1168 1142
1168 1143
1168 1144
1168 1145
1168 1146
1168 1148
1168 1151
1168 1160
1168 1161
1169 1120
1169 1133
1169 1135
1169 1147
1169 1149
1169 1150
1170 1134
