859 790
860 781
860 782
860 789
860 791
860 803
861 776
861 780
861 783
861 784
861 785
861 786
861 787
861 788
861 792
861 793
861 794
861 795
861 796
861 797
861 798
861 799
861 800
861 801
861 802
861 804
861 809
861 810
862 763
862 775
862 777
862 778
862 779
862 805
862 806
862 807
862 808
862 811
862 816
863 759
863 760
863 762
863 764
863 765
863 766
863 767
863 768
863 769
863 770
863 771
863 772
863 773
863 774
863 812
863 813
863 814
863 815
863 817
863 824
863 825
863 829
864 750
864 754
864 755
864 758
864 761
864 818
864 819
864 820
864 821
864 822
864 823
864 826
864 827
864 828
864 830
864 832
864 833
865 747
865 748
865 749
865 751
865 752
865 753
865 756
865 757
865 831
865 834
865 835
865 836
866 745
866 746
866 837
866 838
866 839
867 742
867 743
867 744
867 840
867 842
868 739
868 740
868 741
868 841
868 843
868 844
868 845
869 737
869 738
869 846
869 847
869 848
870 734
870 735
870 736
870 849
870 850
870 851
871 731
871 732
871 733
871 852
871 853
872 729
872 730
872 854
873 725
873 726
873 727
873 728
873 855
873 856
873 857
874 722
874 723
874 724
874 858
874 859
874 860
875 720
875 721
875 861
875 862
875 863
876 718
876 719
876 864
876 865
876 866
876 867
877 716
877 717
877 868
877 869
878 714
878 715
878 870
878 871
879 713
879 872
880 711
880 712
880 873
880 874
881 709
881 710
881 875
881 876
882 708
882 877
883 706
883 707
883 878
884 704
884 705
884 879
884 880
885 703
885 881
885 882
886 702
886 883
887 700
887 701
887 884
887 885
888 699
888 886
889 697
889 698
889 887
889 888
890 696
890 889
890 890
891 694
891 695
891 891
891 892
892 693
892 893
893 691
893 692
893 894
893 895
894 689
894 690
894 896
895 688
895 897
896 687
896 898
896 899
897 686
897 900
898 685
898 901
899 683
899 684
899 902
900 682
900 903
901 681
901 904
902 680
902 905
903 680
903 906
904 679
904 907
905 678
905 908
906 677
906 909
907 676
907 910
908 675
908 910
909 674
909 911
910 673
910 912
911 672
911 913
912 671
912 914
913 670
913 915
914 669
914 916
915 668
915 917
916 667
916 918
917 666
917 919
918 665
918 920
919 664
919 921
920 663
920 922
921 662
921 923
922 661
922 924
923 661
923 925
924 660
924 925
925 659
925 926
926 658
926 927
927 658
927 928
928 657
928 928
929 656
929 929
930 655
930 930
931 655
931 930
932 654
932 931
933 653
933 931
934 652
934 932
935 652
935 933
936 651
936 933
937 650
937 934
938 650
938 934
939 649
939 934
940 648
940 935
941 648
941 936
942 647
942 937
943 647
943 937
944 646
944 938
945 645
945 938
946 645
946 939
947 644
947 939
948 644
948 940
949 643
949 941
950 642
950 941
951 642
951 941
952 641
952 942
953 641
953 943
954 640
954 943
955 640
955 944
956 639
956 944
957 639
957 945
958 639
958 945
959 639
959 946
960 638
960 947
961 638
961 947
962 638
962 948
963 637
963 949
964 637
964 949
965 637
965 950
966 636
966 950
967 636
967 951
968 636
968 951
969 635
969 952
970 635
970 952
971 635
971 953
972 635
972 953
973 635
973 954
974 634
974 954
975 634
975 955
976 634
976 955
977 634
977 956
978 634
978 956
979 633
979 956
980 633
980 957
981 633
981 957
982 633
982 957
983 632
983 958
984 632
984 958
985 632
985 959
986 632
986 959
987 632
987 959
988 631
988 959
989 631
989 959
990 631
990 959
991 631
991 959
992 631
992 959
993 631
993 959
994 631
994 959
995 631
995 959
996 631
996 959
997 631
997 959
998 631
998 959
999 631
999 959
1000 631
1000 959
1001 631
1001 959
1002 631
1002 960
1003 630
1003 960
1004 630
1004 960
1005 630
1005 960
1006 630
1006 960
1007 630
1007 960
1008 630
1008 960
1009 630
1009 960
1010 630
1010 960
1011 630
1011 960
1012 630
1012 960
1013 630
1013 960
1014 630
1014 960
1015 630
1015 960
1016 630
1016 960
1017 630
1017 960
1018 630
1018 960
1019 630
1019 960
1020 630
1020 960
1021 630
1021 960
1022 630
1022 960
1023 630
1023 960
1024 630
1024 960
1025 630
1025 960
1026 630
1026 960
1027 629
1027 960
1028 629
1028 960
1029 629
1029 960
1030 629
1030 960
1031 629
1031 960
1032 629
1032 960
1033 629
1033 960
1034 629
1034 960
1035 629
1035 960
1036 629
1036 960
1037 629
1037 960
1038 629
1038 960
1039 629
1039 960
1040 629
1040 960
1041 629
1041 960
1042 629
1042 959
1043 629
1043 959
1044 629
1044 959
1045 629
1045 959
1046 629
1046 959
1047 630
1047 959
1048 630
1048 959
1049 630
1049 959
1050 630
1050 959
1051 630
1051 959
1052 630
1052 959
1053 631
1053 959
1054 631
1054 959
1055 631
1055 958
1056 631
1056 957
1057 631
1057 957
1058 631
1058 957
1059 631
1059 957
1060 631
1060 957
1061 632
1061 957
1062 632
1062 957
1063 632
1063 956
1064 632
1064 956
1065 632
1065 956
1066 633
1066 956
1067 633
1067 956
1068 633
1068 956
1069 633
1069 955
1070 634
1070 955
1071 634
1071 955
1072 634
1072 954
1073 634
1073 954
1074 634
1074 954
1075 635
1075 954
1076 635
1076 953
1077 635
1077 953
1078 635
1078 953
1079 635
1079 952
1080 635
1080 952
1081 635
1081 952
1082 636
1082 952
1083 636
1083 951
1084 636
1084 951
1085 636
1085 951
1086 637
1086 951
1087 637
1087 951
1088 637
1088 950
1089 638
1089 950
1090 638
1090 950
1091 639
1091 949
1092 639
1092 949
1093 640
1093 949
1094 640
1094 948
1095 640
1095 948
1096 641
1096 947
1097 641
1097 946
1098 641
1098 946
1099 642
1099 946
1100 642
1100 945
1101 642
1101 945
1102 643
1102 944
1103 643
1103 943
1104 644
1104 943
1105 644
1105 942
1106 645
1106 942
1107 645
1107 940
1107 941
1108 646
1108 939
1109 646
1109 939
1110 647
1110 938
1111 647
1111 937
1112 648
1112 936
1113 648
1113 936
1114 649
1114 935
1115 649
1115 934
1116 650
1116 933
1117 650
1117 933
1118 651
1118 932
1119 651
1119 931
1120 652
1120 930
1121 652
1121 929
1122 653
1122 928
1123 654
1123 928
1124 654
1124 927
1125 655
1125 926
1126 655
1126 925
1127 656
1127 924
1128 656
1128 924
1129 657
1129 923
1130 658
1130 922
1131 658
1131 921
1132 659
1132 920
1133 659
1133 920
1134 660
1134 919
1135 661
1135 918
1136 661
1136 917
1137 662
1137 916
1138 663
1138 916
1139 664
1139 915
1140 665
1140 915
1141 666
1141 914
1142 667
1142 913
1143 668
1143 912
1144 669
1144 911
1145 670
1145 911
1146 671
1146 910
1147 671
1147 909
1148 672
1148 907
1148 908
1149 673
1149 906
1150 674
1150 905
1151 675
1151 905
1152 676
1152 904
1153 677
1153 903
1154 678
1154 902
1155 679
1155 901
1156 680
1156 681
1156 900
1157 682
1157 899
1158 683
1158 899
1159 684
1159 897
1159 898
1160 685
1160 896
1161 686
1161 895
1162 687
1162 894
1163 688
1163 892
1163 893
1164 689
1164 690
1164 891
1165 691
1165 890
1166 692
1166 693
1166 888
1166 889
1167 694
1167 887
1168 695
1168 696
1168 886
1169 697
1169 698
1169 884
1169 885
1170 699
1170 883
1171 700
1171 701
1171 882
1172 702
1172 703
1172 880
1172 881
1173 704
1173 705
1173 879
1174 706
1174 878
1175 707
1175 708
1175 877
1176 709
1176 710
1176 875
1176 876
1177 711
1177 874
1178 712
1178 713
1178 872
1178 873
1179 714
1179 871
1180 715
1180 716
1180 869
1180 870
1181 717
1181 718
1181 866
1181 867
1181 868
1182 719
1182 720
1182 864
1182 865
1183 721
1183 722
1183 862
1183 863
1184 723
1184 724
1184 860
1184 861
1185 725
1185 726
1185 858
1185 859
1186 727
1186 728
1186 729
1186 856
1186 857
1187 730
1187 731
1187 732
1187 854
1187 855
1188 733
1188 734
1188 735
1188 851
1188 852
1188 853
1189 736
1189 737
1189 848
1189 849
1189 850
1190 738
1190 739
1190 840
1190 842
1190 845
1190 846
1190 847
1191 740
1191 741
1191 742
1191 839
1191 841
1191 843
1191 844
1192 743
1192 744
1192 745
1192 836
1192 837
1192 838
1193 746
1193 747
1193 748
1193 751
1193 752
1193 833
1193 834
1193 835
1194 749
1194 750
1194 753
1194 756
1194 757
1194 826
1194 827
1194 828
1194 830
1194 831
1194 832
1195 754
1195 755
1195 758
1195 761
1195 820
1195 821
1195 822
1195 825
1195 829
1196 759
1196 760
1196 762
1196 764
1196 765
1196 766
1196 767
1196 768
1196 769
1196 770
1196 771
1196 808
1196 809
1196 810
1196 811
1196 812
1196 813
1196 814
1196 816
1196 819
1196 823
1196 824
1197 763
1197 772
1197 775
1197 777
1197 778
1197 779
1197 780
1197 781
1197 782
1197 783
1197 784
1197 785
1197 807
1197 815
1197 817
1197 818
1198 773
1198 774
1198 776
1198 786
1198 788
1198 789
1198 790
1198 791
1198 792
1198 793
1198 794
1198 795
1198 796
1198 797
1198 798
1198 799
1198 800
1198 801
1198 802
1198 804
1198 805
1198 806
1199 787
1199 803
