933 791
934 783
934 790
934 792
934 799
934 806
935 778
935 779
935 782
935 784
935 785
935 786
935 787
935 788
935 789
935 793
935 794
935 795
935 796
935 797
935 798
935 800
935 801
935 802
935 803
935 804
935 805
935 807
935 811
936 769
936 775
936 777
936 780
936 781
936 808
936 809
936 810
936 812
936 813
937 765
937 766
937 768
937 770
937 771
937 772
937 773
937 774
937 776
937 814
937 819
937 821
938 761
938 762
938 764
938 767
938 815
938 816
938 817
938 818
938 820
938 822
938 823
938 824
939 759
939 760
939 763
939 825
939 826
940 756
940 757
940 758
940 827
940 828
941 755
941 829
941 830
942 753
942 754
942 831
942 832
943 751
943 752
943 833
943 834
944 749
944 750
944 835
945 748
945 836
946 746
946 747
946 837
947 745
947 838
948 742
948 743
948 744
948 839
948 840
949 740
949 741
949 841
949 842
950 738
950 739
950 843
950 844
951 736
951 737
951 845
952 735
952 846
953 734
953 847
953 848
954 733
954 849
955 732
955 850
956 731
956 851
957 730
957 852
958 729
958 853
958 854
959 728
959 855
960 727
960 856
961 726
961 857
961 858
962 724
962 725
962 859
963 723
963 860
964 722
964 861
965 721
965 862
966 721
966 863
967 720
967 864
968 719
968 865
969 718
969 866
970 717
970 867
971 716
971 868
972 716
972 869
973 715
973 869
974 714
974 870
975 714
975 871
976 713
976 872
977 712
977 872
978 712
978 873
979 711
979 874
980 711
980 875
981 711
981 876
982 710
982 877
983 709
983 877
984 709
984 878
985 708
985 878
986 707
986 879
987 706
987 880
988 706
988 880
989 705
989 881
990 704
990 882
991 704
991 882
992 703
992 882
993 702
993 883
994 702
994 883
995 701
995 884
996 700
996 884
997 700
997 884
998 699
998 885
999 699
999 886
1000 699
1000 886
1001 698
1001 886
1002 698
1002 886
1003 698
1003 886
1004 697
1004 886
1005 697
1005 886
1006 697
1006 887
1007 696
1007 888
1008 696
1008 888
1009 696
1009 888
1010 696
1010 889
1011 696
1011 889
1012 696
1012 889
1013 696
1013 889
1014 696
1014 890
1015 696
1015 890
1016 696
1016 890
1017 696
1017 890
1018 696
1018 890
1019 696
1019 890
1020 696
1020 890
1021 696
1021 891
1022 695
1022 892
1023 695
1023 892
1024 695
1024 892
1025 695
1025 892
1026 695
1026 892
1027 695
1027 892
1028 694
1028 892
1029 694
1029 892
1030 694
1030 892
1031 694
1031 892
1032 694
1032 892
1033 694
1033 892
1034 694
1034 892
1035 694
1035 892
1036 695
1036 892
1037 695
1037 893
1038 695
1038 893
1039 695
1039 893
1040 695
1040 893
1041 695
1041 893
1042 695
1042 893
1043 695
1043 893
1044 695
1044 892
1045 695
1045 892
1046 695
1046 892
1047 695
1047 892
1048 695
1048 892
1049 695
1049 892
1050 695
1050 892
1051 695
1051 892
1052 696
1052 891
1053 696
1053 891
1054 696
1054 891
1055 696
1055 891
1056 697
1056 891
1057 697
1057 891
1058 697
1058 891
1059 697
1059 891
1060 697
1060 891
1061 697
1061 890
1062 697
1062 890
1063 697
1063 890
1064 698
1064 890
1065 698
1065 890
1066 698
1066 889
1067 699
1067 889
1068 699
1068 889
1069 699
1069 889
1070 700
1070 888
1071 700
1071 888
1072 700
1072 888
1073 700
1073 888
1074 701
1074 888
1075 701
1075 887
1076 701
1076 887
1077 702
1077 886
1078 702
1078 885
1079 703
1079 885
1080 703
1080 885
1081 704
1081 884
1082 705
1082 884
1083 706
1083 883
1084 706
1084 883
1085 707
1085 882
1086 707
1086 881
1087 708
1087 881
1088 708
1088 881
1089 708
1089 880
1090 709
1090 879
1091 709
1091 879
1092 710
1092 878
1093 710
1093 877
1094 711
1094 876
1095 712
1095 875
1096 712
1096 874
1097 713
1097 874
1098 714
1098 873
1099 714
1099 872
1100 715
1100 872
1101 716
1101 871
1102 717
1102 870
1103 717
1103 869
1104 718
1104 868
1105 719
1105 867
1106 720
1106 866
1107 720
1107 864
1107 865
1108 721
1108 863
1109 722
1109 862
1110 723
1110 861
1111 724
1111 860
1112 725
1112 858
1112 859
1113 726
1113 857
1114 727
1114 856
1115 728
1115 729
1115 854
1115 855
1116 730
1116 853
1117 731
1117 732
1117 852
1118 733
1118 850
1118 851
1119 734
1119 735
1119 849
1120 736
1120 847
1120 848
1121 737
1121 846
1122 738
1122 739
1122 844
1122 845
1123 740
1123 843
1124 741
1124 742
1124 841
1124 842
1125 743
1125 839
1125 840
1126 744
1126 745
1126 837
1126 838
1127 746
1127 747
1127 836
1128 748
1128 749
1128 834
1128 835
1129 750
1129 751
1129 833
1130 752
1130 753
1130 831
1130 832
1131 754
1131 755
1131 759
1131 760
1131 828
1131 829
1131 830
1132 756
1132 757
1132 758
1132 761
1132 764
1132 823
1132 825
1132 826
1132 827
1133 762
1133 763
1133 765
1133 767
1133 768
1133 769
1133 770
1133 818
1133 819
1133 822
1133 824
1134 766
1134 771
1134 812
1134 813
1134 814
1134 815
1134 817
1134 820
1134 821
1135 772
1135 773
1135 775
1135 776
1135 777
1135 778
1135 804
1135 805
1135 806
1135 808
1135 811
1135 816
1136 774
1136 779
1136 782
1136 784
1136 785
1136 786
1136 787
1136 788
1136 789
1136 803
1136 807
1136 809
1136 810
1137 780
1137 781
1137 783
1137 790
1137 792
1137 793
1137 794
1137 795
1137 796
1137 797
1137 798
1137 800
1137 801
1137 802
1138 791
1138 799
