815 1455
815 1473
816 1437
816 1454
816 1456
816 1457
816 1458
816 1459
816 1460
816 1461
816 1462
816 1463
816 1464
816 1465
816 1466
816 1467
816 1468
816 1469
816 1470
816 1471
816 1472
816 1474
816 1478
816 1479
817 1420
817 1423
817 1424
817 1436
817 1438
817 1439
817 1440
817 1441
817 1442
817 1443
817 1444
817 1445
817 1446
817 1447
817 1448
817 1449
817 1450
817 1451
817 1452
817 1453
817 1475
817 1476
817 1477
817 1480
817 1484
817 1485
818 1414
818 1415
818 1419
818 1421
818 1422
818 1425
818 1426
818 1427
818 1428
818 1429
818 1430
818 1431
818 1432
818 1433
818 1434
818 1435
818 1481
818 1482
818 1483
818 1486
818 1489
818 1490
819 1407
819 1408
819 1413
819 1416
819 1417
819 1418
819 1487
819 1488
819 1491
819 1494
819 1495
820 1403
820 1406
820 1409
820 1410
820 1411
820 1412
820 1492
820 1493
820 1496
820 1499
820 1500
821 1398
821 1399
821 1402
821 1404
821 1405
821 1497
821 1498
821 1501
821 1503
821 1504
822 1392
822 1393
822 1397
822 1400
822 1401
822 1502
822 1505
822 1507
823 1386
823 1387
823 1391
823 1394
823 1395
823 1396
823 1506
823 1508
823 1510
823 1511
824 1383
824 1384
824 1385
824 1388
824 1389
824 1390
824 1509
824 1512
824 1513
824 1514
825 1381
825 1382
825 1515
825 1516
825 1517
826 1378
826 1379
826 1380
826 1518
826 1519
826 1520
827 1375
827 1376
827 1377
827 1521
827 1522
827 1523
827 1524
828 1372
828 1373
828 1374
828 1525
828 1526
829 1370
829 1371
829 1527
829 1528
830 1368
830 1369
830 1529
830 1530
831 1366
831 1367
831 1531
831 1532
832 1363
832 1364
832 1365
832 1533
832 1534
833 1361
833 1362
833 1535
833 1536
834 1359
834 1360
834 1537
834 1538
835 1357
835 1358
835 1539
836 1354
836 1355
836 1356
836 1540
837 1353
837 1541
838 1351
838 1352
838 1542
838 1543
839 1349
839 1350
839 1544
839 1545
840 1348
840 1546
841 1346
841 1347
841 1547
841 1548
842 1344
842 1345
842 1549
842 1550
843 1343
843 1551
843 1552
844 1341
844 1342
844 1553
845 1340
845 1554
845 1555
846 1339
846 1556
846 1557
847 1338
847 1558
848 1337
848 1559
848 1560
849 1336
849 1561
850 1335
850 1562
850 1563
851 1334
851 1564
852 1333
852 1565
852 1566
853 1332
853 1567
854 1331
854 1568
854 1569
855 1330
855 1570
856 1329
856 1571
857 1327
857 1328
857 1572
858 1326
858 1573
859 1325
859 1574
860 1324
860 1575
861 1323
861 1576
862 1322
862 1577
863 1321
863 1578
864 1320
864 1579
865 1319
865 1580
866 1318
866 1580
867 1317
867 1581
868 1317
868 1581
869 1316
869 1582
870 1315
870 1583
871 1314
871 1584
872 1313
872 1585
873 1312
873 1586
874 1311
874 1587
875 1310
875 1588
876 1309
876 1589
877 1308
877 1589
878 1307
878 1590
879 1306
879 1591
880 1306
880 1592
881 1305
881 1593
882 1304
882 1594
883 1303
883 1595
884 1302
884 1596
885 1301
885 1597
886 1300
886 1597
887 1300
887 1598
888 1299
888 1599
889 1298
889 1600
890 1297
890 1600
891 1296
891 1601
892 1296
892 1602
893 1295
893 1603
894 1294
894 1603
895 1293
895 1603
896 1292
896 1604
897 1292
897 1605
898 1291
898 1605
899 1290
899 1606
900 1290
900 1607
901 1289
901 1607
902 1288
902 1608
903 1288
903 1609
904 1287
904 1609
905 1286
905 1610
906 1286
906 1611
907 1285
907 1611
908 1285
908 1612
909 1284
909 1612
910 1284
910 1613
911 1283
911 1614
912 1282
912 1614
913 1282
913 1615
914 1281
914 1615
915 1281
915 1616
916 1280
916 1616
917 1279
917 1617
918 1279
918 1618
919 1278
919 1618
920 1278
920 1619
921 1277
921 1619
922 1276
922 1620
923 1276
923 1620
924 1275
924 1621
925 1275
925 1622
926 1274
926 1622
927 1274
927 1623
928 1273
928 1623
929 1273
929 1624
930 1272
930 1624
931 1272
931 1624
932 1272
932 1625
933 1271
933 1625
934 1271
934 1626
935 1271
935 1626
936 1271
936 1626
937 1270
937 1627
938 1270
938 1627
939 1269
939 1627
940 1269
940 1628
941 1268
941 1628
942 1268
942 1628
943 1268
943 1629
944 1267
944 1629
945 1267
945 1629
946 1266
946 1630
947 1266
947 1630
948 1265
948 1630
949 1265
949 1630
950 1264
950 1631
951 1264
951 1631
952 1263
952 1631
953 1263
953 1631
954 1262
954 1631
955 1262
955 1632
956 1262
956 1633
957 1261
957 1633
958 1261
958 1633
959 1261
959 1633
960 1260
960 1634
961 1260
961 1634
962 1259
962 1634
963 1259
963 1634
964 1258
964 1634
965 1258
965 1635
966 1258
966 1635
967 1257
967 1635
968 1257
968 1635
969 1256
969 1635
970 1256
970 1635
971 1256
971 1635
972 1255
972 1636
973 1255
973 1636
974 1255
974 1636
975 1254
975 1636
976 1254
976 1637
977 1254
977 1637
978 1253
978 1637
979 1253
979 1637
980 1253
980 1638
981 1253
981 1638
982 1252
982 1638
983 1252
983 1638
984 1252
984 1638
985 1252
985 1638
986 1251
986 1638
987 1251
987 1638
988 1251
988 1638
989 1250
989 1638
990 1250
990 1638
991 1250
991 1638
992 1250
992 1638
993 1249
993 1638
994 1249
994 1638
995 1249
995 1638
996 1249
996 1638
997 1248
997 1638
998 1248
998 1638
999 1248
999 1638
1000 1248
1000 1638
1001 1247
1001 1638
1002 1247
1002 1638
1003 1247
1003 1638
1004 1247
1004 1638
1005 1247
1005 1638
1006 1247
1006 1638
1007 1246
1007 1638
1008 1246
1008 1638
1009 1246
1009 1638
1010 1246
1010 1638
1011 1246
1011 1638
1012 1246
1012 1638
1013 1246
1013 1638
1014 1245
1014 1638
1015 1245
1015 1638
1016 1245
1016 1638
1017 1245
1017 1638
1018 1245
1018 1638
1019 1245
1019 1638
1020 1245
1020 1638
1021 1245
1021 1638
1022 1245
1022 1638
1023 1245
1023 1637
1024 1245
1024 1636
1025 1245
1025 1636
1026 1245
1026 1636
1027 1245
1027 1636
1028 1245
1028 1636
1029 1245
1029 1636
1030 1245
1030 1636
1031 1245
1031 1636
1032 1245
1032 1636
1033 1244
1033 1636
1034 1244
1034 1636
1035 1244
1035 1636
1036 1244
1036 1636
1037 1244
1037 1636
1038 1244
1038 1635
1039 1244
1039 1635
1040 1244
1040 1635
1041 1244
1041 1635
1042 1244
1042 1635
1043 1244
1043 1635
1044 1244
1044 1635
1045 1244
1045 1634
1046 1244
1046 1634
1047 1244
1047 1634
1048 1244
1048 1634
1049 1244
1049 1634
1050 1244
1050 1634
1051 1243
1051 1633
1052 1243
1052 1633
1053 1243
1053 1633
1054 1243
1054 1633
1055 1243
1055 1633
1056 1243
1056 1633
1057 1243
1057 1633
1058 1243
1058 1633
1059 1243
1059 1633
1060 1243
1060 1632
1061 1243
1061 1632
1062 1243
1062 1632
1063 1243
1063 1632
1064 1243
1064 1632
1065 1243
1065 1632
1066 1243
1066 1631
1067 1243
1067 1630
1068 1243
1068 1630
1069 1243
1069 1630
1070 1243
1070 1630
1071 1243
1071 1630
1072 1243
1072 1630
1073 1243
1073 1630
1074 1243
1074 1630
1075 1243
1075 1630
1076 1243
1076 1629
1077 1243
1077 1629
1078 1243
1078 1629
1079 1243
1079 1629
1080 1243
1080 1629
1081 1243
1081 1629
1082 1243
1082 1628
1083 1244
1083 1628
1084 1244
1084 1628
1085 1244
1085 1628
1086 1244
1086 1628
1087 1244
1087 1627
1088 1244
1088 1627
1089 1244
1089 1627
1090 1244
1090 1626
1091 1244
1091 1626
1092 1244
1092 1626
1093 1245
1093 1626
1094 1245
1094 1625
1095 1245
1095 1625
1096 1245
1096 1625
1097 1245
1097 1624
1098 1245
1098 1624
1099 1245
1099 1624
1100 1245
1100 1624
1101 1245
1101 1623
1102 1245
1102 1623
1103 1246
1103 1622
1104 1246
1104 1622
1105 1246
1105 1622
1106 1246
1106 1621
1107 1246
1107 1621
1108 1247
1108 1620
1109 1247
1109 1620
1110 1247
1110 1620
1111 1247
1111 1619
1112 1247
1112 1619
1113 1248
1113 1618
1114 1248
1114 1617
1115 1248
1115 1617
1116 1248
1116 1616
1117 1249
1117 1616
1118 1249
1118 1615
1119 1249
1119 1615
1120 1249
1120 1614
1121 1250
1121 1614
1122 1250
1122 1613
1123 1250
1123 1613
1124 1250
1124 1612
1125 1251
1125 1612
1126 1251
1126 1611
1127 1251
1127 1611
1128 1251
1128 1610
1129 1252
1129 1610
1130 1252
1130 1609
1131 1252
1131 1608
1132 1252
1132 1608
1133 1253
1133 1607
1134 1253
1134 1607
1135 1253
1135 1606
1136 1253
1136 1605
1137 1254
1137 1605
1138 1254
1138 1604
1139 1254
1139 1603
1140 1255
1140 1603
1141 1255
1141 1603
1142 1255
1142 1602
1143 1255
1143 1602
1144 1256
1144 1601
1145 1256
1145 1601
1146 1257
1146 1600
1147 1257
1147 1599
1148 1258
1148 1599
1149 1258
1149 1598
1150 1258
1150 1598
1151 1259
1151 1597
1152 1259
1152 1596
1153 1260
1153 1595
1154 1260
1154 1594
1155 1260
1155 1594
1156 1261
1156 1593
1157 1261
1157 1593
1158 1262
1158 1592
1159 1262
1159 1591
1160 1262
1160 1591
1161 1263
1161 1590
1162 1263
1162 1589
1163 1264
1163 1589
1164 1265
1164 1588
1165 1265
1165 1587
1166 1266
1166 1587
1167 1267
1167 1586
1168 1267
1168 1586
1169 1268
1169 1585
1170 1269
1170 1584
1171 1269
1171 1583
1172 1270
1172 1582
1173 1271
1173 1581
1174 1272
1174 1581
1175 1272
1175 1580
1176 1273
1176 1579
1177 1274
1177 1577
1177 1578
1178 1275
1178 1576
1179 1275
1179 1575
1180 1276
1180 1574
1181 1277
1181 1573
1182 1278
1182 1573
1183 1278
1183 1572
1184 1279
1184 1571
1185 1280
1185 1570
1186 1280
1186 1569
1187 1281
1187 1568
1188 1282
1188 1567
1189 1283
1189 1567
1190 1283
1190 1566
1191 1284
1191 1565
1192 1285
1192 1564
1193 1286
1193 1563
1194 1287
1194 1562
1195 1287
1195 1561
1196 1288
1196 1560
1197 1289
1197 1559
1198 1290
1198 1558
1199 1291
1199 1557
1200 1291
1200 1556
1201 1292
1201 1555
1202 1293
1202 1554
1203 1294
1203 1553
1204 1295
1204 1552
1205 1296
1205 1550
1205 1551
1206 1297
1206 1298
1206 1549
1207 1299
1207 1548
1208 1300
1208 1547
1209 1301
1209 1302
1209 1546
1210 1303
1210 1544
1210 1545
1211 1304
1211 1305
1211 1543
1212 1306
1212 1542
1213 1307
1213 1541
1214 1308
1214 1539
1214 1540
1215 1309
1215 1538
1216 1310
1216 1537
1217 1311
1217 1312
1217 1536
1218 1313
1218 1535
1219 1314
1219 1315
1219 1533
1219 1534
1220 1316
1220 1532
1221 1317
1221 1318
1221 1531
1222 1319
1222 1530
1223 1320
1223 1321
1223 1528
1223 1529
1224 1322
1224 1323
1224 1527
1225 1324
1225 1325
1225 1525
1225 1526
1226 1326
1226 1327
1226 1524
1227 1328
1227 1329
1227 1522
1227 1523
1228 1330
1228 1331
1228 1521
1229 1332
1229 1333
1229 1519
1229 1520
1230 1334
1230 1335
1230 1516
1230 1517
1230 1518
1231 1336
1231 1337
1231 1514
1231 1515
1232 1338
1232 1339
1232 1340
1232 1511
1232 1512
1232 1513
1233 1341
1233 1342
1233 1343
1233 1509
1233 1510
1234 1344
1234 1345
1234 1506
1234 1507
1234 1508
1235 1346
1235 1347
1235 1348
1235 1503
1235 1504
1235 1505
1236 1349
1236 1350
1236 1351
1236 1501
1236 1502
1237 1352
1237 1353
1237 1498
1237 1499
1237 1500
1238 1354
1238 1355
1238 1496
1238 1497
1239 1356
1239 1357
1239 1493
1239 1494
1239 1495
1240 1358
1240 1359
1240 1360
1240 1490
1240 1491
1240 1492
1241 1361
1241 1362
1241 1486
1241 1488
1241 1489
1242 1363
1242 1364
1242 1485
1242 1487
1243 1365
1243 1366
1243 1367
1243 1479
1243 1482
1243 1483
1243 1484
1244 1368
1244 1369
1244 1371
1244 1478
1244 1480
1244 1481
1245 1370
1245 1372
1245 1375
1245 1467
1245 1468
1245 1469
1245 1471
1245 1472
1245 1475
1245 1476
1245 1477
1246 1373
1246 1374
1246 1376
1246 1379
1246 1461
1246 1462
1246 1463
1246 1466
1246 1470
1246 1473
1246 1474
1247 1377
1247 1378
1247 1380
1247 1383
1247 1456
1247 1457
1247 1460
1247 1464
1247 1465
1248 1381
1248 1382
1248 1384
1248 1388
1248 1389
1248 1390
1248 1391
1248 1392
1248 1393
1248 1394
1248 1395
1248 1396
1248 1451
1248 1452
1248 1453
1248 1455
1248 1458
1248 1459
1249 1385
1249 1386
1249 1387
1249 1397
1249 1400
1249 1401
1249 1402
1249 1445
1249 1446
1249 1447
1249 1450
1249 1454
1250 1398
1250 1399
1250 1403
1250 1405
1250 1406
1250 1407
1250 1408
1250 1409
1250 1410
1250 1411
1250 1412
1250 1413
1250 1414
1250 1415
1250 1440
1250 1441
1250 1444
1250 1448
1250 1449
1251 1404
1251 1416
1251 1419
1251 1420
1251 1421
1251 1422
1251 1423
1251 1424
1251 1425
1251 1426
1251 1427
1251 1428
1251 1429
1251 1430
1251 1431
1251 1432
1251 1433
1251 1434
1251 1435
1251 1436
1251 1437
1251 1439
1251 1442
1251 1443
1252 1417
1252 1418
1252 1438
