865 1425
865 1438
865 1439
866 1420
866 1421
866 1424
866 1426
866 1427
866 1428
866 1429
866 1430
866 1431
866 1432
866 1433
866 1434
866 1435
866 1436
866 1437
866 1440
866 1452
867 1415
867 1416
867 1419
867 1422
867 1423
867 1441
867 1442
867 1443
867 1444
867 1445
867 1446
867 1447
867 1448
867 1449
867 1450
867 1451
867 1453
867 1460
867 1461
867 1465
868 1411
868 1414
868 1417
868 1418
868 1454
868 1455
868 1456
868 1457
868 1458
868 1459
868 1462
868 1463
868 1464
868 1466
868 1469
868 1470
869 1408
869 1409
869 1410
869 1412
869 1413
869 1467
869 1468
869 1471
869 1474
869 1475
870 1404
870 1405
870 1407
870 1472
870 1473
870 1476
870 1478
871 1400
871 1401
871 1403
871 1406
871 1477
871 1479
871 1480
871 1481
872 1399
872 1402
872 1482
872 1483
873 1396
873 1397
873 1398
873 1484
873 1485
873 1486
874 1394
874 1395
874 1487
874 1488
875 1392
875 1393
875 1489
875 1490
875 1491
876 1390
876 1391
876 1492
876 1493
877 1387
877 1388
877 1389
877 1494
877 1495
878 1385
878 1386
878 1496
878 1497
879 1383
879 1384
879 1498
879 1499
880 1381
880 1382
880 1500
880 1501
881 1379
881 1380
881 1502
881 1503
882 1377
882 1378
882 1504
883 1375
883 1376
883 1505
884 1373
884 1374
884 1506
885 1372
885 1507
885 1508
886 1371
886 1509
887 1369
887 1370
887 1510
888 1368
888 1511
888 1512
889 1367
889 1513
890 1365
890 1366
890 1514
890 1515
891 1364
891 1516
892 1363
892 1517
893 1362
893 1518
894 1361
894 1519
895 1360
895 1520
896 1359
896 1521
897 1357
897 1358
897 1522
897 1523
898 1356
898 1524
899 1354
899 1355
899 1524
900 1353
900 1525
901 1352
901 1526
902 1351
902 1527
903 1350
903 1528
904 1349
904 1529
905 1348
905 1530
906 1347
906 1531
907 1346
907 1532
908 1345
908 1533
909 1345
909 1534
910 1344
910 1535
911 1343
911 1536
912 1342
912 1537
913 1342
913 1538
914 1341
914 1539
915 1340
915 1539
916 1339
916 1540
917 1339
917 1541
918 1338
918 1542
919 1337
919 1543
920 1337
920 1544
921 1336
921 1545
922 1335
922 1546
923 1335
923 1546
924 1334
924 1547
925 1333
925 1548
926 1333
926 1549
927 1332
927 1549
928 1331
928 1550
929 1331
929 1551
930 1330
930 1552
931 1329
931 1553
932 1328
932 1553
933 1328
933 1554
934 1327
934 1555
935 1326
935 1556
936 1326
936 1556
937 1325
937 1556
938 1324
938 1557
939 1324
939 1558
940 1324
940 1558
941 1323
941 1559
942 1323
942 1559
943 1322
943 1560
944 1321
944 1560
945 1321
945 1561
946 1320
946 1561
947 1320
947 1562
948 1319
948 1563
949 1318
949 1563
950 1317
950 1564
951 1317
951 1564
952 1316
952 1564
953 1316
953 1565
954 1315
954 1565
955 1315
955 1566
956 1314
956 1566
957 1314
957 1566
958 1313
958 1566
959 1313
959 1566
960 1313
960 1567
961 1313
961 1567
962 1312
962 1567
963 1312
963 1568
964 1312
964 1568
965 1311
965 1568
966 1311
966 1569
967 1310
967 1569
968 1310
968 1569
969 1309
969 1569
970 1309
970 1570
971 1309
971 1571
972 1308
972 1571
973 1308
973 1571
974 1307
974 1572
975 1307
975 1572
976 1307
976 1572
977 1306
977 1572
978 1306
978 1573
979 1305
979 1573
980 1305
980 1573
981 1305
981 1573
982 1304
982 1574
983 1304
983 1574
984 1303
984 1574
985 1303
985 1574
986 1303
986 1575
987 1303
987 1575
988 1302
988 1575
989 1302
989 1575
990 1302
990 1575
991 1302
991 1575
992 1302
992 1575
993 1302
993 1575
994 1302
994 1576
995 1302
995 1576
996 1302
996 1576
997 1301
997 1576
998 1301
998 1576
999 1301
999 1576
1000 1301
1000 1576
1001 1301
1001 1576
1002 1301
1002 1576
1003 1300
1003 1576
1004 1300
1004 1576
1005 1300
1005 1576
1006 1299
1006 1576
1007 1299
1007 1576
1008 1299
1008 1576
1009 1299
1009 1576
1010 1299
1010 1576
1011 1299
1011 1576
1012 1299
1012 1576
1013 1299
1013 1576
1014 1299
1014 1576
1015 1299
1015 1576
1016 1299
1016 1576
1017 1299
1017 1576
1018 1299
1018 1576
1019 1299
1019 1576
1020 1299
1020 1576
1021 1299
1021 1576
1022 1299
1022 1576
1023 1299
1023 1576
1024 1299
1024 1576
1025 1299
1025 1576
1026 1299
1026 1575
1027 1299
1027 1575
1028 1299
1028 1575
1029 1299
1029 1575
1030 1299
1030 1575
1031 1299
1031 1575
1032 1299
1032 1575
1033 1299
1033 1575
1034 1299
1034 1575
1035 1300
1035 1575
1036 1300
1036 1575
1037 1300
1037 1575
1038 1299
1038 1574
1039 1299
1039 1573
1040 1299
1040 1573
1041 1299
1041 1573
1042 1299
1042 1573
1043 1299
1043 1573
1044 1299
1044 1573
1045 1299
1045 1573
1046 1299
1046 1573
1047 1299
1047 1573
1048 1299
1048 1572
1049 1299
1049 1572
1050 1299
1050 1572
1051 1299
1051 1572
1052 1299
1052 1572
1053 1299
1053 1571
1054 1299
1054 1571
1055 1299
1055 1571
1056 1299
1056 1571
1057 1299
1057 1571
1058 1300
1058 1570
1059 1300
1059 1570
1060 1300
1060 1570
1061 1300
1061 1570
1062 1300
1062 1570
1063 1300
1063 1570
1064 1300
1064 1569
1065 1301
1065 1569
1066 1301
1066 1569
1067 1301
1067 1568
1068 1301
1068 1567
1069 1302
1069 1567
1070 1302
1070 1567
1071 1302
1071 1566
1072 1302
1072 1566
1073 1302
1073 1566
1074 1303
1074 1565
1075 1303
1075 1565
1076 1303
1076 1565
1077 1303
1077 1564
1078 1303
1078 1564
1079 1304
1079 1564
1080 1304
1080 1564
1081 1304
1081 1563
1082 1305
1082 1563
1083 1305
1083 1562
1084 1306
1084 1562
1085 1306
1085 1562
1086 1306
1086 1561
1087 1307
1087 1561
1088 1307
1088 1560
1089 1308
1089 1559
1090 1308
1090 1559
1091 1308
1091 1558
1092 1309
1092 1558
1093 1309
1093 1557
1094 1309
1094 1557
1095 1310
1095 1556
1096 1310
1096 1556
1097 1311
1097 1555
1098 1311
1098 1555
1099 1311
1099 1554
1100 1312
1100 1554
1101 1312
1101 1553
1102 1313
1102 1553
1103 1313
1103 1552
1104 1314
1104 1551
1105 1314
1105 1550
1106 1315
1106 1550
1107 1315
1107 1549
1108 1316
1108 1548
1109 1316
1109 1547
1110 1317
1110 1546
1111 1318
1111 1546
1112 1319
1112 1545
1113 1320
1113 1544
1114 1320
1114 1543
1115 1321
1115 1542
1116 1322
1116 1541
1117 1322
1117 1540
1118 1323
1118 1540
1119 1324
1119 1539
1120 1324
1120 1538
1121 1325
1121 1536
1121 1537
1122 1326
1122 1535
1123 1327
1123 1534
1124 1328
1124 1533
1125 1329
1125 1532
1126 1329
1126 1531
1127 1330
1127 1530
1128 1331
1128 1530
1129 1332
1129 1529
1130 1333
1130 1528
1131 1334
1131 1527
1132 1335
1132 1526
1133 1336
1133 1525
1134 1337
1134 1523
1134 1524
1135 1338
1135 1522
1136 1339
1136 1340
1136 1521
1137 1341
1137 1520
1138 1342
1138 1519
1139 1343
1139 1518
1140 1344
1140 1345
1140 1517
1141 1346
1141 1516
1142 1347
1142 1514
1142 1515
1143 1348
1143 1349
1143 1513
1144 1350
1144 1512
1145 1351
1145 1511
1146 1352
1146 1353
1146 1509
1146 1510
1147 1354
1147 1507
1147 1508
1148 1355
1148 1506
1149 1356
1149 1505
1150 1357
1150 1503
1150 1504
1151 1358
1151 1502
1152 1359
1152 1360
1152 1500
1152 1501
1153 1361
1153 1497
1153 1498
1153 1499
1154 1362
1154 1363
1154 1495
1154 1496
1155 1364
1155 1493
1155 1494
1156 1365
1156 1366
1156 1367
1156 1368
1156 1491
1156 1492
1157 1369
1157 1370
1157 1490
1158 1371
1158 1372
1158 1488
1158 1489
1159 1373
1159 1374
1159 1486
1159 1487
1160 1375
1160 1376
1160 1480
1160 1483
1160 1484
1160 1485
1161 1377
1161 1378
1161 1479
1161 1481
1161 1482
1162 1379
1162 1380
1162 1477
1162 1478
1163 1381
1163 1382
1163 1474
1163 1475
1163 1476
1164 1383
1164 1384
1164 1387
1164 1472
1164 1473
1165 1385
1165 1386
1165 1388
1165 1391
1165 1469
1165 1471
1166 1389
1166 1390
1166 1392
1166 1395
1166 1465
1166 1468
1166 1470
1167 1393
1167 1394
1167 1396
1167 1398
1167 1399
1167 1458
1167 1459
1167 1461
1167 1464
1167 1466
1167 1467
1168 1397
1168 1400
1168 1403
1168 1404
1168 1452
1168 1453
1168 1454
1168 1457
1168 1460
1168 1462
1168 1463
1169 1401
1169 1402
1169 1405
1169 1409
1169 1410
1169 1411
1169 1412
1169 1413
1169 1414
1169 1441
1169 1442
1169 1443
1169 1444
1169 1445
1169 1446
1169 1447
1169 1448
1169 1451
1169 1455
1169 1456
1170 1406
1170 1407
1170 1408
1170 1415
1170 1434
1170 1435
1170 1436
1170 1437
1170 1438
1170 1440
1170 1449
1170 1450
1171 1416
1171 1417
1171 1419
1171 1420
1171 1421
1171 1422
1171 1423
1171 1424
1171 1425
1171 1426
1171 1427
1171 1433
1171 1439
1172 1418
1172 1428
1172 1430
1172 1431
1172 1432
1173 1429
