884 1071
885 1061
885 1062
885 1070
885 1072
885 1083
885 1095
886 1059
886 1060
886 1063
886 1064
886 1065
886 1066
886 1067
886 1068
886 1069
886 1073
886 1074
886 1075
886 1076
886 1077
886 1078
886 1079
886 1080
886 1081
886 1082
886 1084
886 1085
886 1086
886 1087
886 1088
886 1089
886 1090
886 1091
886 1092
886 1093
886 1094
886 1096
886 1107
887 1054
887 1055
887 1058
887 1097
887 1098
887 1099
887 1100
887 1101
887 1102
887 1103
887 1104
887 1105
887 1106
887 1108
887 1111
887 1112
888 1046
888 1049
888 1050
888 1053
888 1056
888 1057
888 1109
888 1110
888 1113
888 1116
888 1117
889 1043
889 1044
889 1045
889 1047
889 1048
889 1051
889 1052
889 1114
889 1115
889 1118
890 1039
890 1040
890 1042
890 1119
890 1122
890 1123
891 1036
891 1037
891 1038
891 1041
891 1120
891 1121
891 1124
891 1126
891 1127
891 1130
892 1035
892 1125
892 1128
892 1129
892 1131
892 1132
893 1033
893 1034
893 1133
893 1134
894 1031
894 1032
894 1135
894 1136
895 1030
895 1137
895 1138
896 1028
896 1029
896 1139
896 1140
897 1024
897 1026
897 1027
897 1141
898 1022
898 1023
898 1025
898 1142
898 1143
899 1021
899 1144
900 1019
900 1020
900 1145
901 1017
901 1018
901 1146
901 1147
902 1015
902 1016
902 1148
903 1014
903 1149
904 1013
904 1150
904 1151
905 1011
905 1012
905 1152
905 1153
906 1010
906 1154
907 1008
907 1009
907 1155
908 1007
908 1156
908 1157
909 1006
909 1158
910 1005
910 1159
911 1003
911 1004
911 1160
912 1002
912 1161
913 1001
913 1162
914 1000
914 1163
915 998
915 999
915 1164
916 997
916 1165
917 995
917 996
917 1166
918 994
918 1167
919 993
919 1168
919 1169
920 992
920 1170
921 991
921 1171
922 990
922 1172
923 989
923 1173
924 988
924 1174
925 987
925 1175
926 986
926 1176
927 986
927 1177
928 985
928 1178
929 984
929 1179
930 983
930 1180
931 982
931 1181
932 982
932 1182
933 981
933 1183
934 980
934 1184
935 979
935 1185
936 978
936 1185
937 977
937 1185
938 977
938 1186
939 976
939 1187
940 975
940 1188
941 975
941 1189
942 974
942 1190
943 973
943 1191
944 973
944 1192
945 972
945 1193
946 971
946 1194
947 970
947 1195
948 970
948 1196
949 969
949 1196
950 968
950 1197
951 968
951 1198
952 967
952 1199
953 966
953 1199
954 966
954 1199
955 966
955 1200
956 965
956 1200
957 965
957 1201
958 964
958 1201
959 964
959 1202
960 963
960 1202
961 963
961 1203
962 962
962 1203
963 961
963 1203
964 960
964 1204
965 959
965 1205
966 959
966 1205
967 958
967 1206
968 958
968 1206
969 957
969 1207
970 957
970 1207
971 956
971 1208
972 956
972 1208
973 955
973 1208
974 955
974 1208
975 955
975 1209
976 955
976 1209
977 954
977 1209
978 954
978 1209
979 954
979 1210
980 953
980 1210
981 953
981 1210
982 952
982 1210
983 952
983 1210
984 952
984 1210
985 951
985 1210
986 951
986 1211
987 951
987 1212
988 951
988 1212
989 951
989 1212
990 951
990 1212
991 951
991 1213
992 951
992 1213
993 950
993 1213
994 950
994 1213
995 950
995 1213
996 950
996 1213
997 950
997 1214
998 950
998 1214
999 949
999 1214
1000 949
1000 1214
1001 949
1001 1215
1002 949
1002 1215
1003 949
1003 1215
1004 949
1004 1215
1005 949
1005 1215
1006 948
1006 1215
1007 948
1007 1215
1008 948
1008 1215
1009 948
1009 1215
1010 948
1010 1215
1011 948
1011 1215
1012 948
1012 1215
1013 948
1013 1215
1014 948
1014 1215
1015 948
1015 1215
1016 948
1016 1215
1017 948
1017 1215
1018 948
1018 1215
1019 948
1019 1215
1020 948
1020 1215
1021 948
1021 1215
1022 948
1022 1215
1023 948
1023 1215
1024 948
1024 1215
1025 948
1025 1215
1026 948
1026 1215
1027 948
1027 1216
1028 948
1028 1216
1029 948
1029 1216
1030 948
1030 1216
1031 948
1031 1216
1032 948
1032 1216
1033 948
1033 1216
1034 948
1034 1216
1035 948
1035 1216
1036 948
1036 1216
1037 948
1037 1216
1038 948
1038 1216
1039 948
1039 1216
1040 948
1040 1216
1041 948
1041 1216
1042 948
1042 1216
1043 948
1043 1216
1044 948
1044 1216
1045 948
1045 1216
1046 948
1046 1216
1047 948
1047 1216
1048 948
1048 1216
1049 948
1049 1216
1050 948
1050 1216
1051 948
1051 1216
1052 948
1052 1216
1053 948
1053 1216
1054 948
1054 1216
1055 948
1055 1216
1056 948
1056 1216
1057 948
1057 1216
1058 949
1058 1215
1059 949
1059 1214
1060 949
1060 1214
1061 949
1061 1214
1062 949
1062 1214
1063 949
1063 1214
1064 949
1064 1214
1065 949
1065 1214
1066 949
1066 1214
1067 949
1067 1214
1068 949
1068 1213
1069 949
1069 1213
1070 950
1070 1213
1071 950
1071 1213
1072 950
1072 1213
1073 950
1073 1213
1074 950
1074 1212
1075 951
1075 1212
1076 951
1076 1212
1077 951
1077 1212
1078 951
1078 1212
1079 951
1079 1212
1080 952
1080 1211
1081 952
1081 1210
1082 952
1082 1210
1083 952
1083 1210
1084 952
1084 1210
1085 952
1085 1210
1086 952
1086 1210
1087 952
1087 1209
1088 952
1088 1209
1089 953
1089 1209
1090 953
1090 1208
1091 953
1091 1208
1092 954
1092 1208
1093 954
1093 1208
1094 954
1094 1207
1095 954
1095 1207
1096 954
1096 1207
1097 955
1097 1206
1098 955
1098 1206
1099 955
1099 1206
1100 955
1100 1206
1101 955
1101 1205
1102 955
1102 1205
1103 956
1103 1205
1104 956
1104 1204
1105 957
1105 1204
1106 957
1106 1203
1107 958
1107 1203
1108 958
1108 1203
1109 959
1109 1202
1110 959
1110 1202
1111 960
1111 1201
1112 961
1112 1201
1113 961
1113 1201
1114 962
1114 1200
1115 962
1115 1200
1116 963
1116 1199
1117 963
1117 1199
1118 964
1118 1198
1119 965
1119 1198
1120 965
1120 1198
1121 966
1121 1197
1122 966
1122 1196
1123 966
1123 1195
1124 967
1124 1195
1125 968
1125 1194
1126 968
1126 1194
1127 969
1127 1193
1128 970
1128 1192
1129 970
1129 1192
1130 971
1130 1191
1131 972
1131 1191
1132 973
1132 1190
1133 974
1133 1190
1134 975
1134 1189
1135 975
1135 1188
1136 976
1136 1188
1137 977
1137 1187
1138 977
1138 1186
1139 978
1139 1185
1140 979
1140 1185
1141 979
1141 1184
1142 980
1142 1183
1143 981
1143 1183
1144 982
1144 1182
1145 983
1145 1181
1146 983
1146 1180
1147 984
1147 1180
1148 985
1148 1179
1149 986
1149 1177
1149 1178
1150 987
1150 1176
1151 988
1151 1175
1152 989
1152 1175
1153 990
1153 1174
1154 991
1154 1173
1155 992
1155 1172
1156 993
1156 1171
1157 993
1157 1170
1158 994
1158 1170
1159 995
1159 1169
1160 996
1160 1168
1161 997
1161 1167
1162 998
1162 1166
1163 998
1163 1165
1164 999
1164 1164
1165 1000
1165 1164
1166 1001
1166 1163
1167 1001
1167 1162
1168 1002
1168 1162
1169 1003
1169 1160
1169 1161
1170 1004
1170 1159
1171 1005
1171 1006
1171 1157
1171 1158
1172 1007
1172 1156
1173 1008
1173 1009
1173 1155
1174 1010
1174 1152
1174 1153
1174 1154
1175 1011
1175 1012
1175 1151
1176 1013
1176 1150
1177 1014
1177 1015
1177 1148
1177 1149
1178 1016
1178 1147
1179 1017
1179 1018
1179 1146
1180 1019
1180 1144
1180 1145
1181 1020
1181 1021
1181 1142
1181 1143
1182 1022
1182 1023
1182 1141
1183 1024
1183 1139
1183 1140
1184 1025
1184 1137
1184 1138
1185 1026
1185 1027
1185 1135
1185 1136
1186 1028
1186 1132
1186 1133
1186 1134
1187 1029
1187 1030
1187 1130
1187 1131
1188 1031
1188 1127
1188 1128
1188 1129
1189 1032
1189 1125
1189 1126
1190 1033
1190 1034
1190 1035
1190 1122
1190 1123
1190 1124
1191 1036
1191 1037
1191 1038
1191 1120
1191 1121
1192 1039
1192 1040
1192 1041
1192 1118
1192 1119
1193 1042
1193 1043
1193 1044
1193 1047
1193 1048
1193 1115
1193 1116
1193 1117
1194 1045
1194 1046
1194 1049
1194 1052
1194 1053
1194 1112
1194 1113
1194 1114
1195 1050
1195 1051
1195 1054
1195 1103
1195 1104
1195 1105
1195 1106
1195 1110
1195 1111
1196 1055
1196 1056
1196 1057
1196 1059
1196 1060
1196 1061
1196 1097
1196 1098
1196 1099
1196 1100
1196 1102
1196 1107
1196 1108
1196 1109
1197 1058
1197 1062
1197 1065
1197 1066
1197 1085
1197 1086
1197 1087
1197 1088
1197 1089
1197 1090
1197 1091
1197 1092
1197 1093
1197 1094
1197 1096
1197 1101
1198 1063
1198 1064
1198 1067
1198 1071
1198 1072
1198 1073
1198 1074
1198 1075
1198 1076
1198 1077
1198 1078
1198 1079
1198 1080
1198 1081
1198 1082
1198 1084
1198 1095
1199 1068
1199 1069
1199 1070
1199 1083
