859 1068
859 1081
859 1097
860 1061
860 1067
860 1069
860 1070
860 1071
860 1072
860 1073
860 1074
860 1075
860 1076
860 1077
860 1078
860 1079
860 1080
860 1082
860 1083
860 1084
860 1085
860 1086
860 1087
860 1088
860 1089
860 1090
860 1091
860 1092
860 1093
860 1094
860 1095
860 1096
860 1098
860 1106
860 1107
860 1110
861 1054
861 1060
861 1062
861 1063
861 1064
861 1065
861 1066
861 1099
861 1100
861 1101
861 1102
861 1103
861 1104
861 1105
861 1108
861 1109
861 1111
861 1114
861 1115
862 1049
862 1050
862 1053
862 1055
862 1056
862 1057
862 1058
862 1059
862 1112
862 1113
862 1116
862 1118
862 1119
863 1045
863 1046
863 1048
863 1051
863 1052
863 1117
863 1120
863 1122
863 1123
863 1124
864 1041
864 1044
864 1047
864 1121
864 1125
864 1126
864 1127
865 1038
865 1039
865 1040
865 1042
865 1043
865 1128
865 1129
865 1130
866 1036
866 1037
866 1131
866 1132
866 1133
867 1033
867 1034
867 1035
867 1134
867 1135
867 1136
868 1030
868 1031
868 1032
868 1137
869 1027
869 1028
869 1029
869 1138
869 1139
869 1140
870 1025
870 1026
870 1141
870 1142
871 1023
871 1024
871 1143
871 1144
872 1022
872 1145
872 1146
873 1020
873 1021
873 1147
873 1148
873 1149
874 1018
874 1019
874 1150
875 1017
875 1151
875 1152
876 1015
876 1016
876 1153
876 1154
877 1013
877 1014
877 1155
877 1156
878 1012
878 1157
878 1158
879 1010
879 1011
879 1159
879 1160
880 1009
880 1161
880 1162
881 1007
881 1008
881 1163
881 1164
882 1006
882 1165
883 1004
883 1005
883 1166
883 1167
884 1003
884 1168
885 1002
885 1169
885 1170
886 1001
886 1171
887 999
887 1000
887 1172
887 1173
888 998
888 1174
889 996
889 997
889 1175
889 1176
890 994
890 995
890 1177
891 992
891 993
891 1178
892 991
892 1179
893 990
893 1180
894 988
894 989
894 1181
895 987
895 1182
896 986
896 1183
896 1184
897 985
897 1185
898 984
898 1185
899 982
899 983
899 1186
900 981
900 1187
901 980
901 1188
902 979
902 1189
903 978
903 1190
904 977
904 1191
905 976
905 1192
906 975
906 1193
907 974
907 1194
908 973
908 1194
909 972
909 1195
910 971
910 1196
911 970
911 1197
912 969
912 1198
913 968
913 1198
914 967
914 1199
915 966
915 1200
916 965
916 1201
917 964
917 1202
918 962
918 963
918 1203
919 961
919 1204
920 960
920 1205
921 959
921 1206
922 958
922 1206
923 958
923 1207
924 957
924 1208
925 956
925 1208
926 955
926 1209
927 954
927 1210
928 953
928 1210
929 952
929 1210
930 952
930 1211
931 951
931 1212
932 950
932 1212
933 950
933 1213
934 949
934 1214
935 949
935 1214
936 948
936 1215
937 948
937 1216
938 947
938 1216
939 946
939 1217
940 946
940 1217
941 946
941 1218
942 945
942 1219
943 945
943 1219
944 944
944 1220
945 944
945 1220
946 943
946 1221
947 943
947 1221
948 942
948 1222
949 942
949 1222
950 941
950 1223
951 940
951 1223
952 939
952 1224
953 939
953 1224
954 938
954 1225
955 938
955 1225
956 937
956 1226
957 937
957 1226
958 936
958 1227
959 936
959 1227
960 935
960 1228
961 935
961 1228
962 934
962 1228
963 934
963 1229
964 933
964 1230
965 933
965 1230
966 932
966 1230
967 932
967 1231
968 931
968 1231
969 931
969 1231
970 930
970 1231
971 930
971 1232
972 929
972 1232
973 929
973 1232
974 928
974 1232
975 928
975 1232
976 928
976 1233
977 928
977 1233
978 927
978 1233
979 927
979 1234
980 926
980 1234
981 926
981 1234
982 926
982 1235
983 925
983 1235
984 925
984 1235
985 924
985 1235
986 924
986 1235
987 924
987 1236
988 923
988 1237
989 923
989 1237
990 922
990 1237
991 922
991 1237
992 922
992 1238
993 921
993 1238
994 921
994 1238
995 921
995 1238
996 920
996 1238
997 920
997 1238
998 920
998 1238
999 919
999 1238
1000 919
1000 1238
1001 919
1001 1239
1002 919
1002 1239
1003 919
1003 1239
1004 918
1004 1239
1005 918
1005 1239
1006 918
1006 1239
1007 918
1007 1239
1008 918
1008 1239
1009 918
1009 1239
1010 918
1010 1239
1011 918
1011 1239
1012 918
1012 1239
1013 918
1013 1239
1014 917
1014 1239
1015 917
1015 1239
1016 917
1016 1239
1017 917
1017 1239
1018 917
1018 1239
1019 917
1019 1239
1020 917
1020 1239
1021 916
1021 1239
1022 916
1022 1239
1023 916
1023 1239
1024 916
1024 1240
1025 916
1025 1240
1026 916
1026 1240
1027 915
1027 1240
1028 915
1028 1240
1029 915
1029 1240
1030 915
1030 1240
1031 915
1031 1240
1032 915
1032 1240
1033 915
1033 1240
1034 915
1034 1240
1035 915
1035 1240
1036 915
1036 1240
1037 915
1037 1240
1038 915
1038 1239
1039 915
1039 1239
1040 915
1040 1239
1041 915
1041 1239
1042 915
1042 1239
1043 915
1043 1239
1044 915
1044 1239
1045 915
1045 1239
1046 915
1046 1239
1047 915
1047 1239
1048 915
1048 1239
1049 915
1049 1239
1050 915
1050 1239
1051 916
1051 1239
1052 916
1052 1239
1053 916
1053 1239
1054 916
1054 1239
1055 916
1055 1239
1056 916
1056 1239
1057 916
1057 1239
1058 916
1058 1239
1059 916
1059 1239
1060 916
1060 1239
1061 916
1061 1238
1062 916
1062 1237
1063 917
1063 1237
1064 917
1064 1237
1065 917
1065 1237
1066 917
1066 1237
1067 917
1067 1237
1068 917
1068 1237
1069 917
1069 1237
1070 917
1070 1237
1071 917
1071 1237
1072 918
1072 1237
1073 918
1073 1237
1074 918
1074 1237
1075 918
1075 1237
1076 919
1076 1236
1077 919
1077 1236
1078 919
1078 1236
1079 919
1079 1236
1080 920
1080 1236
1081 920
1081 1236
1082 920
1082 1235
1083 921
1083 1235
1084 921
1084 1235
1085 921
1085 1235
1086 921
1086 1235
1087 922
1087 1234
1088 922
1088 1234
1089 922
1089 1234
1090 922
1090 1234
1091 922
1091 1234
1092 923
1092 1233
1093 923
1093 1233
1094 923
1094 1233
1095 923
1095 1233
1096 924
1096 1232
1097 924
1097 1232
1098 924
1098 1232
1099 925
1099 1232
1100 925
1100 1231
1101 926
1101 1230
1102 926
1102 1230
1103 926
1103 1230
1104 926
1104 1230
1105 927
1105 1230
1106 927
1106 1230
1107 927
1107 1230
1108 928
1108 1229
1109 928
1109 1229
1110 928
1110 1229
1111 929
1111 1229
1112 929
1112 1228
1113 929
1113 1228
1114 930
1114 1228
1115 930
1115 1227
1116 931
1116 1227
1117 931
1117 1226
1118 932
1118 1226
1119 932
1119 1225
1120 933
1120 1225
1121 934
1121 1225
1122 934
1122 1224
1123 935
1123 1224
1124 935
1124 1223
1125 936
1125 1222
1126 937
1126 1222
1127 937
1127 1221
1128 938
1128 1221
1129 938
1129 1220
1130 939
1130 1220
1131 940
1131 1219
1132 940
1132 1218
1133 941
1133 1218
1134 941
1134 1217
1135 942
1135 1217
1136 943
1136 1216
1137 943
1137 1215
1138 944
1138 1215
1139 945
1139 1214
1140 946
1140 1213
1141 947
1141 1213
1142 947
1142 1212
1143 948
1143 1211
1144 949
1144 1211
1145 950
1145 1210
1146 950
1146 1209
1147 951
1147 1209
1148 952
1148 1208
1149 952
1149 1207
1150 953
1150 1206
1151 954
1151 1206
1152 955
1152 1205
1153 956
1153 1204
1154 957
1154 1203
1155 958
1155 1203
1156 959
1156 1202
1157 960
1157 1201
1158 961
1158 1201
1159 961
1159 1200
1160 962
1160 1199
1161 963
1161 1198
1162 964
1162 1196
1162 1197
1163 965
1163 1195
1164 966
1164 1194
1165 967
1165 1193
1166 968
1166 1192
1167 969
1167 1191
1168 970
1168 1190
1169 971
1169 972
1169 1189
1170 973
1170 1188
1171 974
1171 1187
1172 975
1172 1186
1173 976
1173 1184
1173 1185
1174 977
1174 1183
1175 978
1175 1182
1176 979
1176 1180
1176 1181
1177 980
1177 1179
1178 981
1178 1178
1179 982
1179 1177
1180 983
1180 1175
1180 1176
1181 984
1181 985
1181 1174
1182 986
1182 1173
1183 987
1183 1172
1184 988
1184 989
1184 1171
1185 990
1185 1170
1186 991
1186 992
1186 1168
1186 1169
1187 993
1187 1167
1188 994
1188 995
1188 1166
1189 996
1189 1164
1189 1165
1190 997
1190 1163
1191 998
1191 999
1191 1162
1192 1000
1192 1160
1192 1161
1193 1001
1193 1002
1193 1158
1193 1159
1194 1003
1194 1157
1195 1004
1195 1005
1195 1156
1196 1006
1196 1154
1196 1155
1197 1007
1197 1008
1197 1153
1198 1009
1198 1010
1198 1152
1199 1011
1199 1150
1199 1151
1200 1012
1200 1013
1200 1149
1201 1014
1201 1015
1201 1148
1202 1016
1202 1017
1202 1146
1202 1147
1203 1018
1203 1019
1203 1145
1204 1020
1204 1143
1204 1144
1205 1021
1205 1022
1205 1142
1206 1023
1206 1024
1206 1140
1206 1141
1207 1025
1207 1026
1207 1139
1208 1027
1208 1029
1208 1136
1208 1137
1208 1138
1209 1028
1209 1030
1209 1032
1209 1133
1209 1134
1209 1135
1210 1031
1210 1033
1210 1035
1210 1131
1210 1132
1211 1034
1211 1036
1211 1038
1211 1128
1211 1129
1211 1130
1212 1037
1212 1039
1212 1041
1212 1042
1212 1122
1212 1125
1212 1126
1212 1127
1213 1040
1213 1043
1213 1046
1213 1047
1213 1118
1213 1121
1213 1123
1213 1124
1214 1044
1214 1045
1214 1048
1214 1051
1214 1052
1214 1114
1214 1117
1214 1119
1214 1120
1215 1049
1215 1050
1215 1053
1215 1055
1215 1056
1215 1057
1215 1058
1215 1059
1215 1060
1215 1101
1215 1102
1215 1103
1215 1104
1215 1105
1215 1106
1215 1107
1215 1108
1215 1109
1215 1113
1215 1115
1215 1116
1216 1054
1216 1061
1216 1063
1216 1064
1216 1065
1216 1066
1216 1100
1216 1110
1216 1111
1216 1112
1217 1062
1217 1067
1217 1069
1217 1070
1217 1071
1217 1072
1217 1073
1217 1074
1217 1075
1217 1076
1217 1077
1217 1078
1217 1079
1217 1080
1217 1081
1217 1082
1217 1083
1217 1084
1217 1085
1217 1086
1217 1087
1217 1088
1217 1089
1217 1090
1217 1091
1217 1092
1217 1093
1217 1094
1217 1095
1217 1097
1217 1098
1217 1099
1218 1068
1218 1096
