668 895
669 885
669 886
669 894
669 896
669 914
670 876
670 884
670 887
670 888
670 889
670 890
670 891
670 892
670 893
670 897
670 898
670 899
670 900
670 901
670 902
670 903
670 904
670 905
670 906
670 907
670 908
670 909
670 910
670 911
670 912
670 913
670 915
670 925
671 872
671 875
671 877
671 878
671 879
671 880
671 881
671 882
671 883
671 916
671 917
671 918
671 919
671 920
671 921
671 922
671 923
671 924
671 926
671 933
672 868
672 871
672 873
672 874
672 927
672 928
672 929
672 930
672 931
672 932
672 934
672 936
672 937
673 864
673 867
673 869
673 870
673 935
673 938
673 940
673 941
674 860
674 863
674 865
674 866
674 939
674 942
674 943
674 944
675 856
675 859
675 861
675 862
675 945
675 947
675 948
676 853
676 854
676 855
676 857
676 858
676 946
676 949
676 950
676 951
676 952
677 850
677 851
677 852
677 953
677 954
677 955
678 847
678 848
678 849
678 956
678 957
679 843
679 844
679 846
679 958
679 959
680 840
680 841
680 842
680 845
680 960
680 961
681 839
681 962
681 963
682 837
682 838
682 964
682 965
683 835
683 836
683 966
683 967
684 833
684 834
684 968
684 969
685 831
685 832
685 970
685 971
685 972
686 829
686 830
686 973
686 974
687 827
687 828
687 975
687 976
688 825
688 826
688 977
688 978
689 821
689 823
689 824
689 979
689 980
689 981
690 819
690 820
690 822
690 982
690 983
691 817
691 818
691 984
691 985
692 815
692 816
692 986
693 814
693 987
693 988
693 989
694 812
694 813
694 990
694 991
695 810
695 811
695 992
695 993
696 808
696 809
696 994
696 995
697 806
697 807
697 996
697 997
698 805
698 998
698 999
698 1000
699 803
699 804
699 1001
699 1002
700 801
700 802
700 1003
701 799
701 800
701 1004
701 1005
701 1006
702 797
702 798
702 1007
702 1008
703 796
703 1009
703 1010
704 794
704 795
704 1011
704 1012
705 792
705 793
705 1013
705 1014
706 790
706 791
706 1015
706 1016
707 789
707 1017
707 1018
708 788
708 1019
708 1020
709 786
709 787
709 1021
709 1022
710 784
710 785
710 1023
711 783
711 1024
711 1025
712 781
712 782
712 1026
713 780
713 1027
714 778
714 779
714 1028
714 1029
715 776
715 777
715 1030
716 775
716 1031
716 1032
717 774
717 1033
718 772
718 773
718 1034
719 771
719 1035
720 770
720 1036
720 1037
721 768
721 769
721 1038
722 767
722 1039
722 1040
723 766
723 1041
724 765
724 1042
725 763
725 764
725 1043
725 1044
726 762
726 1045
727 761
727 1046
728 759
728 760
728 1047
728 1048
729 758
729 1049
730 757
730 1050
730 1051
731 756
731 1052
732 755
732 1053
733 754
733 1054
734 753
734 1055
735 752
735 1056
736 751
736 1057
737 750
737 1058
738 749
738 1059
739 748
739 1059
740 747
740 1060
741 746
741 1061
742 745
742 1062
743 744
743 1063
744 743
744 1064
745 742
745 1064
746 741
746 1065
747 740
747 1066
748 739
748 1067
749 738
749 1067
750 737
750 1068
751 736
751 1069
752 735
752 1069
753 734
753 1070
754 733
754 1071
755 732
755 1071
756 731
756 1072
757 731
757 1073
758 730
758 1073
759 729
759 1074
760 728
760 1074
761 728
761 1074
762 727
762 1075
763 726
763 1076
764 725
764 1076
765 725
765 1077
766 724
766 1078
767 723
767 1078
768 722
768 1079
769 721
769 1080
770 720
770 1080
771 720
771 1081
772 719
772 1082
773 718
773 1082
774 717
774 1083
775 717
775 1083
776 716
776 1084
777 715
777 1085
778 714
778 1085
779 714
779 1085
780 713
780 1086
781 712
781 1086
782 711
782 1086
783 711
783 1087
784 710
784 1087
785 710
785 1087
786 709
786 1088
787 708
787 1088
788 708
788 1088
789 707
789 1089
790 706
790 1089
791 705
791 1089
792 705
792 1089
793 704
793 1089
794 703
794 1090
795 703
795 1091
796 702
796 1091
797 701
797 1091
798 701
798 1092
799 700
799 1092
800 700
800 1092
801 699
801 1092
802 699
802 1093
803 698
803 1093
804 698
804 1093
805 697
805 1093
806 697
806 1094
807 697
807 1094
808 696
808 1094
809 696
809 1094
810 695
810 1094
811 695
811 1094
812 694
812 1095
813 694
813 1096
814 694
814 1096
815 693
815 1096
816 693
816 1096
817 693
817 1096
818 692
818 1096
819 692
819 1097
820 692
820 1097
821 691
821 1097
822 691
822 1097
823 691
823 1097
824 690
824 1097
825 690
825 1097
826 690
826 1097
827 689
827 1097
828 689
828 1097
829 689
829 1097
830 688
830 1098
831 688
831 1098
832 688
832 1098
833 688
833 1098
834 687
834 1098
835 687
835 1098
836 687
836 1098
837 687
837 1098
838 686
838 1098
839 686
839 1098
840 686
840 1098
841 686
841 1098
842 685
842 1098
843 685
843 1098
844 685
844 1098
845 685
845 1098
846 685
846 1098
847 684
847 1098
848 684
848 1098
849 684
849 1098
850 684
850 1098
851 684
851 1098
852 684
852 1098
853 684
853 1098
854 684
854 1098
855 683
855 1098
856 683
856 1098
857 683
857 1098
858 683
858 1098
859 683
859 1098
860 683
860 1098
861 683
861 1098
862 683
862 1098
863 683
863 1098
864 683
864 1098
865 683
865 1099
866 682
866 1099
867 682
867 1099
868 682
868 1099
869 682
869 1099
870 682
870 1099
871 682
871 1099
872 682
872 1099
873 682
873 1099
874 682
874 1099
875 682
875 1099
876 682
876 1099
877 682
877 1099
878 682
878 1099
879 682
879 1099
880 682
880 1099
881 682
881 1099
882 682
882 1099
883 682
883 1099
884 682
884 1099
885 682
885 1098
886 682
886 1098
887 682
887 1098
888 682
888 1098
889 682
889 1098
890 682
890 1098
891 682
891 1098
892 682
892 1098
893 682
893 1097
894 682
894 1097
895 682
895 1097
896 682
896 1097
897 682
897 1097
898 682
898 1097
899 682
899 1097
900 682
900 1097
901 682
901 1097
902 682
902 1096
903 682
903 1096
904 682
904 1096
905 682
905 1096
906 682
906 1096
907 682
907 1096
908 682
908 1096
909 682
909 1095
910 682
910 1095
911 682
911 1095
912 683
912 1095
913 683
913 1095
914 683
914 1095
915 683
915 1094
916 683
916 1093
917 683
917 1093
918 683
918 1093
919 683
919 1093
920 683
920 1093
921 683
921 1093
922 683
922 1092
923 683
923 1092
924 683
924 1092
925 683
925 1092
926 683
926 1092
927 683
927 1091
928 683
928 1091
929 683
929 1091
930 683
930 1091
931 684
931 1090
932 684
932 1090
933 684
933 1090
934 684
934 1090
935 685
935 1089
936 685
936 1089
937 685
937 1089
938 685
938 1089
939 686
939 1088
940 686
940 1088
941 686
941 1088
942 686
942 1088
943 687
943 1087
944 687
944 1087
945 687
945 1087
946 687
946 1087
947 687
947 1087
948 687
948 1087
949 687
949 1087
950 688
950 1087
951 688
951 1087
952 688
952 1086
953 688
953 1086
954 689
954 1086
955 689
955 1086
956 689
956 1086
957 689
957 1085
958 690
958 1084
959 690
959 1084
960 690
960 1084
961 690
961 1084
962 691
962 1084
963 691
963 1084
964 691
964 1084
965 691
965 1084
966 692
966 1084
967 692
967 1084
968 692
968 1084
969 693
969 1084
970 693
970 1084
971 693
971 1083
972 694
972 1082
973 694
973 1082
974 694
974 1082
975 694
975 1082
976 695
976 1082
977 695
977 1082
978 696
978 1082
979 696
979 1082
980 696
980 1082
981 697
981 1082
982 697
982 1082
983 697
983 1082
984 698
984 1081
985 698
985 1081
986 698
986 1081
987 699
987 1081
988 699
988 1081
989 699
989 1081
990 699
990 1081
991 700
991 1081
992 700
992 1080
993 701
993 1080
994 701
994 1080
995 701
995 1080
996 701
996 1080
997 702
997 1079
998 702
998 1079
999 702
999 1079
1000 703
1000 1078
1001 703
1001 1078
1002 703
1002 1078
1003 704
1003 1078
1004 704
1004 1077
1005 704
1005 1077
1006 705
1006 1077
1007 705
1007 1076
1008 705
1008 1076
1009 706
1009 1076
1010 706
1010 1076
1011 706
1011 1076
1012 706
1012 1075
1013 707
1013 1075
1014 707
1014 1075
1015 707
1015 1074
1016 708
1016 1074
1017 708
1017 1074
1018 708
1018 1074
1019 709
1019 1073
1020 709
1020 1073
1021 709
1021 1073
1022 710
1022 1072
1023 710
1023 1072
1024 710
1024 1072
1025 711
1025 1071
1026 711
1026 1071
1027 711
1027 1071
1028 712
1028 1070
1029 712
1029 1070
1030 713
1030 1070
1031 713
1031 1069
1032 714
1032 1069
1033 714
1033 1069
1034 715
1034 1068
1035 715
1035 1068
1036 716
1036 1068
1037 716
1037 1067
1038 716
1038 1067
1039 717
1039 1066
1040 717
1040 1065
1041 718
1041 1065
1042 718
1042 1065
1043 719
1043 1064
1044 719
1044 1064
1045 720
1045 1063
1046 720
1046 1063
1047 721
1047 1063
1048 721
1048 1062
1049 722
1049 1062
1050 722
1050 1061
1051 723
1051 1061
1052 723
1052 1061
1053 724
1053 1060
1054 724
1054 1060
1055 725
1055 1059
1056 725
1056 1059
1057 726
1057 727
1057 1059
1058 728
1058 1059
1059 728
1059 1058
1060 729
1060 1058
1061 729
1061 1058
1062 730
1062 1057
1063 730
1063 1057
1064 731
1064 1057
1065 731
1065 1056
1066 732
1066 1056
1067 733
1067 1056
1068 733
1068 1056
1069 734
1069 1055
1070 734
1070 1055
1071 735
1071 1055
1072 735
1072 1054
1073 735
1073 1053
1074 736
1074 1053
1075 737
1075 1053
1076 737
1076 1053
1077 738
1077 1052
1078 739
1078 1052
1079 739
1079 1052
1080 740
1080 1051
1081 741
1081 1051
1082 741
1082 1050
1083 742
1083 1050
1084 743
1084 1050
1085 743
1085 1049
1086 744
1086 1049
1087 745
1087 1049
1088 745
1088 1048
1089 746
1089 1048
1090 747
1090 1047
1091 748
1091 1047
1092 748
1092 1047
1093 749
1093 1046
1094 750
1094 1045
1095 751
1095 1044
1096 752
1096 1044
1097 752
1097 1043
1098 753
1098 1042
1099 754
1099 1042
1100 755
1100 1041
1101 755
1101 1040
1102 756
1102 1040
1103 757
1103 1039
1104 758
1104 1038
1105 759
1105 1037
1106 760
1106 1037
1107 761
1107 1036
1108 761
1108 1035
1109 762
1109 1034
1110 763
1110 1034
1111 764
1111 1033
1112 765
1112 1032
1113 766
1113 1031
1114 766
1114 1031
1115 767
1115 1030
1116 768
1116 1029
1117 769
1117 1028
1118 769
1118 1028
1119 770
1119 1027
1120 771
1120 1026
1121 772
1121 1025
1122 773
1122 1025
1123 774
1123 1024
1124 775
1124 1023
1125 776
1125 1022
1126 777
1126 1021
1127 778
1127 1020
1128 779
1128 1019
1129 780
1129 1018
1130 781
1130 1017
1131 782
1131 1016
1132 783
1132 784
1132 1015
1133 785
1133 1014
1134 786
1134 1013
1135 787
1135 1012
1136 788
1136 1011
1137 789
1137 790
1137 1009
1137 1010
1138 791
1138 1008
1139 792
1139 1007
1140 793
1140 1006
1141 794
1141 1005
1142 795
1142 1003
1142 1004
1143 796
1143 797
1143 1002
1144 798
1144 1001
1145 799
1145 1000
1146 800
1146 999
1147 801
1147 802
1147 998
1148 803
1148 996
1148 997
1149 804
1149 805
1149 995
1150 806
1150 994
1151 807
1151 808
1151 993
1152 809
1152 992
1153 810
1153 991
1154 811
1154 812
1154 989
1154 990
1155 813
1155 988
1156 814
1156 815
1156 987
1157 816
1157 985
1157 986
1158 817
1158 818
1158 984
1159 819
1159 820
1159 982
1159 983
1160 821
1160 822
1160 981
1161 823
1161 824
1161 980
1162 825
1162 826
1162 978
1162 979
1163 827
1163 828
1163 977
1164 829
1164 830
1164 974
1164 975
1164 976
1165 831
1165 832
1165 835
1165 972
1165 973
1166 833
1166 834
1166 836
1166 838
1166 971
1167 837
1167 839
1167 841
1167 969
1167 970
1168 840
1168 842
1168 844
1168 967
1168 968
1169 843
1169 845
1169 847
1169 965
1169 966
1170 846
1170 848
1170 850
1170 963
1170 964
1171 849
1171 851
1171 961
1171 962
1172 852
1172 853
1172 855
1172 959
1172 960
1173 854
1173 856
1173 859
1173 957
1173 958
1174 857
1174 858
1174 860
1174 863
1174 955
1174 956
1175 861
1175 862
1175 864
1175 867
1175 952
1175 953
1175 954
1176 865
1176 866
1176 868
1176 871
1176 949
1176 950
1176 951
1177 869
1177 870
1177 872
1177 875
1177 876
1177 877
1177 878
1177 879
1177 880
1177 947
1177 948
1178 873
1178 874
1178 881
1178 884
1178 885
1178 886
1178 887
1178 888
1178 944
1178 945
1178 946
1179 882
1179 883
1179 889
1179 892
1179 941
1179 942
1179 943
1180 890
1180 891
1180 893
1180 895
1180 896
1180 897
1180 898
1180 899
1180 900
1180 901
1180 902
1180 903
1180 904
1180 905
1180 906
1180 907
1180 908
1180 909
1180 910
1180 911
1180 912
1180 913
1180 917
1180 918
1180 919
1180 920
1180 921
1180 922
1180 923
1180 924
1180 925
1180 926
1180 927
1180 928
1180 929
1180 930
1180 931
1180 932
1180 933
1180 934
1180 938
1180 939
1180 940
1181 894
1181 914
1181 916
1181 935
1181 936
1181 937
1182 915
