738 895
738 909
738 910
739 882
739 884
739 885
739 894
739 896
739 897
739 898
739 899
739 900
739 901
739 902
739 903
739 904
739 905
739 906
739 907
739 908
739 911
739 924
740 875
740 876
740 881
740 883
740 886
740 887
740 888
740 889
740 890
740 891
740 892
740 893
740 912
740 913
740 914
740 915
740 916
740 917
740 918
740 919
740 920
740 921
740 922
740 923
740 925
740 929
740 930
741 868
741 869
741 874
741 877
741 878
741 879
741 880
741 926
741 927
741 928
741 931
741 935
741 937
742 864
742 865
742 867
742 870
742 871
742 872
742 873
742 932
742 933
742 934
742 936
742 938
742 939
742 940
743 860
743 861
743 863
743 866
743 941
743 942
743 943
744 856
744 857
744 859
744 862
744 944
744 945
744 946
745 855
745 858
745 947
745 948
745 949
746 851
746 852
746 854
746 950
746 951
747 847
747 848
747 850
747 853
747 952
747 953
747 954
748 841
748 843
748 844
748 846
748 849
748 955
748 956
749 839
749 840
749 842
749 845
749 957
749 958
750 836
750 837
750 838
750 959
750 960
750 961
751 834
751 835
751 962
751 963
752 831
752 832
752 833
752 964
752 965
753 829
753 830
753 966
753 967
754 827
754 828
754 968
754 969
755 825
755 826
755 970
755 971
756 822
756 823
756 824
756 972
757 820
757 821
757 973
757 974
758 818
758 819
758 975
759 816
759 817
759 976
759 977
760 815
760 978
760 979
761 813
761 814
761 980
762 811
762 812
762 981
762 982
763 809
763 810
763 983
764 808
764 984
764 985
765 806
765 807
765 986
766 805
766 987
767 804
767 988
767 989
768 802
768 803
768 990
769 801
769 991
770 799
770 800
770 992
771 798
771 993
771 994
772 796
772 797
772 995
773 793
773 795
773 996
774 792
774 794
774 997
775 791
775 998
775 999
776 790
776 1000
777 788
777 789
777 1001
778 787
778 1002
779 786
779 1003
780 785
780 1004
781 784
781 1005
782 782
782 783
782 1006
783 781
783 1007
784 780
784 1008
785 780
785 1009
786 779
786 1010
787 778
787 1011
788 777
788 1012
789 776
789 1013
790 775
790 1014
791 774
791 1015
792 773
792 1015
793 773
793 1016
794 772
794 1017
795 772
795 1018
796 771
796 1019
797 770
797 1020
798 769
798 1020
799 768
799 1021
800 768
800 1022
801 767
801 1023
802 766
802 1023
803 765
803 1024
804 765
804 1025
805 764
805 1025
806 763
806 1026
807 763
807 1027
808 762
808 1028
809 761
809 1029
810 761
810 1029
811 760
811 1030
812 759
812 1031
813 759
813 1032
814 758
814 1032
815 757
815 1033
816 756
816 1034
817 756
817 1035
818 755
818 1036
819 755
819 1037
820 754
820 1037
821 753
821 1038
822 753
822 1039
823 752
823 1040
824 752
824 1040
825 751
825 1041
826 751
826 1042
827 751
827 1042
828 751
828 1043
829 750
829 1043
830 750
830 1044
831 749
831 1044
832 749
832 1045
833 748
833 1045
834 748
834 1045
835 748
835 1046
836 747
836 1046
837 747
837 1046
838 746
838 1046
839 746
839 1047
840 745
840 1047
841 745
841 1048
842 744
842 1048
843 744
843 1048
844 744
844 1049
845 743
845 1049
846 743
846 1049
847 743
847 1050
848 742
848 1050
849 742
849 1050
850 742
850 1050
851 741
851 1051
852 741
852 1051
853 740
853 1051
854 740
854 1051
855 740
855 1052
856 740
856 1052
857 739
857 1052
858 739
858 1052
859 739
859 1052
860 739
860 1052
861 738
861 1052
862 738
862 1052
863 738
863 1053
864 738
864 1054
865 738
865 1054
866 738
866 1054
867 737
867 1054
868 737
868 1054
869 737
869 1055
870 737
870 1055
871 737
871 1055
872 736
872 1055
873 736
873 1055
874 736
874 1055
875 736
875 1055
876 736
876 1056
877 736
877 1056
878 735
878 1056
879 735
879 1056
880 735
880 1056
881 735
881 1056
882 735
882 1056
883 734
883 1056
884 734
884 1056
885 734
885 1056
886 734
886 1056
887 734
887 1057
888 734
888 1057
889 734
889 1057
890 734
890 1057
891 734
891 1057
892 734
892 1057
893 734
893 1057
894 734
894 1057
895 734
895 1057
896 734
896 1057
897 734
897 1057
898 734
898 1057
899 734
899 1057
900 734
900 1057
901 734
901 1058
902 734
902 1058
903 734
903 1058
904 734
904 1058
905 734
905 1058
906 734
906 1058
907 734
907 1058
908 735
908 1058
909 735
909 1058
910 735
910 1058
911 735
911 1058
912 735
912 1058
913 735
913 1058
914 735
914 1057
915 735
915 1057
916 735
916 1057
917 735
917 1057
918 735
918 1057
919 735
919 1057
920 735
920 1057
921 735
921 1057
922 735
922 1057
923 735
923 1057
924 735
924 1057
925 735
925 1057
926 735
926 1057
927 735
927 1057
928 735
928 1056
929 735
929 1056
930 735
930 1056
931 735
931 1056
932 735
932 1056
933 735
933 1056
934 735
934 1056
935 735
935 1056
936 735
936 1056
937 735
937 1056
938 735
938 1056
939 735
939 1055
940 736
940 1055
941 736
941 1055
942 736
942 1055
943 736
943 1055
944 736
944 1055
945 736
945 1055
946 736
946 1054
947 736
947 1054
948 736
948 1054
949 736
949 1054
950 736
950 1054
951 736
951 1053
952 736
952 1052
953 736
953 1052
954 737
954 1052
955 737
955 1052
956 738
956 1052
957 738
957 1051
958 738
958 1051
959 739
959 1051
960 739
960 1051
961 740
961 1050
962 740
962 1050
963 740
963 1050
964 741
964 1050
965 741
965 1049
966 742
966 1049
967 742
967 1049
968 742
968 1049
969 743
969 1049
970 743
970 1048
971 743
971 1048
972 744
972 1048
973 744
973 1047
974 744
974 1047
975 745
975 1047
976 745
976 1046
977 745
977 1045
978 746
978 1045
979 746
979 1044
980 746
980 1044
981 747
981 1044
982 747
982 1043
983 748
983 1043
984 748
984 1042
985 748
985 1042
986 749
986 1041
987 749
987 1041
988 750
988 1040
989 750
989 1040
990 751
990 1040
991 751
991 1040
992 752
992 1040
993 752
993 1039
994 753
994 1039
995 753
995 1038
996 754
996 1038
997 754
997 1037
998 755
998 1037
999 755
999 1037
1000 755
1000 1036
1001 756
1001 1035
1002 756
1002 1035
1003 757
1003 1034
1004 757
1004 1034
1005 758
1005 1033
1006 758
1006 1033
1007 759
1007 1033
1008 759
1008 1032
1009 760
1009 1032
1010 760
1010 1031
1011 761
1011 1031
1012 761
1012 1030
1013 762
1013 1030
1014 762
1014 1030
1015 763
1015 1029
1016 763
1016 1028
1017 764
1017 1028
1018 764
1018 1027
1019 765
1019 1026
1020 765
1020 1026
1021 766
1021 1025
1022 766
1022 1024
1023 767
1023 1024
1024 768
1024 1022
1024 1023
1025 769
1025 1021
1026 770
1026 1021
1027 770
1027 1020
1028 771
1028 1019
1029 772
1029 1018
1030 773
1030 1018
1031 773
1031 1017
1032 774
1032 1016
1033 775
1033 1015
1034 776
1034 1015
1035 777
1035 1014
1036 778
1036 1013
1037 779
1037 1012
1038 780
1038 1011
1039 780
1039 1010
1040 781
1040 1009
1041 782
1041 1008
1042 783
1042 1007
1043 784
1043 1006
1044 784
1044 1005
1045 784
1045 1004
1046 785
1046 1003
1047 786
1047 1002
1048 787
1048 1001
1049 788
1049 999
1049 1000
1050 789
1050 998
1051 790
1051 997
1052 791
1052 996
1053 792
1053 995
1054 793
1054 794
1054 795
1054 994
1055 796
1055 992
1055 993
1056 797
1056 991
1057 798
1057 990
1058 799
1058 989
1059 800
1059 987
1059 988
1060 801
1060 986
1061 802
1061 985
1062 803
1062 804
1062 983
1062 984
1063 805
1063 982
1064 806
1064 981
1065 807
1065 980
1066 808
1066 978
1066 979
1067 809
1067 810
1067 977
1068 811
1068 976
1069 812
1069 974
1069 975
1070 813
1070 973
1071 814
1071 972
1072 815
1072 970
1072 971
1073 816
1073 969
1074 817
1074 967
1074 968
1075 818
1075 819
1075 966
1076 820
1076 964
1076 965
1077 821
1077 822
1077 963
1078 823
1078 961
1078 962
1079 824
1079 825
1079 960
1080 826
1080 958
1080 959
1081 827
1081 828
1081 956
1081 957
1082 829
1082 830
1082 955
1083 831
1083 832
1083 953
1083 954
1084 833
1084 834
1084 951
1084 952
1085 835
1085 836
1085 949
1085 950
1086 837
1086 838
1086 946
1086 947
1086 948
1087 839
1087 840
1087 841
1087 944
1087 945
1088 842
1088 843
1088 941
1088 942
1088 943
1089 844
1089 845
1089 938
1089 939
1089 940
1090 846
1090 847
1090 848
1090 936
1090 937
1091 849
1091 850
1091 933
1091 934
1091 935
1092 851
1092 852
1092 854
1092 855
1092 856
1092 930
1092 931
1092 932
1093 853
1093 857
1093 860
1093 861
1093 862
1093 921
1093 922
1093 923
1093 927
1093 928
1093 929
1094 858
1094 859
1094 863
1094 915
1094 916
1094 917
1094 920
1094 924
1094 925
1094 926
1095 864
1095 865
1095 866
1095 868
1095 869
1095 870
1095 871
1095 872
1095 914
1095 918
1095 919
1096 867
1096 873
1096 875
1096 876
1096 877
1096 878
1096 879
1096 898
1096 899
1096 900
1096 901
1096 902
1096 903
1096 904
1096 905
1096 906
1096 907
1096 908
1096 909
1096 911
1096 912
1096 913
1097 874
1097 880
1097 882
1097 883
1097 884
1097 885
1097 886
1097 887
1097 888
1097 889
1097 890
1097 891
1097 892
1097 893
1097 894
1097 895
1097 897
1097 910
1098 881
1098 896
