749 959
749 971
749 972
749 985
750 951
750 952
750 958
750 960
750 961
750 962
750 963
750 964
750 965
750 966
750 967
750 968
750 969
750 970
750 973
750 974
750 975
750 976
750 977
750 978
750 979
750 980
750 981
750 982
750 983
750 984
750 986
750 989
750 990
751 947
751 950
751 953
751 954
751 955
751 956
751 957
751 987
751 988
751 991
751 993
751 994
752 941
752 946
752 948
752 949
752 992
752 995
752 997
753 935
753 940
753 942
753 943
753 944
753 945
753 996
753 998
753 999
753 1000
754 931
754 932
754 934
754 936
754 937
754 938
754 939
754 1001
754 1002
754 1003
755 927
755 928
755 930
755 933
755 1004
755 1005
755 1006
756 922
756 923
756 926
756 929
756 1007
756 1008
756 1009
757 919
757 920
757 921
757 924
757 925
757 1010
757 1011
757 1012
758 916
758 917
758 918
758 1013
758 1014
759 910
759 912
759 913
759 915
759 1015
759 1016
759 1017
760 908
760 909
760 911
760 914
760 1018
760 1019
761 905
761 906
761 907
761 1020
761 1021
762 903
762 904
762 1022
762 1023
763 901
763 902
763 1024
763 1025
764 899
764 900
764 1026
765 897
765 898
765 1027
765 1028
766 895
766 896
766 1029
767 892
767 893
767 894
767 1030
767 1031
768 890
768 891
768 1032
769 888
769 889
769 1033
770 887
770 1034
771 886
771 1035
772 884
772 885
772 1036
773 882
773 883
773 1037
773 1038
774 880
774 881
774 1039
775 879
775 1040
776 877
776 878
776 1041
777 875
777 876
777 1042
777 1043
778 874
778 1044
779 872
779 873
779 1045
780 870
780 871
780 1046
781 869
781 1047
782 867
782 868
782 1048
783 865
783 866
783 1049
784 864
784 1050
785 863
785 1051
786 861
786 862
786 1051
787 860
787 1052
788 859
788 1053
789 857
789 858
789 1054
790 856
790 1054
791 855
791 1055
792 854
792 1056
793 853
793 1057
794 852
794 1057
795 851
795 1058
796 850
796 1059
797 849
797 1060
798 848
798 1061
799 847
799 1061
800 847
800 1062
801 846
801 1063
802 845
802 1064
803 844
803 1064
804 843
804 1065
805 842
805 1065
806 841
806 1066
807 841
807 1067
808 840
808 1068
809 839
809 1069
810 838
810 1069
811 837
811 1070
812 836
812 1071
813 835
813 1072
814 835
814 1073
815 834
815 1074
816 833
816 1075
817 832
817 1075
818 831
818 1076
819 830
819 1077
820 829
820 1077
821 829
821 1078
822 828
822 1078
823 827
823 1078
824 827
824 1078
825 826
825 1079
826 825
826 1080
827 825
827 1080
828 824
828 1081
829 824
829 1082
830 823
830 1082
831 822
831 1083
832 822
832 1084
833 821
833 1085
834 821
834 1086
835 820
835 1086
836 820
836 1086
837 819
837 1087
838 819
838 1087
839 818
839 1087
840 818
840 1088
841 817
841 1088
842 817
842 1088
843 816
843 1088
844 816
844 1088
845 815
845 1089
846 815
846 1089
847 814
847 1089
848 814
848 1089
849 813
849 1089
850 812
850 1089
851 812
851 1089
852 812
852 1089
853 811
853 1089
854 811
854 1089
855 811
855 1090
856 810
856 1091
857 810
857 1091
858 810
858 1091
859 810
859 1091
860 809
860 1092
861 809
861 1092
862 809
862 1092
863 809
863 1092
864 809
864 1092
865 809
865 1092
866 808
866 1092
867 808
867 1093
868 808
868 1093
869 807
869 1093
870 807
870 1093
871 807
871 1093
872 806
872 1093
873 806
873 1093
874 805
874 1093
875 805
875 1093
876 805
876 1093
877 804
877 1094
878 804
878 1095
879 804
879 1095
880 804
880 1095
881 803
881 1095
882 803
882 1095
883 803
883 1095
884 803
884 1095
885 803
885 1095
886 803
886 1095
887 803
887 1095
888 803
888 1096
889 802
889 1097
890 802
890 1097
891 802
891 1097
892 802
892 1097
893 802
893 1097
894 802
894 1097
895 802
895 1097
896 802
896 1097
897 802
897 1097
898 802
898 1097
899 802
899 1097
900 802
900 1097
901 802
901 1097
902 802
902 1097
903 802
903 1097
904 802
904 1097
905 802
905 1097
906 802
906 1097
907 802
907 1097
908 802
908 1097
909 802
909 1097
910 802
910 1097
911 801
911 1097
912 801
912 1097
913 801
913 1097
914 801
914 1097
915 801
915 1097
916 801
916 1096
917 801
917 1096
918 801
918 1096
919 801
919 1096
920 801
920 1096
921 801
921 1096
922 801
922 1095
923 801
923 1095
924 801
924 1095
925 801
925 1095
926 801
926 1095
927 801
927 1094
928 801
928 1094
929 801
929 1094
930 801
930 1094
931 801
931 1093
932 801
932 1093
933 801
933 1093
934 802
934 1093
935 802
935 1092
936 802
936 1092
937 802
937 1092
938 802
938 1091
939 802
939 1091
940 802
940 1091
941 803
941 1090
942 803
942 1089
943 803
943 1089
944 803
944 1089
945 803
945 1089
946 804
946 1088
947 804
947 1088
948 804
948 1087
949 804
949 1087
950 805
950 1087
951 805
951 1086
952 805
952 1085
953 806
953 1085
954 806
954 1085
955 806
955 1084
956 806
956 1084
957 807
957 1083
958 807
958 1083
959 808
959 1083
960 808
960 1082
961 809
961 1082
962 809
962 1082
963 810
963 1082
964 810
964 1082
965 810
965 1082
966 811
966 1081
967 811
967 1081
968 812
968 1081
969 812
969 1080
970 813
970 1080
971 813
971 1080
972 814
972 1079
973 814
973 1078
974 814
974 1078
975 815
975 1077
976 815
976 1077
977 816
977 1076
978 816
978 1076
979 816
979 1075
980 817
980 1075
981 817
981 1074
982 817
982 1073
983 818
983 1073
984 818
984 1072
985 819
985 1072
986 819
986 1071
987 820
987 1071
988 820
988 1070
989 821
989 1070
990 821
990 1069
991 822
991 1069
992 822
992 1069
993 823
993 1068
994 824
994 1067
995 824
995 1067
996 825
996 1066
997 826
997 1066
998 826
998 1065
999 827
999 1064
1000 827
1000 1063
1001 828
1001 1063
1002 829
1002 1062
1003 829
1003 1061
1004 829
1004 1060
1005 830
1005 1059
1006 831
1006 1058
1007 832
1007 1057
1008 833
1008 1057
1009 834
1009 1056
1010 834
1010 1055
1011 835
1011 1054
1012 836
1012 1053
1013 837
1013 1052
1014 838
1014 1051
1015 839
1015 1050
1016 840
1016 1049
1017 841
1017 1048
1018 842
1018 1047
1019 843
1019 1046
1020 844
1020 1045
1021 845
1021 1044
1022 846
1022 1043
1023 847
1023 1042
1024 848
1024 1042
1025 849
1025 1040
1025 1041
1026 850
1026 1039
1027 851
1027 1038
1028 852
1028 1037
1029 853
1029 1035
1029 1036
1030 854
1030 1033
1030 1034
1031 855
1031 1032
1032 856
1032 1031
1033 857
1033 1029
1033 1030
1034 858
1034 1028
1035 859
1035 1027
1036 860
1036 1025
1036 1026
1037 861
1037 1023
1037 1024
1038 862
1038 1022
1039 863
1039 1020
1039 1021
1040 864
1040 1019
1041 865
1041 1017
1041 1018
1042 866
1042 1016
1043 867
1043 1015
1044 868
1044 1014
1045 869
1045 1012
1045 1013
1046 870
1046 1010
1046 1011
1047 871
1047 1009
1048 872
1048 1007
1048 1008
1049 873
1049 874
1049 1004
1049 1005
1049 1006
1050 875
1050 1002
1050 1003
1051 876
1051 877
1051 1000
1051 1001
1052 878
1052 998
1052 999
1053 879
1053 880
1053 995
1053 996
1053 997
1054 881
1054 994
1055 882
1055 883
1055 992
1055 993
1056 884
1056 990
1056 991
1057 885
1057 886
1057 988
1057 989
1058 887
1058 888
1058 986
1058 987
1059 889
1059 890
1059 984
1059 985
1060 891
1060 892
1060 983
1061 893
1061 894
1061 896
1061 981
1061 982
1062 895
1062 897
1062 898
1062 979
1062 980
1063 899
1063 900
1063 978
1064 901
1064 902
1064 903
1064 976
1064 977
1065 904
1065 905
1065 974
1065 975
1066 906
1066 907
1066 971
1066 972
1066 973
1067 908
1067 909
1067 968
1067 969
1067 970
1068 910
1068 911
1068 912
1068 966
1068 967
1069 913
1069 914
1069 915
1069 964
1069 965
1070 916
1070 917
1070 918
1070 962
1070 963
1071 919
1071 920
1071 922
1071 923
1071 924
1071 956
1071 957
1071 958
1071 960
1071 961
1072 921
1072 925
1072 928
1072 929
1072 950
1072 951
1072 952
1072 955
1072 959
1073 926
1073 927
1073 930
1073 933
1073 934
1073 935
1073 936
1073 937
1073 938
1073 939
1073 940
1073 941
1073 942
1073 943
1073 944
1073 945
1073 946
1073 949
1073 953
1073 954
1074 931
1074 932
1074 947
1074 948
