702 957
702 975
703 942
703 956
703 958
703 959
703 960
703 961
703 962
703 963
703 964
703 965
703 966
703 967
703 968
703 969
703 970
703 971
703 972
703 973
703 974
703 976
703 987
703 988
704 935
704 936
704 941
704 943
704 944
704 945
704 946
704 947
704 948
704 949
704 950
704 951
704 952
704 953
704 954
704 955
704 977
704 978
704 979
704 980
704 981
704 982
704 983
704 984
704 985
704 986
704 989
704 991
705 927
705 928
705 934
705 937
705 938
705 939
705 940
705 990
705 992
705 996
706 925
706 926
706 929
706 930
706 931
706 932
706 933
706 993
706 994
706 995
706 997
706 1001
707 921
707 922
707 924
707 998
707 999
707 1000
707 1002
707 1006
707 1007
708 916
708 917
708 920
708 923
708 1003
708 1004
708 1005
708 1008
708 1009
708 1010
709 910
709 912
709 913
709 915
709 918
709 919
709 1011
709 1012
709 1013
710 907
710 908
710 909
710 911
710 914
710 1014
710 1015
710 1016
711 904
711 905
711 906
711 1017
711 1018
711 1019
712 902
712 903
712 1020
712 1021
712 1022
713 899
713 900
713 901
713 1023
713 1024
713 1025
714 896
714 897
714 898
714 1026
714 1027
714 1028
715 894
715 895
715 1029
715 1030
716 892
716 893
716 1031
716 1032
716 1033
717 890
717 891
717 1034
717 1035
717 1036
718 887
718 888
718 889
718 1037
718 1038
719 885
719 886
719 1039
719 1040
720 883
720 884
720 1041
720 1042
721 880
721 881
721 882
721 1043
721 1044
722 878
722 879
722 1045
723 877
723 1046
723 1047
724 875
724 876
724 1048
724 1049
725 873
725 874
725 1050
726 871
726 872
726 1051
726 1052
727 870
727 1053
727 1054
728 868
728 869
728 1055
728 1056
729 866
729 867
729 1057
730 865
730 1058
730 1059
731 863
731 864
731 1060
732 862
732 1061
732 1062
733 860
733 861
733 1063
734 859
734 1064
734 1065
735 857
735 858
735 1066
736 856
736 1067
737 855
737 1068
738 853
738 854
738 1069
739 851
739 852
739 1070
739 1071
740 850
740 1072
741 849
741 1073
742 848
742 1074
743 846
743 847
743 1075
743 1076
744 845
744 1077
745 844
745 1078
746 843
746 1079
747 841
747 842
747 1080
748 840
748 1081
749 840
749 1082
750 839
750 1083
751 838
751 1084
752 837
752 1085
753 836
753 1086
754 835
754 1087
755 834
755 1088
756 833
756 1089
757 832
757 1089
758 831
758 1090
759 829
759 830
759 1091
760 828
760 1092
761 827
761 1092
762 826
762 1093
763 825
763 1094
764 824
764 1094
765 823
765 1095
766 822
766 1096
767 821
767 1097
768 820
768 1097
769 819
769 1098
770 818
770 1098
771 817
771 1099
772 816
772 1100
773 815
773 1100
774 815
774 1101
775 814
775 1101
776 813
776 1102
777 812
777 1103
778 811
778 1103
779 810
779 1104
780 809
780 1104
781 808
781 1105
782 807
782 1106
783 807
783 1106
784 806
784 1107
785 805
785 1108
786 805
786 1109
787 804
787 1109
788 803
788 1110
789 802
789 1110
790 802
790 1111
791 801
791 1111
792 800
792 1112
793 799
793 1112
794 799
794 1113
795 798
795 1113
796 798
796 1113
797 797
797 1113
798 797
798 1114
799 796
799 1114
800 795
800 1115
801 795
801 1115
802 794
802 1115
803 793
803 1116
804 793
804 1116
805 792
805 1117
806 792
806 1117
807 791
807 1117
808 790
808 1118
809 789
809 1118
810 788
810 1118
811 788
811 1118
812 787
812 1119
813 787
813 1120
814 786
814 1120
815 786
815 1121
816 785
816 1121
817 784
817 1122
818 784
818 1122
819 783
819 1122
820 783
820 1123
821 782
821 1123
822 782
822 1124
823 782
823 1124
824 781
824 1124
825 781
825 1124
826 781
826 1125
827 780
827 1125
828 780
828 1125
829 779
829 1125
830 779
830 1126
831 778
831 1126
832 778
832 1126
833 778
833 1126
834 777
834 1127
835 777
835 1127
836 776
836 1127
837 776
837 1127
838 776
838 1127
839 775
839 1128
840 775
840 1129
841 775
841 1129
842 774
842 1129
843 774
843 1129
844 774
844 1129
845 773
845 1129
846 773
846 1130
847 773
847 1130
848 772
848 1130
849 772
849 1130
850 772
850 1130
851 772
851 1130
852 771
852 1130
853 771
853 1130
854 771
854 1130
855 771
855 1131
856 770
856 1131
857 770
857 1131
858 770
858 1131
859 769
859 1131
860 769
860 1131
861 769
861 1131
862 769
862 1131
863 768
863 1131
864 768
864 1131
865 768
865 1131
866 768
866 1131
867 767
867 1132
868 767
868 1132
869 767
869 1132
870 767
870 1132
871 766
871 1132
872 766
872 1132
873 766
873 1132
874 766
874 1132
875 766
875 1132
876 765
876 1132
877 765
877 1132
878 765
878 1132
879 765
879 1132
880 765
880 1132
881 764
881 1132
882 764
882 1132
883 764
883 1132
884 763
884 1132
885 763
885 1132
886 763
886 1132
887 763
887 1132
888 763
888 1132
889 763
889 1132
890 763
890 1132
891 763
891 1131
892 763
892 1131
893 763
893 1131
894 763
894 1131
895 763
895 1131
896 763
896 1131
897 763
897 1131
898 763
898 1131
899 763
899 1130
900 763
900 1130
901 763
901 1130
902 763
902 1130
903 763
903 1130
904 763
904 1130
905 763
905 1130
906 763
906 1130
907 763
907 1130
908 762
908 1130
909 762
909 1130
910 762
910 1129
911 762
911 1129
912 762
912 1129
913 762
913 1129
914 762
914 1129
915 762
915 1129
916 762
916 1129
917 762
917 1129
918 762
918 1129
919 762
919 1129
920 762
920 1129
921 762
921 1129
922 762
922 1128
923 762
923 1127
924 762
924 1127
925 762
925 1127
926 762
926 1127
927 762
927 1127
928 762
928 1127
929 762
929 1126
930 762
930 1126
931 762
931 1126
932 763
932 1126
933 763
933 1125
934 763
934 1125
935 763
935 1125
936 763
936 1125
937 763
937 1124
938 763
938 1124
939 763
939 1124
940 764
940 1124
941 764
941 1123
942 764
942 1123
943 764
943 1123
944 764
944 1122
945 764
945 1122
946 764
946 1122
947 764
947 1121
948 764
948 1121
949 764
949 1121
950 764
950 1120
951 765
951 1120
952 765
952 1120
953 765
953 1120
954 765
954 1119
955 765
955 1119
956 765
956 1119
957 765
957 1118
958 765
958 1118
959 765
959 1118
960 765
960 1117
961 765
961 1117
962 765
962 1116
963 765
963 1115
964 765
964 1115
965 766
965 1114
966 766
966 1114
967 766
967 1113
968 766
968 1113
969 766
969 1112
970 766
970 1112
971 767
971 1112
972 767
972 1111
973 768
973 1111
974 768
974 1110
975 768
975 1110
976 769
976 1110
977 769
977 1109
978 769
978 1109
979 770
979 1108
980 770
980 1108
981 770
981 1107
982 771
982 1107
983 771
983 1106
984 771
984 1106
985 772
985 1105
986 772
986 1104
987 772
987 1104
988 773
988 1104
989 773
989 1103
990 773
990 1103
991 774
991 1102
992 774
992 1102
993 774
993 1101
994 775
994 1101
995 775
995 1100
996 776
996 1100
997 776
997 1099
998 776
998 1098
999 777
999 1098
1000 777
1000 1097
1001 778
1001 1097
1002 778
1002 1096
1003 779
1003 1096
1004 779
1004 1095
1005 780
1005 1095
1006 780
1006 1094
1007 780
1007 1094
1008 781
1008 1093
1009 781
1009 1093
1010 782
1010 1093
1011 782
1011 1092
1012 782
1012 1092
1013 783
1013 1091
1014 783
1014 1091
1015 784
1015 1090
1016 784
1016 1089
1017 785
1017 1089
1018 785
1018 1088
1019 786
1019 1087
1020 786
1020 1086
1021 787
1021 1086
1022 787
1022 1085
1023 788
1023 1084
1024 788
1024 1084
1025 789
1025 1083
1026 789
1026 1082
1027 790
1027 1082
1028 790
1028 1081
1029 791
1029 1080
1030 791
1030 1080
1031 791
1031 1079
1032 792
1032 1078
1033 792
1033 1077
1034 793
1034 1076
1035 793
1035 1075
1036 794
1036 1074
1037 794
1037 1073
1038 795
1038 1072
1039 795
1039 1071
1040 796
1040 1069
1040 1070
1041 796
1041 1068
1042 797
1042 1067
1043 797
1043 1067
1044 798
1044 1066
1045 798
1045 1065
1046 799
1046 1064
1047 800
1047 1063
1048 800
1048 1062
1049 801
1049 1061
1050 802
1050 1061
1051 802
1051 1060
1052 803
1052 1059
1053 803
1053 1058
1054 804
1054 1057
1055 805
1055 1057
1056 805
1056 1056
1057 806
1057 1055
1058 806
1058 1054
1059 807
1059 1053
1060 808
1060 1052
1061 809
1061 1051
1062 810
1062 1050
1063 811
1063 1049
1064 812
1064 1048
1065 812
1065 1047
1066 813
1066 1047
1067 814
1067 1046
1068 815
1068 1045
1069 816
1069 1044
1070 817
1070 1043
1071 817
1071 1042
1072 818
1072 1042
1073 818
1073 1041
1074 819
1074 1040
1075 820
1075 1039
1076 821
1076 1038
1077 822
1077 1038
1078 823
1078 1037
1079 824
1079 1036
1080 825
1080 1035
1081 826
1081 1034
1082 827
1082 1034
1083 827
1083 1033
1084 828
1084 1032
1085 829
1085 830
1085 1031
1086 831
1086 1030
1087 832
1087 1029
1088 833
1088 1028
1089 834
1089 1027
1090 835
1090 1026
1091 836
1091 1026
1092 837
1092 1025
1093 838
1093 1024
1094 839
1094 1023
1095 840
1095 1022
1096 841
1096 1021
1097 842
1097 1019
1097 1020
1098 843
1098 1018
1099 844
1099 1017
1100 845
1100 1016
1101 846
1101 847
1101 1015
1102 848
1102 1014
1103 849
1103 1013
1104 850
1104 1012
1105 851
1105 852
1105 1011
1106 853
1106 1010
1107 854
1107 1009
1108 855
1108 856
1108 1008
1109 857
1109 1006
1109 1007
1110 858
1110 859
1110 1005
1111 860
1111 1003
1111 1004
1112 861
1112 862
1112 1002
1113 863
1113 864
1113 1001
1114 865
1114 1000
1115 866
1115 867
1115 998
1115 999
1116 868
1116 997
1117 869
1117 870
1117 996
1118 871
1118 872
1118 994
1118 995
1119 873
1119 874
1119 993
1120 875
1120 876
1120 992
1121 877
1121 878
1121 991
1122 879
1122 880
1122 989
1122 990
1123 881
1123 988
1124 882
1124 883
1124 986
1124 987
1125 884
1125 885
1125 984
1125 985
1126 886
1126 887
1126 982
1126 983
1127 888
1127 889
1127 980
1127 981
1128 890
1128 891
1128 978
1128 979
1129 892
1129 893
1129 975
1129 976
1129 977
1130 894
1130 895
1130 972
1130 973
1130 974
1131 896
1131 897
1131 970
1131 971
1132 898
1132 899
1132 968
1132 969
1133 900
1133 901
1133 902
1133 966
1133 967
1134 903
1134 905
1134 906
1134 907
1134 963
1134 964
1134 965
1135 904
1135 908
1135 911
1135 912
1135 961
1135 962
1136 909
1136 910
1136 913
1136 916
1136 917
1136 953
1136 954
1136 955
1136 956
1136 958
1136 959
1136 960
1137 914
1137 915
1137 918
1137 921
1137 923
1137 924
1137 925
1137 926
1137 927
1137 928
1137 929
1137 930
1137 931
1137 932
1137 933
1137 934
1137 935
1137 936
1137 937
1137 938
1137 946
1137 947
1137 948
1137 949
1137 952
1137 957
1138 919
1138 920
1138 922
1138 939
1138 941
1138 942
1138 945
1138 950
1138 951
1139 940
1139 943
1139 944
