779 937
779 951
780 922
780 925
780 926
780 936
780 938
780 939
780 940
780 941
780 942
780 943
780 944
780 945
780 946
780 947
780 948
780 949
780 950
780 952
780 956
780 957
781 916
781 917
781 921
781 923
781 924
781 927
781 928
781 929
781 930
781 931
781 932
781 933
781 934
781 935
781 953
781 954
781 955
781 958
781 962
782 909
782 910
782 911
782 915
782 918
782 919
782 920
782 959
782 960
782 961
782 963
782 965
783 905
783 908
783 912
783 913
783 914
783 964
783 966
783 968
783 969
784 901
784 904
784 906
784 907
784 967
784 970
784 971
784 972
785 897
785 900
785 902
785 903
785 973
785 974
785 975
786 894
786 896
786 898
786 899
786 976
786 978
787 891
787 892
787 893
787 895
787 977
787 979
787 980
787 981
788 887
788 888
788 890
788 982
788 983
788 984
789 884
789 885
789 886
789 889
789 985
789 986
789 987
790 881
790 883
790 988
790 989
790 990
790 991
791 878
791 879
791 880
791 882
791 992
791 993
791 994
792 876
792 877
792 995
792 996
793 873
793 874
793 875
793 997
793 998
793 999
794 871
794 872
794 1000
794 1001
795 868
795 869
795 870
795 1002
795 1003
795 1004
796 866
796 867
796 1005
796 1006
796 1007
797 864
797 865
797 1008
797 1009
798 862
798 863
798 1010
798 1011
799 860
799 861
799 1012
799 1013
800 858
800 859
800 1014
800 1015
801 856
801 857
801 1016
802 855
802 1017
802 1018
803 853
803 854
803 1019
803 1020
804 852
804 1021
805 851
805 1022
805 1023
806 850
806 1024
806 1025
807 848
807 849
807 1026
808 847
808 1027
809 846
809 1028
809 1029
810 844
810 845
810 1030
810 1031
811 842
811 843
811 1032
812 841
812 1033
812 1034
813 840
813 1035
814 839
814 1036
814 1037
815 838
815 1038
816 837
816 1039
816 1040
817 835
817 836
817 1041
818 834
818 1042
819 833
819 1043
819 1044
820 832
820 1045
821 831
821 1046
822 830
822 1047
822 1048
823 829
823 1049
824 828
824 1050
825 827
825 1051
826 826
826 1052
827 825
827 1053
828 824
828 1054
829 823
829 1055
830 822
830 1056
831 822
831 1057
832 821
832 1058
833 820
833 1059
833 1060
834 819
834 1061
835 818
835 1062
836 818
836 1063
837 817
837 1064
838 816
838 1065
839 815
839 1066
840 815
840 1067
840 1068
841 814
841 1069
841 1070
842 813
842 1071
843 812
843 1072
844 812
844 1073
845 811
845 1074
846 810
846 1075
847 810
847 1076
848 809
848 1077
849 808
849 1078
850 808
850 1078
851 807
851 1079
852 806
852 1080
853 806
853 1081
854 805
854 1081
855 805
855 1082
856 804
856 1083
857 804
857 1084
858 803
858 1084
859 803
859 1085
860 802
860 1085
861 802
861 1086
862 801
862 1087
863 800
863 1088
864 800
864 1088
865 799
865 1089
866 799
866 1089
867 798
867 1090
868 798
868 1090
869 797
869 1091
870 797
870 1091
871 796
871 1091
872 796
872 1091
873 795
873 1092
874 795
874 1093
875 795
875 1093
876 794
876 1094
877 794
877 1094
878 793
878 1095
879 793
879 1095
880 792
880 1096
881 792
881 1096
882 791
882 1097
883 791
883 1097
884 791
884 1098
885 790
885 1098
886 790
886 1099
887 789
887 1099
888 789
888 1100
889 789
889 1100
890 788
890 1100
891 788
891 1101
892 788
892 1101
893 787
893 1102
894 787
894 1102
895 786
895 1102
896 786
896 1103
897 786
897 1103
898 785
898 1104
899 785
899 1104
900 785
900 1104
901 784
901 1105
902 784
902 1105
903 784
903 1105
904 783
904 1106
905 783
905 1106
906 783
906 1107
907 782
907 1108
908 782
908 1108
909 782
909 1108
910 782
910 1109
911 782
911 1109
912 781
912 1109
913 781
913 1110
914 781
914 1110
915 781
915 1110
916 781
916 1111
917 781
917 1111
918 781
918 1111
919 781
919 1112
920 780
920 1112
921 780
921 1112
922 780
922 1112
923 780
923 1112
924 780
924 1113
925 780
925 1113
926 780
926 1113
927 780
927 1113
928 780
928 1113
929 780
929 1113
930 780
930 1113
931 780
931 1113
932 780
932 1114
933 780
933 1114
934 780
934 1114
935 780
935 1114
936 780
936 1114
937 780
937 1114
938 780
938 1114
939 780
939 1114
940 780
940 1114
941 780
941 1114
942 780
942 1114
943 780
943 1114
944 780
944 1115
945 780
945 1116
946 780
946 1116
947 780
947 1116
948 780
948 1116
949 780
949 1116
950 780
950 1116
951 780
951 1117
952 780
952 1117
953 780
953 1117
954 780
954 1117
955 780
955 1117
956 780
956 1117
957 780
957 1117
958 780
958 1118
959 780
959 1118
960 781
960 1118
961 781
961 1118
962 781
962 1118
963 781
963 1118
964 781
964 1118
965 781
965 1118
966 781
966 1118
967 781
967 1118
968 781
968 1118
969 781
969 1118
970 782
970 1118
971 782
971 1118
972 782
972 1118
973 782
973 1118
974 782
974 1118
975 782
975 1118
976 782
976 1118
977 783
977 1118
978 783
978 1118
979 783
979 1118
980 783
980 1118
981 783
981 1118
982 783
982 1118
983 784
983 1118
984 784
984 1118
985 784
985 1118
986 784
986 1118
987 784
987 1118
988 785
988 1118
989 785
989 1118
990 785
990 1118
991 785
991 1118
992 786
992 1118
993 786
993 1118
994 786
994 1118
995 786
995 1118
996 787
996 1118
997 787
997 1118
998 788
998 1118
999 788
999 1118
1000 788
1000 1118
1001 789
1001 1118
1002 789
1002 1118
1003 789
1003 1118
1004 790
1004 1118
1005 790
1005 1118
1006 790
1006 1118
1007 791
1007 1118
1008 792
1008 1118
1009 792
1009 1118
1010 792
1010 1118
1011 793
1011 1117
1012 793
1012 1117
1013 794
1013 1117
1014 794
1014 1117
1015 795
1015 1117
1016 795
1016 1117
1017 795
1017 1117
1018 796
1018 1117
1019 796
1019 1117
1020 797
1020 1117
1021 797
1021 1117
1022 797
1022 1117
1023 798
1023 1117
1024 798
1024 1117
1025 799
1025 1117
1026 799
1026 1116
1027 799
1027 1115
1028 800
1028 1115
1029 800
1029 1115
1030 801
1030 1115
1031 801
1031 1115
1032 801
1032 1115
1033 802
1033 1115
1034 803
1034 1114
1035 803
1035 1114
1036 804
1036 1114
1037 804
1037 1114
1038 805
1038 1114
1039 805
1039 1113
1040 806
1040 1113
1041 806
1041 1113
1042 807
1042 1113
1043 807
1043 1112
1044 808
1044 1112
1045 808
1045 1112
1046 809
1046 1111
1047 809
1047 1111
1048 810
1048 1111
1049 810
1049 1110
1050 811
1050 1110
1051 812
1051 1110
1052 812
1052 1109
1053 813
1053 1109
1054 813
1054 1109
1055 814
1055 1108
1056 815
1056 1108
1057 815
1057 1108
1058 816
1058 1107
1059 816
1059 1107
1060 817
1060 1106
1061 818
1061 1106
1062 818
1062 1106
1063 819
1063 1105
1064 820
1064 1105
1065 820
1065 1104
1066 821
1066 1104
1067 822
1067 1103
1068 822
1068 1103
1069 823
1069 1102
1070 824
1070 1101
1071 825
1071 1100
1072 826
1072 1100
1073 827
1073 1099
1074 827
1074 1098
1075 828
1075 1098
1076 829
1076 1097
1077 830
1077 1096
1078 831
1078 1096
1079 831
1079 1095
1080 832
1080 1095
1081 833
1081 1094
1082 834
1082 1094
1083 835
1083 1093
1084 836
1084 1093
1085 837
1085 1092
1086 838
1086 1091
1087 839
1087 1091
1088 840
1088 1090
1089 841
1089 1089
1090 842
1090 1089
1091 843
1091 1088
1092 844
1092 1087
1093 845
1093 1087
1094 846
1094 1086
1095 847
1095 1085
1096 848
1096 1084
1097 849
1097 1083
1098 850
1098 1082
1099 851
1099 1081
1100 852
1100 1080
1101 853
1101 1079
1102 854
1102 1079
1103 855
1103 1078
1104 856
1104 1077
1105 857
1105 1075
1105 1076
1106 858
1106 1074
1107 859
1107 1073
1108 860
1108 1072
1109 861
1109 1071
1110 862
1110 1070
1111 863
1111 1069
1112 864
1112 865
1112 1068
1113 866
1113 1067
1114 867
1114 1066
1115 868
1115 1065
1116 869
1116 870
1116 871
1116 1064
1117 872
1117 1062
1117 1063
1118 873
1118 874
1118 1060
1118 1061
1119 875
1119 1058
1119 1059
1120 876
1120 877
1120 1057
1121 878
1121 1055
1121 1056
1122 879
1122 880
1122 1053
1122 1054
1123 881
1123 1050
1123 1051
1123 1052
1124 882
1124 883
1124 1047
1124 1048
1124 1049
1125 884
1125 885
1125 1044
1125 1045
1125 1046
1126 886
1126 887
1126 1042
1126 1043
1127 888
1127 889
1127 1039
1127 1040
1127 1041
1128 890
1128 891
1128 1036
1128 1037
1128 1038
1129 892
1129 893
1129 1033
1129 1034
1129 1035
1130 894
1130 1030
1130 1031
1130 1032
1131 895
1131 896
1131 1028
1131 1029
1132 897
1132 898
1132 899
1132 1025
1132 1026
1132 1027
1133 900
1133 901
1133 902
1133 1024
1134 903
1134 904
1134 1022
1134 1023
1135 905
1135 906
1135 907
1135 1019
1135 1020
1135 1021
1136 908
1136 909
1136 910
1136 1016
1136 1017
1136 1018
1137 911
1137 912
1137 913
1137 1013
1137 1014
1137 1015
1138 914
1138 915
1138 916
1138 1008
1138 1010
1138 1011
1138 1012
1139 917
1139 918
1139 919
1139 923
1139 924
1139 925
1139 1004
1139 1007
1139 1009
1140 920
1140 921
1140 922
1140 926
1140 929
1140 930
1140 931
1140 1000
1140 1003
1140 1005
1140 1006
1141 927
1141 928
1141 932
1141 935
1141 992
1141 993
1141 995
1141 996
1141 999
1141 1001
1141 1002
1142 933
1142 934
1142 936
1142 938
1142 939
1142 940
1142 941
1142 942
1142 943
1142 944
1142 945
1142 946
1142 986
1142 987
1142 988
1142 991
1142 994
1142 997
1142 998
1143 937
1143 947
1143 950
1143 952
1143 953
1143 954
1143 955
1143 956
1143 957
1143 958
1143 959
1143 960
1143 961
1143 962
1143 963
1143 982
1143 985
1143 989
1143 990
1144 948
1144 949
1144 951
1144 964
1144 966
1144 967
1144 968
1144 969
1144 970
1144 971
1144 972
1144 973
1144 974
1144 975
1144 976
1144 977
1144 978
1144 979
1144 981
1144 983
1144 984
1145 965
1145 980
