834 942
834 943
834 952
835 932
835 941
835 944
835 945
835 946
835 947
835 948
835 949
835 950
835 951
835 953
835 959
835 960
836 927
836 928
836 931
836 933
836 934
836 935
836 936
836 937
836 938
836 939
836 940
836 954
836 955
836 956
836 957
836 958
836 961
836 962
837 923
837 926
837 929
837 930
837 963
837 965
837 966
838 919
838 920
838 922
838 924
838 925
838 964
838 967
838 968
838 969
838 971
839 913
839 915
839 916
839 918
839 921
839 970
839 972
839 973
839 974
840 910
840 911
840 912
840 914
840 917
840 975
840 976
841 907
841 908
841 909
841 977
841 978
841 979
842 904
842 906
842 980
843 901
843 902
843 903
843 905
843 981
843 982
843 983
844 899
844 900
844 984
844 985
845 896
845 897
845 898
845 986
845 987
846 895
846 988
847 893
847 894
847 989
847 990
848 891
848 892
848 991
848 992
849 889
849 890
849 993
849 994
850 885
850 887
850 888
850 995
850 996
851 883
851 884
851 886
851 997
851 998
852 881
852 882
852 999
852 1000
853 880
853 1001
853 1002
854 878
854 879
854 1003
855 877
855 1004
856 875
856 876
856 1005
856 1006
857 874
857 1007
857 1008
858 872
858 873
858 1009
859 871
859 1010
859 1011
860 869
860 870
860 1012
861 867
861 868
861 1013
861 1014
862 866
862 1015
862 1016
863 865
863 1017
864 863
864 864
864 1018
864 1019
865 862
865 1020
866 861
866 1021
867 860
867 1022
868 860
868 1023
868 1024
869 858
869 859
869 1025
870 857
870 1026
870 1027
871 856
871 1028
871 1029
872 855
872 1030
873 854
873 1031
874 852
874 853
874 1032
875 851
875 1033
876 850
876 1034
877 849
877 1034
878 848
878 1035
879 847
879 1036
880 846
880 1037
881 845
881 1038
882 845
882 1039
883 844
883 1040
884 843
884 1040
885 843
885 1041
886 842
886 1042
887 841
887 1043
888 840
888 1044
889 839
889 1045
890 838
890 1045
891 837
891 1046
892 836
892 1047
893 836
893 1048
894 835
894 1049
895 834
895 1049
896 833
896 1050
897 832
897 1051
898 831
898 1051
899 831
899 1052
900 830
900 1053
901 829
901 1053
902 829
902 1054
903 828
903 1055
904 828
904 1055
905 827
905 1055
906 826
906 1056
907 826
907 1057
908 826
908 1057
909 825
909 1058
910 825
910 1058
911 825
911 1059
912 824
912 1059
913 824
913 1059
914 824
914 1060
915 823
915 1060
916 823
916 1061
917 823
917 1061
918 822
918 1062
919 822
919 1062
920 822
920 1063
921 821
921 1063
922 821
922 1063
923 821
923 1064
924 820
924 1064
925 820
925 1065
926 819
926 1065
927 819
927 1066
928 819
928 1066
929 819
929 1066
930 818
930 1067
931 818
931 1068
932 818
932 1068
933 818
933 1069
934 817
934 1069
935 817
935 1069
936 817
936 1070
937 817
937 1070
938 816
938 1070
939 816
939 1070
940 816
940 1071
941 816
941 1071
942 816
942 1071
943 816
943 1072
944 816
944 1072
945 816
945 1072
946 816
946 1072
947 816
947 1072
948 816
948 1073
949 816
949 1074
950 816
950 1074
951 816
951 1074
952 816
952 1074
953 816
953 1074
954 816
954 1074
955 816
955 1074
956 816
956 1074
957 816
957 1074
958 816
958 1074
959 816
959 1074
960 816
960 1074
961 816
961 1074
962 816
962 1074
963 816
963 1074
964 816
964 1074
965 816
965 1074
966 816
966 1074
967 816
967 1074
968 816
968 1074
969 816
969 1074
970 816
970 1074
971 816
971 1074
972 816
972 1074
973 816
973 1074
974 816
974 1074
975 816
975 1074
976 816
976 1074
977 816
977 1074
978 816
978 1074
979 817
979 1074
980 817
980 1074
981 817
981 1074
982 817
982 1074
983 817
983 1074
984 817
984 1074
985 818
985 1074
986 818
986 1074
987 818
987 1074
988 818
988 1074
989 818
989 1074
990 819
990 1074
991 819
991 1074
992 819
992 1074
993 819
993 1074
994 819
994 1074
995 820
995 1074
996 820
996 1073
997 820
997 1072
998 820
998 1072
999 820
999 1072
1000 820
1000 1072
1001 820
1001 1072
1002 820
1002 1072
1003 820
1003 1072
1004 820
1004 1072
1005 821
1005 1072
1006 821
1006 1072
1007 821
1007 1072
1008 821
1008 1072
1009 821
1009 1072
1010 821
1010 1072
1011 822
1011 1072
1012 822
1012 1072
1013 823
1013 1072
1014 823
1014 1072
1015 823
1015 1072
1016 824
1016 1072
1017 824
1017 1071
1018 824
1018 1071
1019 825
1019 1071
1020 825
1020 1071
1021 826
1021 1071
1022 826
1022 1071
1023 827
1023 1071
1024 827
1024 1070
1025 827
1025 1070
1026 828
1026 1070
1027 828
1027 1070
1028 828
1028 1070
1029 829
1029 1069
1030 829
1030 1069
1031 830
1031 1069
1032 830
1032 1069
1033 830
1033 1068
1034 831
1034 1068
1035 831
1035 1068
1036 832
1036 1068
1037 832
1037 1067
1038 833
1038 1067
1039 833
1039 1067
1040 834
1040 1067
1041 834
1041 1066
1042 835
1042 1065
1043 835
1043 1065
1044 836
1044 1065
1045 836
1045 1065
1046 837
1046 1064
1047 837
1047 1064
1048 838
1048 1064
1049 839
1049 1063
1050 839
1050 1063
1051 840
1051 1063
1052 841
1052 1062
1053 842
1053 1062
1054 842
1054 1061
1055 843
1055 1061
1056 844
1056 1060
1057 844
1057 1060
1058 845
1058 1059
1059 846
1059 1059
1060 846
1060 1058
1061 847
1061 1058
1062 847
1062 1057
1063 848
1063 1056
1064 849
1064 1056
1065 850
1065 1055
1066 851
1066 1055
1067 851
1067 1054
1068 852
1068 1054
1069 853
1069 1053
1070 854
1070 1052
1071 854
1071 1052
1072 854
1072 1051
1073 855
1073 1050
1074 856
1074 1050
1075 857
1075 1049
1076 858
1076 1049
1077 859
1077 1048
1078 859
1078 1047
1079 860
1079 1046
1080 861
1080 1046
1081 862
1081 1045
1082 863
1082 1044
1083 864
1083 1043
1084 865
1084 1042
1085 866
1085 1042
1086 867
1086 1041
1087 868
1087 1040
1088 869
1088 1039
1089 870
1089 871
1089 1039
1090 872
1090 1038
1091 873
1091 1037
1092 874
1092 875
1092 1037
1093 876
1093 1036
1094 877
1094 1035
1095 878
1095 1035
1096 879
1096 880
1096 1034
1097 881
1097 1033
1098 882
1098 1032
1099 883
1099 1031
1100 884
1100 885
1100 1030
1101 886
1101 1029
1102 887
1102 1028
1103 888
1103 889
1103 1028
1104 890
1104 1027
1105 891
1105 1026
1106 892
1106 893
1106 1024
1106 1025
1107 894
1107 1023
1108 895
1108 896
1108 1021
1108 1022
1109 897
1109 1020
1110 898
1110 899
1110 1019
1111 900
1111 1017
1111 1018
1112 901
1112 902
1112 1014
1112 1015
1112 1016
1113 903
1113 904
1113 1013
1114 905
1114 906
1114 1011
1114 1012
1115 907
1115 908
1115 1010
1116 909
1116 910
1116 1008
1116 1009
1117 911
1117 1006
1117 1007
1118 912
1118 913
1118 1005
1119 914
1119 915
1119 1004
1120 916
1120 917
1120 1003
1121 918
1121 919
1121 1000
1121 1001
1121 1002
1122 920
1122 921
1122 998
1122 999
1123 922
1123 923
1123 926
1123 995
1123 996
1123 997
1124 924
1124 925
1124 927
1124 989
1124 993
1124 994
1125 928
1125 929
1125 930
1125 988
1125 990
1125 991
1125 992
1126 931
1126 932
1126 933
1126 936
1126 982
1126 985
1126 986
1126 987
1127 934
1127 935
1127 937
1127 939
1127 940
1127 941
1127 942
1127 943
1127 944
1127 945
1127 946
1127 947
1127 948
1127 949
1127 967
1127 968
1127 969
1127 970
1127 971
1127 972
1127 973
1127 974
1127 975
1127 976
1127 977
1127 981
1127 983
1127 984
1128 938
1128 950
1128 952
1128 953
1128 954
1128 955
1128 956
1128 957
1128 958
1128 959
1128 960
1128 961
1128 962
1128 963
1128 964
1128 966
1128 978
1128 979
1128 980
1129 951
1129 965
