744 981
744 982
745 966
745 969
745 970
745 980
745 983
745 997
746 958
746 959
746 965
746 967
746 968
746 971
746 972
746 973
746 974
746 975
746 976
746 977
746 978
746 979
746 984
746 985
746 986
746 987
746 988
746 989
746 990
746 991
746 992
746 993
746 994
746 995
746 996
746 998
746 1007
746 1008
746 1013
747 951
747 957
747 960
747 961
747 962
747 963
747 964
747 999
747 1000
747 1001
747 1002
747 1003
747 1004
747 1005
747 1006
747 1009
747 1010
747 1011
747 1012
747 1014
747 1019
747 1020
748 945
748 950
748 952
748 953
748 954
748 955
748 956
748 1015
748 1016
748 1017
748 1018
748 1021
748 1026
748 1027
749 939
749 944
749 946
749 947
749 948
749 949
749 1022
749 1023
749 1024
749 1025
749 1028
750 936
750 938
750 940
750 941
750 942
750 943
750 1029
750 1031
750 1032
751 933
751 934
751 935
751 937
751 1030
751 1033
751 1034
751 1035
752 930
752 931
752 932
752 1036
752 1038
753 927
753 928
753 929
753 1037
753 1039
753 1041
753 1042
753 1043
754 924
754 925
754 926
754 1040
754 1044
754 1045
754 1046
755 921
755 922
755 923
755 1047
755 1048
755 1049
756 918
756 919
756 920
756 1050
756 1051
756 1052
757 916
757 917
757 1053
757 1054
757 1055
758 913
758 914
758 915
758 1056
758 1057
759 910
759 911
759 912
759 1058
759 1059
759 1060
760 906
760 907
760 908
760 909
760 1061
760 1062
761 904
761 905
761 1063
761 1064
761 1065
762 902
762 903
762 1066
762 1067
763 900
763 901
763 1068
763 1069
763 1070
764 898
764 899
764 1071
764 1072
765 896
765 897
765 1073
765 1074
766 894
766 895
766 1075
766 1076
767 893
767 1077
767 1078
768 891
768 892
768 1079
769 890
769 1080
769 1081
770 888
770 889
770 1082
770 1083
771 886
771 887
771 1084
771 1085
772 885
772 1086
773 883
773 884
773 1087
774 882
774 1088
774 1089
775 879
775 880
775 881
775 1090
776 878
776 1091
776 1092
777 876
777 877
777 1093
778 874
778 875
778 1094
778 1095
779 873
779 1096
779 1097
780 871
780 872
780 1098
781 869
781 870
781 1099
781 1100
782 868
782 1101
783 866
783 867
783 1102
784 865
784 1103
784 1104
785 864
785 1105
786 863
786 1106
787 862
787 1107
787 1108
788 861
788 1109
789 860
789 1110
790 859
790 1111
790 1112
791 858
791 1113
792 857
792 1114
793 856
793 1115
794 855
794 1116
795 854
795 1117
796 853
796 1118
797 852
797 1119
798 851
798 1120
799 850
799 1121
800 849
800 1122
801 848
801 1123
802 847
802 1124
803 846
803 1125
804 845
804 1126
805 844
805 1127
806 844
806 1128
807 843
807 1129
808 842
808 1130
809 841
809 1131
810 840
810 1132
811 839
811 1133
812 838
812 1133
813 837
813 1134
814 837
814 1135
815 836
815 1136
816 834
816 835
816 1137
817 833
817 1138
818 833
818 1138
819 832
819 1139
820 831
820 1140
821 830
821 1141
822 830
822 1142
823 829
823 1142
824 828
824 1143
825 828
825 1144
826 827
826 1145
827 826
827 1145
828 825
828 1146
829 825
829 1147
830 824
830 1147
831 823
831 1148
832 823
832 1149
833 822
833 1149
834 821
834 1150
835 821
835 1151
836 820
836 1151
837 820
837 1151
838 819
838 1152
839 818
839 1153
840 818
840 1153
841 817
841 1154
842 816
842 1155
843 816
843 1155
844 815
844 1156
845 814
845 1156
846 814
846 1157
847 813
847 1158
848 813
848 1158
849 812
849 1159
850 811
850 1159
851 811
851 1160
852 810
852 1160
853 810
853 1161
854 809
854 1161
855 808
855 1162
856 808
856 1162
857 808
857 1163
858 807
858 1163
859 807
859 1164
860 807
860 1164
861 806
861 1165
862 806
862 1165
863 806
863 1165
864 805
864 1166
865 805
865 1167
866 805
866 1167
867 804
867 1168
868 804
868 1168
869 804
869 1168
870 804
870 1169
871 803
871 1169
872 803
872 1170
873 803
873 1170
874 803
874 1170
875 802
875 1171
876 802
876 1171
877 802
877 1171
878 801
878 1172
879 801
879 1173
880 801
880 1173
881 800
881 1173
882 800
882 1174
883 800
883 1174
884 799
884 1174
885 799
885 1174
886 798
886 1175
887 798
887 1175
888 798
888 1175
889 798
889 1176
890 797
890 1176
891 797
891 1176
892 797
892 1176
893 797
893 1177
894 796
894 1177
895 796
895 1177
896 796
896 1177
897 796
897 1177
898 796
898 1178
899 795
899 1178
900 795
900 1178
901 795
901 1178
902 795
902 1178
903 795
903 1178
904 795
904 1178
905 795
905 1178
906 795
906 1178
907 794
907 1178
908 794
908 1178
909 794
909 1178
910 794
910 1179
911 794
911 1179
912 794
912 1179
913 794
913 1179
914 794
914 1179
915 794
915 1179
916 794
916 1179
917 793
917 1179
918 793
918 1179
919 793
919 1179
920 793
920 1179
921 793
921 1179
922 793
922 1179
923 793
923 1179
924 793
924 1180
925 792
925 1181
926 792
926 1181
927 792
927 1181
928 792
928 1181
929 792
929 1181
930 792
930 1181
931 792
931 1181
932 792
932 1181
933 792
933 1181
934 792
934 1181
935 792
935 1181
936 792
936 1181
937 792
937 1181
938 792
938 1181
939 792
939 1181
940 792
940 1181
941 792
941 1181
942 792
942 1180
943 792
943 1180
944 792
944 1180
945 792
945 1180
946 792
946 1180
947 792
947 1180
948 792
948 1180
949 792
949 1180
950 792
950 1180
951 792
951 1180
952 792
952 1180
953 792
953 1180
954 792
954 1180
955 792
955 1180
956 792
956 1179
957 793
957 1179
958 793
958 1179
959 793
959 1179
960 793
960 1179
961 793
961 1179
962 793
962 1179
963 793
963 1179
964 793
964 1179
965 794
965 1179
966 794
966 1179
967 794
967 1179
968 794
968 1179
969 794
969 1179
970 794
970 1178
971 794
971 1178
972 794
972 1178
973 794
973 1178
974 794
974 1178
975 795
975 1178
976 795
976 1178
977 795
977 1178
978 795
978 1178
979 795
979 1178
980 795
980 1178
981 796
981 1177
982 796
982 1177
983 796
983 1177
984 796
984 1177
985 797
985 1177
986 797
986 1177
987 797
987 1177
988 798
988 1177
989 798
989 1176
990 798
990 1176
991 799
991 1176
992 799
992 1175
993 799
993 1175
994 799
994 1175
995 800
995 1174
996 800
996 1174
997 800
997 1174
998 801
998 1173
999 801
999 1173
1000 801
1000 1173
1001 802
1001 1172
1002 802
1002 1172
1003 802
1003 1172
1004 803
1004 1171
1005 803
1005 1171
1006 803
1006 1171
1007 804
1007 1171
1008 804
1008 1170
1009 804
1009 1170
1010 805
1010 1169
1011 805
1011 1169
1012 805
1012 1169
1013 806
1013 1168
1014 806
1014 1168
1015 807
1015 1168
1016 807
1016 1167
1017 808
1017 1167
1018 808
1018 1166
1019 809
1019 1165
1020 809
1020 1165
1021 810
1021 1164
1022 810
1022 1164
1023 810
1023 1163
1024 811
1024 1163
1025 811
1025 1162
1026 812
1026 1162
1027 812
1027 1161
1028 813
1028 1161
1029 813
1029 1160
1030 814
1030 1160
1031 814
1031 1159
1032 815
1032 1159
1033 815
1033 1158
1034 816
1034 1158
1035 817
1035 1158
1036 817
1036 1157
1037 818
1037 1157
1038 818
1038 1156
1039 819
1039 1156
1040 819
1040 1155
1041 820
1041 1154
1042 820
1042 1154
1043 821
1043 1153
1044 821
1044 1152
1045 822
1045 1152
1046 823
1046 1151
1047 823
1047 1150
1048 824
1048 1149
1049 824
1049 1148
1050 825
1050 1148
1051 826
1051 1147
1052 826
1052 1147
1053 827
1053 1146
1054 828
1054 1145
1055 829
1055 1145
1056 829
1056 1144
1057 830
1057 1143
1058 831
1058 1143
1059 831
1059 1142
1060 832
1060 1142
1061 833
1061 1141
1062 833
1062 1141
1063 834
1063 1140
1064 835
1064 1139
1065 835
1065 1138
1066 836
1066 1137
1067 837
1067 1137
1068 838
1068 1136
1069 839
1069 1135
1070 840
1070 1134
1071 840
1071 1133
1072 841
1072 1132
1073 842
1073 1131
1074 843
1074 1130
1075 844
1075 1129
1076 845
1076 1128
1077 845
1077 1127
1078 846
1078 1126
1079 847
1079 1126
1080 848
1080 1125
1081 849
1081 1124
1082 850
1082 1123
1083 851
1083 1122
1084 852
1084 1121
1085 853
1085 1120
1086 854
1086 1119
1087 855
1087 1118
1088 856
1088 1117
1089 857
1089 1116
1090 858
1090 1115
1091 859
1091 1114
1092 860
1092 1113
1093 861
1093 1112
1094 862
1094 1111
1095 863
1095 1109
1095 1110
1096 864
1096 1108
1097 865
1097 1107
1098 866
1098 1105
1098 1106
1099 867
1099 868
1099 1104
1100 869
1100 1103
1101 870
1101 871
1101 1101
1101 1102
1102 872
1102 1100
1103 873
1103 1098
1103 1099
1104 874
1104 875
1104 1096
1104 1097
1105 876
1105 1095
1106 877
1106 1093
1106 1094
1107 878
1107 879
1107 1091
1107 1092
1108 880
1108 1090
1109 881
1109 1088
1109 1089
1110 882
1110 883
1110 1086
1110 1087
1111 884
1111 1085
1112 885
1112 1084
1113 886
1113 887
1113 1082
1113 1083
1114 888
1114 1080
1114 1081
1115 889
1115 890
1115 1079
1116 891
1116 1077
1116 1078
1117 892
1117 893
1117 894
1117 1076
1118 895
1118 896
1118 1074
1118 1075
1119 897
1119 898
1119 1073
1120 899
1120 900
1120 1071
1120 1072
1121 901
1121 902
1121 1069
1121 1070
1122 903
1122 904
1122 1066
1122 1067
1122 1068
1123 905
1123 1064
1123 1065
1124 906
1124 907
1124 1058
1124 1061
1124 1062
1124 1063
1125 908
1125 909
1125 910
1125 1056
1125 1057
1125 1059
1125 1060
1126 911
1126 912
1126 913
1126 1054
1126 1055
1127 914
1127 915
1127 1051
1127 1052
1127 1053
1128 916
1128 917
1128 918
1128 1049
1128 1050
1129 919
1129 920
1129 922
1129 1046
1129 1047
1129 1048
1130 921
1130 923
1130 1042
1130 1044
1130 1045
1131 924
1131 925
1131 926
1131 1039
1131 1041
1131 1043
1132 927
1132 928
1132 929
1132 1036
1132 1038
1132 1040
1133 930
1133 931
1133 932
1133 935
1133 937
1133 938
1133 939
1133 1033
1133 1035
1133 1037
1134 933
1134 934
1134 936
1134 940
1134 943
1134 944
1134 945
1134 1030
1134 1032
1134 1034
1135 941
1135 942
1135 946
1135 949
1135 1023
1135 1024
1135 1025
1135 1026
1135 1027
1135 1029
1135 1031
1136 947
1136 948
1136 950
1136 952
1136 953
1136 954
1136 955
1136 956
1136 957
1136 1015
1136 1016
1136 1017
1136 1018
1136 1019
1136 1022
1136 1028
1137 951
1137 958
1137 961
1137 962
1137 963
1137 964
1137 965
1137 1004
1137 1005
1137 1006
1137 1007
1137 1008
1137 1009
1137 1010
1137 1011
1137 1012
1137 1014
1137 1020
1137 1021
1138 959
1138 960
1138 966
1138 968
1138 969
1138 970
1138 971
1138 972
1138 973
1138 974
1138 975
1138 976
1138 977
1138 978
1138 979
1138 980
1138 981
1138 982
1138 983
1138 984
1138 985
1138 986
1138 987
1138 988
1138 989
1138 990
1138 991
1138 992
1138 993
1138 994
1138 995
1138 996
1138 998
1138 999
1138 1000
1138 1003
1138 1013
1139 967
1139 997
1139 1001
1139 1002
