824 983
825 974
825 982
825 984
825 992
826 969
826 970
826 973
826 975
826 976
826 977
826 978
826 979
826 980
826 981
826 985
826 986
826 987
826 988
826 989
826 990
826 991
826 993
826 999
826 1000
826 1002
827 966
827 968
827 971
827 972
827 994
827 995
827 996
827 997
827 998
827 1001
827 1003
827 1005
827 1006
828 956
828 960
828 965
828 967
828 1004
828 1007
828 1009
828 1010
829 953
829 954
829 955
829 957
829 958
829 959
829 961
829 962
829 963
829 964
829 1008
829 1011
830 950
830 951
830 952
830 1011
830 1013
830 1014
831 947
831 949
831 1012
831 1015
831 1016
831 1017
831 1019
832 945
832 946
832 948
832 1018
832 1020
832 1021
832 1022
833 942
833 943
833 944
833 1023
833 1024
833 1025
834 940
834 941
834 1026
834 1027
835 939
835 1028
836 937
836 938
836 1029
836 1030
836 1031
837 935
837 936
837 1032
837 1033
838 933
838 934
838 1034
838 1035
839 930
839 931
839 932
839 1036
839 1037
840 928
840 929
840 1038
841 927
841 1039
841 1040
842 925
842 926
842 1041
843 923
843 924
843 1042
844 921
844 922
844 1043
845 920
845 1044
845 1045
846 918
846 919
846 1046
847 917
847 1047
848 916
848 1048
848 1049
849 914
849 915
849 1050
850 913
850 1051
850 1052
851 912
851 1053
852 911
852 1054
853 909
853 910
853 1055
854 908
854 1056
855 907
855 1057
856 906
856 1057
857 905
857 1058
858 905
858 1059
859 904
859 1060
860 903
860 1061
861 902
861 1062
862 901
862 1063
863 900
863 1063
864 899
864 1064
865 898
865 1065
866 897
866 1066
867 897
867 1067
868 896
868 1068
869 896
869 1069
870 895
870 1070
871 894
871 1071
872 894
872 1071
873 893
873 1072
874 892
874 1072
875 892
875 1073
876 892
876 1073
877 891
877 1073
878 890
878 1074
879 890
879 1074
880 889
880 1075
881 889
881 1075
882 888
882 1076
883 887
883 1076
884 887
884 1077
885 886
885 1078
886 886
886 1078
887 885
887 1079
888 885
888 1079
889 884
889 1080
890 884
890 1080
891 883
891 1080
892 882
892 1080
893 882
893 1081
894 881
894 1081
895 881
895 1082
896 881
896 1082
897 880
897 1083
898 880
898 1083
899 880
899 1083
900 880
900 1084
901 879
901 1085
902 879
902 1085
903 879
903 1086
904 879
904 1086
905 878
905 1086
906 878
906 1086
907 878
907 1086
908 877
908 1087
909 877
909 1088
910 877
910 1088
911 877
911 1088
912 876
912 1088
913 876
913 1088
914 876
914 1088
915 876
915 1088
916 876
916 1088
917 876
917 1088
918 876
918 1088
919 876
919 1088
920 876
920 1088
921 876
921 1088
922 876
922 1088
923 876
923 1088
924 876
924 1088
925 875
925 1088
926 875
926 1088
927 875
927 1088
928 875
928 1088
929 875
929 1088
930 875
930 1088
931 875
931 1088
932 875
932 1088
933 875
933 1088
934 875
934 1088
935 875
935 1088
936 875
936 1088
937 875
937 1088
938 875
938 1088
939 875
939 1088
940 875
940 1088
941 875
941 1088
942 875
942 1088
943 875
943 1088
944 875
944 1088
945 875
945 1088
946 875
946 1088
947 875
947 1088
948 875
948 1088
949 876
949 1088
950 876
950 1088
951 876
951 1088
952 876
952 1088
953 876
953 1088
954 877
954 1088
955 877
955 1088
956 877
956 1088
957 878
957 1088
958 878
958 1088
959 878
959 1087
960 878
960 1086
961 879
961 1086
962 879
962 1086
963 879
963 1086
964 879
964 1086
965 880
965 1085
966 880
966 1085
967 880
967 1085
968 881
968 1085
969 881
969 1084
970 882
970 1084
971 882
971 1084
972 883
972 1083
973 883
973 1083
974 884
974 1082
975 884
975 1081
976 885
976 1081
977 885
977 1080
978 886
978 1080
979 886
979 1079
980 887
980 1079
981 887
981 1078
982 887
982 1078
983 888
983 1077
984 888
984 1076
985 889
985 1075
986 890
986 1075
987 890
987 1074
988 891
988 1073
989 891
989 1073
990 892
990 1072
991 893
991 1071
992 893
992 1070
993 894
993 1070
994 895
994 1068
994 1069
995 896
995 1067
996 897
996 1067
997 898
997 1066
998 899
998 1065
999 900
999 1064
1000 901
1000 1064
1001 902
1001 1063
1002 903
1002 1062
1003 904
1003 1062
1004 905
1004 1061
1005 906
1005 1060
1006 907
1006 1059
1007 908
1007 1058
1008 909
1008 1057
1009 910
1009 1056
1010 911
1010 1055
1011 912
1011 1054
1012 913
1012 914
1012 1052
1012 1053
1013 915
1013 1051
1014 916
1014 1049
1014 1050
1015 917
1015 918
1015 1048
1016 919
1016 1046
1016 1047
1017 920
1017 1045
1018 921
1018 1043
1018 1044
1019 922
1019 923
1019 1042
1020 924
1020 1041
1021 925
1021 1040
1022 926
1022 1038
1022 1039
1023 927
1023 928
1023 1036
1023 1037
1024 929
1024 1033
1024 1034
1024 1035
1025 930
1025 931
1025 1031
1025 1032
1026 932
1026 933
1026 934
1026 1029
1026 1030
1027 935
1027 936
1027 937
1027 1026
1027 1027
1027 1028
1028 938
1028 939
1028 1024
1028 1025
1029 940
1029 941
1029 1021
1029 1022
1029 1023
1030 942
1030 943
1030 944
1030 948
1030 1016
1030 1019
1030 1020
1031 945
1031 946
1031 947
1031 949
1031 1015
1031 1017
1031 1018
1032 950
1032 951
1032 952
1032 955
1032 956
1032 957
1032 958
1032 959
1032 1012
1032 1014
1033 953
1033 954
1033 960
1033 963
1033 964
1033 965
1033 966
1033 967
1033 1002
1033 1003
1033 1004
1033 1006
1033 1007
1033 1008
1033 1011
1033 1013
1034 961
1034 962
1034 968
1034 970
1034 971
1034 972
1034 973
1034 974
1034 975
1034 976
1034 978
1034 979
1034 980
1034 981
1034 982
1034 983
1034 985
1034 986
1034 987
1034 988
1034 989
1034 990
1034 991
1034 992
1034 993
1034 994
1034 995
1034 996
1034 997
1034 998
1034 1001
1034 1005
1034 1009
1034 1010
1035 969
1035 977
1035 984
1035 999
1035 1000
