771 913
772 907
772 908
772 912
772 914
772 924
772 925
772 927
773 899
773 901
773 902
773 906
773 909
773 910
773 911
773 915
773 916
773 917
773 918
773 919
773 920
773 921
773 922
773 923
773 926
773 928
773 931
773 932
774 896
774 897
774 898
774 900
774 903
774 904
774 905
774 929
774 930
774 933
774 936
774 937
775 892
775 893
775 895
775 934
775 935
775 938
775 940
775 941
776 889
776 890
776 891
776 894
776 939
776 942
776 943
776 944
777 886
777 888
777 945
777 946
777 947
778 883
778 884
778 885
778 887
778 948
778 949
779 880
779 881
779 882
779 950
779 951
779 952
780 878
780 879
780 953
780 954
780 955
781 875
781 876
781 877
781 956
781 957
781 958
782 872
782 873
782 874
782 959
782 960
783 870
783 871
783 961
783 962
784 868
784 869
784 963
784 964
785 866
785 867
785 965
785 966
786 864
786 865
786 967
787 862
787 863
787 968
787 969
788 860
788 861
788 970
788 971
789 859
789 972
789 973
790 859
790 974
790 975
791 857
791 858
791 976
792 856
792 977
792 978
793 854
793 855
793 979
794 852
794 853
794 980
794 981
795 851
795 982
796 848
796 849
796 850
796 983
796 984
797 847
797 985
798 845
798 846
798 986
799 844
799 987
799 988
800 843
800 989
801 842
801 990
802 840
802 841
802 991
802 992
803 839
803 993
804 838
804 994
805 837
805 995
805 996
806 836
806 997
807 835
807 998
808 834
808 999
809 833
809 1000
810 831
810 832
810 1001
810 1002
811 830
811 1003
812 829
812 1004
813 828
813 1005
814 827
814 1006
815 826
815 1007
816 825
816 1008
817 824
817 1009
817 1010
818 823
818 1011
819 822
819 1011
820 821
820 1012
821 820
821 1013
822 819
822 1014
823 818
823 1014
824 817
824 1015
825 816
825 1016
826 815
826 1016
827 814
827 1017
828 813
828 1018
829 812
829 1018
830 812
830 1019
831 811
831 1020
832 810
832 1021
833 809
833 1021
834 808
834 1022
835 807
835 1023
836 806
836 1023
837 806
837 1024
838 805
838 1024
839 804
839 1025
840 803
840 1026
841 803
841 1026
842 802
842 1027
843 801
843 1028
844 801
844 1028
845 800
845 1029
846 799
846 1030
847 799
847 1030
848 798
848 1031
849 797
849 1031
850 797
850 1032
851 796
851 1032
852 795
852 1032
853 794
853 1033
854 794
854 1033
855 793
855 1034
856 793
856 1034
857 792
857 1035
858 792
858 1035
859 791
859 1036
860 790
860 1036
861 790
861 1037
862 789
862 1037
863 789
863 1038
864 788
864 1039
865 788
865 1039
866 787
866 1040
867 787
867 1040
868 787
868 1040
869 786
869 1041
870 786
870 1041
871 785
871 1042
872 785
872 1042
873 784
873 1042
874 784
874 1042
875 784
875 1043
876 783
876 1043
877 783
877 1043
878 783
878 1044
879 782
879 1044
880 782
880 1044
881 781
881 1044
882 781
882 1045
883 781
883 1045
884 780
884 1045
885 780
885 1045
886 780
886 1045
887 780
887 1046
888 779
888 1046
889 779
889 1046
890 779
890 1046
891 778
891 1046
892 778
892 1047
893 778
893 1047
894 777
894 1047
895 777
895 1047
896 777
896 1047
897 776
897 1047
898 776
898 1048
899 776
899 1048
900 776
900 1048
901 775
901 1048
902 775
902 1048
903 775
903 1049
904 775
904 1049
905 775
905 1049
906 775
906 1049
907 775
907 1049
908 775
908 1049
909 774
909 1050
910 774
910 1050
911 774
911 1050
912 774
912 1050
913 774
913 1050
914 773
914 1050
915 773
915 1050
916 773
916 1050
917 773
917 1050
918 773
918 1050
919 773
919 1051
920 773
920 1051
921 773
921 1051
922 773
922 1051
923 773
923 1051
924 773
924 1051
925 773
925 1051
926 773
926 1051
927 773
927 1051
928 773
928 1051
929 772
929 1051
930 772
930 1051
931 772
931 1051
932 772
932 1051
933 772
933 1051
934 772
934 1051
935 772
935 1051
936 772
936 1051
937 772
937 1051
938 772
938 1051
939 772
939 1051
940 772
940 1051
941 772
941 1051
942 772
942 1051
943 772
943 1051
944 772
944 1051
945 772
945 1051
946 772
946 1051
947 772
947 1051
948 772
948 1051
949 772
949 1051
950 772
950 1051
951 772
951 1051
952 772
952 1051
953 772
953 1051
954 773
954 1050
955 773
955 1050
956 773
956 1050
957 773
957 1050
958 773
958 1050
959 773
959 1050
960 774
960 1050
961 774
961 1050
962 774
962 1050
963 774
963 1050
964 774
964 1049
965 774
965 1049
966 774
966 1049
967 774
967 1049
968 774
968 1049
969 775
969 1049
970 775
970 1049
971 775
971 1049
972 775
972 1049
973 775
973 1049
974 776
974 1049
975 776
975 1048
976 776
976 1048
977 776
977 1048
978 776
978 1048
979 776
979 1047
980 777
980 1047
981 777
981 1047
982 777
982 1047
983 777
983 1047
984 777
984 1046
985 778
985 1045
986 778
986 1045
987 779
987 1045
988 779
988 1045
989 780
989 1045
990 780
990 1044
991 780
991 1044
992 781
992 1044
993 781
993 1044
994 782
994 1043
995 782
995 1043
996 782
996 1043
997 783
997 1043
998 783
998 1043
999 784
999 1043
1000 784
1000 1043
1001 785
1001 1043
1002 785
1002 1043
1003 786
1003 1043
1004 786
1004 1043
1005 786
1005 1043
1006 787
1006 1043
1007 787
1007 1043
1008 788
1008 1043
1009 788
1009 1043
1010 789
1010 1042
1011 789
1011 1042
1012 790
1012 1042
1013 790
1013 1042
1014 791
1014 1042
1015 791
1015 1042
1016 792
1016 1041
1017 792
1017 1041
1018 793
1018 1041
1019 793
1019 1041
1020 794
1020 1040
1021 794
1021 1040
1022 795
1022 1040
1023 795
1023 1040
1024 796
1024 1039
1025 796
1025 1039
1026 797
1026 1039
1027 797
1027 1039
1028 798
1028 1038
1029 798
1029 1038
1030 799
1030 1038
1031 799
1031 1038
1032 800
1032 1037
1033 801
1033 1037
1034 801
1034 1037
1035 802
1035 1037
1036 803
1036 1036
1037 804
1037 1036
1038 804
1038 1036
1039 805
1039 1036
1040 806
1040 1035
1041 807
1041 1035
1042 808
1042 1035
1043 808
1043 1034
1044 809
1044 1034
1045 810
1045 1033
1046 811
1046 1033
1047 811
1047 1032
1048 812
1048 1032
1049 813
1049 1032
1050 814
1050 1031
1051 815
1051 1031
1052 815
1052 1030
1053 816
1053 1030
1054 817
1054 1029
1055 818
1055 1029
1056 819
1056 1028
1057 820
1057 1027
1058 821
1058 1027
1059 822
1059 1026
1060 822
1060 1026
1061 823
1061 1025
1062 824
1062 1024
1063 825
1063 1024
1064 826
1064 1023
1065 827
1065 1023
1066 828
1066 1022
1067 829
1067 1021
1068 830
1068 1021
1069 831
1069 1020
1070 832
1070 1020
1071 833
1071 1019
1072 834
1072 1018
1073 835
1073 1018
1074 836
1074 1017
1075 836
1075 1016
1076 837
1076 1015
1077 838
1077 839
1077 1015
1078 840
1078 1014
1079 841
1079 1013
1080 842
1080 1013
1081 843
1081 1012
1082 844
1082 1011
1083 845
1083 1011
1084 846
1084 1010
1085 847
1085 1010
1086 848
1086 1009
1087 849
1087 1008
1088 850
1088 1008
1089 851
1089 1007
1090 852
1090 1006
1091 853
1091 854
1091 1005
1092 855
1092 1005
1093 856
1093 1004
1094 857
1094 1003
1095 858
1095 1002
1096 859
1096 860
1096 1001
1097 861
1097 1000
1098 862
1098 999
1099 863
1099 999
1100 864
1100 865
1100 998
1101 866
1101 997
1102 867
1102 996
1103 868
1103 995
1104 869
1104 995
1105 870
1105 871
1105 994
1106 872
1106 993
1107 873
1107 991
1107 992
1108 874
1108 990
1109 875
1109 876
1109 877
1109 988
1109 989
1110 878
1110 879
1110 987
1111 880
1111 881
1111 985
1111 986
1112 882
1112 883
1112 984
1113 884
1113 885
1113 982
1113 983
1114 886
1114 887
1114 981
1115 888
1115 889
1115 980
1116 890
1116 891
1116 978
1116 979
1117 892
1117 893
1117 977
1118 894
1118 895
1118 975
1118 976
1119 896
1119 897
1119 973
1119 974
1120 898
1120 899
1120 971
1120 972
1121 900
1121 901
1121 968
1121 969
1121 970
1122 902
1122 903
1122 966
1122 967
1123 904
1123 905
1123 960
1123 963
1123 964
1123 965
1124 906
1124 907
1124 959
1124 961
1124 962
1125 908
1125 909
1125 910
1125 948
1125 949
1125 950
1125 951
1125 952
1125 953
1125 956
1125 957
1125 958
1126 911
1126 912
1126 914
1126 915
1126 916
1126 917
1126 918
1126 919
1126 920
1126 929
1126 930
1126 931
1126 932
1126 933
1126 934
1126 935
1126 936
1126 937
1126 938
1126 939
1126 941
1126 942
1126 943
1126 944
1126 947
1126 954
1126 955
1127 913
1127 921
1127 924
1127 925
1127 926
1127 928
1127 940
1127 945
1127 946
1128 922
1128 923
1128 927
