731 912
732 902
732 903
732 911
732 913
732 930
733 895
733 901
733 904
733 905
733 906
733 907
733 908
733 909
733 910
733 914
733 915
733 916
733 917
733 918
733 919
733 920
733 921
733 922
733 923
733 924
733 925
733 926
733 927
733 928
733 929
733 931
733 941
733 942
734 891
734 892
734 894
734 896
734 897
734 898
734 899
734 900
734 932
734 933
734 934
734 935
734 936
734 937
734 938
734 939
734 940
734 943
734 947
735 888
735 889
735 890
735 893
735 944
735 945
735 946
735 948
735 950
735 951
736 884
736 885
736 887
736 949
736 952
736 954
736 955
737 880
737 881
737 883
737 886
737 953
737 956
737 958
737 959
738 878
738 879
738 882
738 957
738 960
738 962
738 963
738 964
739 875
739 876
739 877
739 961
739 965
739 966
739 967
740 872
740 873
740 874
740 968
740 969
740 970
741 869
741 870
741 871
741 971
741 972
742 866
742 867
742 868
742 973
742 974
742 975
743 862
743 863
743 864
743 865
743 976
743 977
743 978
744 860
744 861
744 979
744 980
745 858
745 859
745 981
745 982
746 855
746 856
746 857
746 983
746 984
747 853
747 854
747 985
747 986
748 851
748 852
748 987
748 988
749 849
749 850
749 989
749 990
750 846
750 847
750 848
750 991
750 992
751 844
751 845
751 993
751 994
752 843
752 995
753 841
753 842
753 996
753 997
754 839
754 840
754 998
755 837
755 838
755 999
755 1000
756 836
756 1001
757 834
757 835
757 1002
758 832
758 833
758 1003
758 1004
759 831
759 1005
760 830
760 1006
760 1007
761 829
761 1008
762 827
762 828
762 1009
763 825
763 826
763 1010
763 1011
764 824
764 1012
765 822
765 823
765 1013
766 820
766 821
766 1014
767 818
767 819
767 1015
768 816
768 817
768 1016
769 815
769 1017
770 813
770 814
770 1018
771 812
771 1019
772 810
772 811
772 1020
773 809
773 1021
774 807
774 808
774 1022
775 806
775 1023
776 804
776 805
776 1024
777 803
777 1025
778 802
778 1026
779 801
779 1027
780 800
780 1028
781 798
781 799
781 1029
782 797
782 1030
783 796
783 1031
784 795
784 1032
785 794
785 1033
786 793
786 1034
787 792
787 1035
788 791
788 1036
789 790
789 1037
790 789
790 1038
791 788
791 1039
792 787
792 1039
793 786
793 1040
794 785
794 1041
795 784
795 1042
796 783
796 1043
797 782
797 1044
798 781
798 1044
799 780
799 1044
800 780
800 1045
801 779
801 1046
802 778
802 1047
803 777
803 1047
804 776
804 1048
805 775
805 1049
806 774
806 1050
807 774
807 1050
808 773
808 1051
809 772
809 1052
810 771
810 1053
811 770
811 1053
812 770
812 1054
813 769
813 1055
814 768
814 1056
815 768
815 1057
816 767
816 1057
817 766
817 1058
818 765
818 1059
819 765
819 1060
820 764
820 1060
821 763
821 1061
822 762
822 1062
823 762
823 1062
824 761
824 1063
825 760
825 1064
826 759
826 1064
827 758
827 1065
828 758
828 1065
829 757
829 1065
830 756
830 1066
831 755
831 1066
832 755
832 1066
833 754
833 1067
834 753
834 1067
835 752
835 1068
836 752
836 1068
837 751
837 1068
838 750
838 1068
839 750
839 1068
840 749
840 1069
841 749
841 1069
842 748
842 1070
843 747
843 1070
844 747
844 1070
845 746
845 1071
846 746
846 1071
847 745
847 1071
848 744
848 1072
849 744
849 1072
850 743
850 1072
851 743
851 1073
852 743
852 1073
853 742
853 1073
854 742
854 1073
855 741
855 1074
856 741
856 1074
857 740
857 1075
858 740
858 1075
859 739
859 1075
860 739
860 1076
861 738
861 1076
862 738
862 1076
863 737
863 1077
864 736
864 1077
865 735
865 1077
866 735
866 1077
867 735
867 1078
868 734
868 1079
869 734
869 1079
870 734
870 1079
871 733
871 1080
872 733
872 1080
873 733
873 1080
874 732
874 1080
875 732
875 1081
876 731
876 1081
877 731
877 1081
878 731
878 1081
879 731
879 1081
880 731
880 1081
881 731
881 1082
882 730
882 1083
883 730
883 1083
884 730
884 1083
885 729
885 1083
886 729
886 1084
887 729
887 1084
888 728
888 1084
889 728
889 1084
890 728
890 1084
891 728
891 1085
892 727
892 1085
893 727
893 1085
894 726
894 1085
895 726
895 1085
896 726
896 1086
897 725
897 1086
898 725
898 1086
899 725
899 1086
900 725
900 1087
901 725
901 1087
902 725
902 1087
903 724
903 1087
904 724
904 1088
905 724
905 1088
906 724
906 1088
907 724
907 1088
908 724
908 1088
909 724
909 1088
910 724
910 1089
911 723
911 1089
912 723
912 1089
913 723
913 1089
914 723
914 1089
915 723
915 1089
916 723
916 1089
917 723
917 1089
918 723
918 1089
919 723
919 1089
920 723
920 1089
921 723
921 1089
922 723
922 1089
923 723
923 1090
924 723
924 1090
925 723
925 1090
926 723
926 1090
927 723
927 1090
928 723
928 1090
929 723
929 1090
930 723
930 1090
931 723
931 1090
932 723
932 1090
933 723
933 1090
934 723
934 1090
935 723
935 1090
936 723
936 1090
937 723
937 1090
938 724
938 1090
939 724
939 1090
940 724
940 1090
941 724
941 1090
942 724
942 1090
943 724
943 1090
944 724
944 1090
945 725
945 1090
946 725
946 1090
947 725
947 1090
948 725
948 1090
949 725
949 1090
950 725
950 1090
951 725
951 1090
952 725
952 1090
953 725
953 1090
954 726
954 1091
955 726
955 1091
956 726
956 1091
957 726
957 1091
958 726
958 1091
959 726
959 1091
960 726
960 1091
961 727
961 1091
962 727
962 1091
963 727
963 1091
964 727
964 1091
965 727
965 1091
966 727
966 1090
967 728
967 1089
968 728
968 1089
969 728
969 1089
970 728
970 1089
971 728
971 1089
972 728
972 1089
973 729
973 1089
974 729
974 1089
975 729
975 1088
976 729
976 1088
977 729
977 1088
978 729
978 1088
979 730
979 1088
980 730
980 1087
981 730
981 1087
982 730
982 1087
983 730
983 1087
984 730
984 1087
985 730
985 1087
986 730
986 1087
987 731
987 1086
988 731
988 1086
989 731
989 1086
990 731
990 1086
991 732
991 1086
992 732
992 1086
993 732
993 1085
994 733
994 1084
995 733
995 1084
996 734
996 1084
997 734
997 1084
998 734
998 1084
999 735
999 1084
1000 735
1000 1084
1001 736
1001 1084
1002 736
1002 1083
1003 736
1003 1083
1004 737
1004 1083
1005 737
1005 1083
1006 738
1006 1083
1007 738
1007 1082
1008 739
1008 1081
1009 739
1009 1081
1010 740
1010 1081
1011 740
1011 1081
1012 741
1012 1081
1013 741
1013 1081
1014 742
1014 1081
1015 742
1015 1081
1016 742
1016 1080
1017 743
1017 1080
1018 743
1018 1080
1019 744
1019 1080
1020 744
1020 1080
1021 744
1021 1080
1022 744
1022 1079
1023 745
1023 1079
1024 745
1024 1079
1025 746
1025 1079
1026 746
1026 1079
1027 746
1027 1079
1028 747
1028 1078
1029 747
1029 1078
1030 748
1030 1078
1031 748
1031 1078
1032 748
1032 1077
1033 749
1033 1077
1034 750
1034 1077
1035 750
1035 1077
1036 750
1036 1076
1037 751
1037 1076
1038 751
1038 1076
1039 752
1039 1075
1040 752
1040 1075
1041 753
1041 1075
1042 753
1042 1074
1043 754
1043 1074
1044 754
1044 1074
1045 755
1045 1073
1046 755
1046 1073
1047 756
1047 1073
1048 756
1048 1072
1049 756
1049 1072
1050 757
1050 1072
1051 757
1051 1071
1052 758
1052 1071
1053 758
1053 1071
1054 759
1054 1070
1055 759
1055 1070
1056 760
1056 1069
1057 760
1057 1069
1058 761
1058 1069
1059 761
1059 1068
1060 762
1060 1068
1061 762
1061 1067
1062 763
1062 1067
1063 763
1063 1066
1064 764
1064 1065
1065 764
1065 1065
1066 765
1066 1065
1067 766
1067 1064
1068 766
1068 1064
1069 767
1069 1063
1070 767
1070 1063
1071 768
1071 1062
1072 768
1072 1062
1073 769
1073 1061
1074 770
1074 1061
1075 771
1075 1061
1076 772
1076 1060
1077 772
1077 1060
1078 773
1078 1059
1079 774
1079 1058
1080 775
1080 1058
1081 775
1081 1057
1082 776
1082 1057
1083 777
1083 1056
1084 778
1084 1055
1085 778
1085 1055
1086 779
1086 1054
1087 780
1087 1054
1088 781
1088 1053
1089 782
1089 1053
1090 783
1090 1052
1091 783
1091 1052
1092 784
1092 1051
1093 785
1093 1051
1094 786
1094 1050
1095 787
1095 1049
1096 788
1096 1048
1097 788
1097 1048
1098 788
1098 1047
1099 789
1099 1046
1100 790
1100 1045
1101 791
1101 1045
1102 792
1102 1044
1103 793
1103 1043
1104 794
1104 1042
1105 795
1105 1041
1106 796
1106 1040
1107 797
1107 1040
1108 798
1108 1039
1109 799
1109 1038
1110 800
1110 1037
1111 801
1111 1036
1112 802
1112 1035
1113 803
1113 1035
1114 804
1114 1034
1115 805
1115 1033
1116 806
1116 1032
1117 807
1117 1032
1118 808
1118 1031
1119 809
1119 1030
1120 810
1120 811
1120 1028
1120 1029
1121 812
1121 1027
1122 813
1122 1026
1123 814
1123 1025
1124 815
1124 1024
1125 816
1125 1023
1126 817
1126 818
1126 1022
1127 819
1127 1021
1128 820
1128 1019
1128 1020
1129 821
1129 1018
1130 821
1130 1016
1130 1017
1131 822
1131 1015
1132 823
1132 1014
1133 824
1133 825
1133 1013
1134 826
1134 1012
1135 827
1135 828
1135 1010
1135 1011
1136 829
1136 1009
1137 830
1137 1008
1138 831
1138 832
1138 1007
1139 833
1139 1007
1140 834
1140 835
1140 836
1140 1005
1140 1006
1141 837
1141 838
1141 1004
1142 839
1142 1002
1142 1003
1143 840
1143 841
1143 1001
1144 842
1144 843
1144 999
1144 1000
1145 844
1145 998
1146 845
1146 846
1146 997
1147 847
1147 848
1147 995
1147 996
1148 849
1148 850
1148 992
1148 993
1148 994
1149 851
1149 852
1149 990
1149 991
1150 853
1150 854
1150 988
1150 989
1151 855
1151 856
1151 986
1151 987
1152 857
1152 858
1152 983
1152 984
1152 985
1153 859
1153 860
1153 981
1153 982
1154 861
1154 862
1154 863
1154 978
1154 979
1154 980
1155 864
1155 865
1155 977
1156 866
1156 867
1156 974
1156 975
1156 976
1157 868
1157 869
1157 870
1157 971
1157 972
1157 973
1158 871
1158 872
1158 968
1158 969
1158 970
1159 873
1159 874
1159 875
1159 966
1159 967
1160 876
1160 877
1160 961
1160 963
1160 964
1160 965
1161 878
1161 879
1161 881
1161 957
1161 960
1161 962
1162 880
1162 882
1162 956
1162 958
1162 959
1163 883
1163 884
1163 885
1163 950
1163 953
1163 954
1163 955
1164 886
1164 887
1164 888
1164 937
1164 938
1164 939
1164 940
1164 941
1164 942
1164 943
1164 944
1164 945
1164 949
1164 951
1164 952
1165 889
1165 890
1165 891
1165 894
1165 930
1165 931
1165 932
1165 933
1165 936
1165 946
1165 947
1165 948
1166 892
1166 893
1166 895
1166 897
1166 898
1166 899
1166 900
1166 901
1166 902
1166 903
1166 904
1166 905
1166 906
1166 907
1166 908
1166 909
1166 910
1166 914
1166 915
1166 916
1166 917
1166 918
1166 919
1166 920
1166 921
1166 922
1166 923
1166 924
1166 925
1166 926
1166 927
1166 929
1166 934
1166 935
1167 896
1167 911
1167 913
1167 928
1168 912
