1028 1153
1028 1159
1028 1165
1029 1146
1029 1152
1029 1154
1029 1155
1029 1156
1029 1157
1029 1158
1029 1160
1029 1161
1029 1162
1029 1163
1029 1164
1029 1166
1029 1172
1030 1140
1030 1145
1030 1147
1030 1148
1030 1149
1030 1150
1030 1151
1030 1167
1030 1168
1030 1169
1030 1170
1030 1171
1030 1173
1030 1175
1030 1176
1030 1178
1031 1135
1031 1136
1031 1137
1031 1139
1031 1141
1031 1142
1031 1143
1031 1144
1031 1174
1031 1177
1031 1179
1031 1181
1031 1182
1032 1132
1032 1134
1032 1138
1032 1180
1032 1183
1032 1184
1033 1128
1033 1129
1033 1131
1033 1133
1033 1185
1033 1186
1033 1187
1034 1126
1034 1127
1034 1130
1034 1188
1034 1189
1035 1123
1035 1124
1035 1125
1035 1190
1036 1121
1036 1122
1036 1191
1036 1192
1037 1120
1037 1193
1037 1194
1038 1117
1038 1118
1038 1119
1038 1195
1039 1115
1039 1116
1039 1196
1039 1197
1040 1113
1040 1114
1040 1198
1041 1112
1041 1199
1041 1200
1042 1111
1042 1201
1042 1202
1043 1109
1043 1110
1043 1203
1044 1108
1044 1204
1045 1107
1045 1205
1046 1106
1046 1206
1047 1105
1047 1207
1047 1208
1048 1104
1048 1209
1049 1103
1049 1210
1050 1101
1050 1102
1050 1211
1051 1100
1051 1212
1052 1099
1052 1213
1053 1097
1053 1098
1053 1214
1054 1096
1054 1215
1055 1095
1055 1215
1056 1094
1056 1216
1057 1094
1057 1217
1058 1093
1058 1218
1059 1092
1059 1219
1060 1091
1060 1219
1061 1090
1061 1220
1062 1089
1062 1221
1063 1088
1063 1222
1064 1087
1064 1223
1065 1087
1065 1223
1066 1086
1066 1224
1067 1085
1067 1225
1068 1085
1068 1226
1069 1084
1069 1227
1070 1083
1070 1227
1071 1082
1071 1228
1072 1081
1072 1228
1073 1081
1073 1229
1074 1080
1074 1229
1075 1080
1075 1229
1076 1079
1076 1230
1077 1079
1077 1231
1078 1079
1078 1231
1079 1079
1079 1232
1080 1079
1080 1232
1081 1078
1081 1232
1082 1078
1082 1233
1083 1078
1083 1234
1084 1078
1084 1234
1085 1077
1085 1234
1086 1077
1086 1235
1087 1076
1087 1235
1088 1076
1088 1235
1089 1075
1089 1236
1090 1075
1090 1236
1091 1075
1091 1236
1092 1074
1092 1237
1093 1074
1093 1237
1094 1074
1094 1237
1095 1074
1095 1238
1096 1073
1096 1238
1097 1073
1097 1238
1098 1073
1098 1238
1099 1072
1099 1238
1100 1072
1100 1238
1101 1072
1101 1238
1102 1072
1102 1239
1103 1072
1103 1239
1104 1072
1104 1239
1105 1072
1105 1239
1106 1072
1106 1239
1107 1072
1107 1239
1108 1071
1108 1239
1109 1071
1109 1239
1110 1071
1110 1239
1111 1071
1111 1239
1112 1071
1112 1239
1113 1071
1113 1239
1114 1071
1114 1239
1115 1071
1115 1239
1116 1071
1116 1239
1117 1071
1117 1239
1118 1071
1118 1239
1119 1071
1119 1239
1120 1072
1120 1239
1121 1072
1121 1239
1122 1072
1122 1239
1123 1072
1123 1239
1124 1073
1124 1239
1125 1073
1125 1239
1126 1073
1126 1239
1127 1073
1127 1239
1128 1073
1128 1239
1129 1073
1129 1239
1130 1074
1130 1238
1131 1074
1131 1238
1132 1074
1132 1238
1133 1075
1133 1238
1134 1075
1134 1238
1135 1076
1135 1237
1136 1076
1136 1237
1137 1076
1137 1237
1138 1077
1138 1237
1139 1077
1139 1236
1140 1077
1140 1236
1141 1078
1141 1236
1142 1078
1142 1235
1143 1078
1143 1235
1144 1079
1144 1235
1145 1079
1145 1234
1146 1079
1146 1234
1147 1080
1147 1234
1148 1080
1148 1233
1149 1081
1149 1233
1150 1081
1150 1233
1151 1082
1151 1232
1152 1082
1152 1232
1153 1083
1153 1232
1154 1084
1154 1231
1155 1085
1155 1231
1156 1086
1156 1230
1157 1087
1157 1229
1158 1088
1158 1229
1159 1088
1159 1228
1160 1089
1160 1228
1161 1090
1161 1227
1162 1090
1162 1227
1163 1091
1163 1226
1164 1092
1164 1225
1165 1093
1165 1224
1166 1094
1166 1223
1167 1095
1167 1223
1168 1096
1168 1221
1168 1222
1169 1097
1169 1220
1170 1098
1170 1219
1171 1099
1171 1218
1172 1100
1172 1216
1172 1217
1173 1101
1173 1215
1174 1102
1174 1214
1175 1103
1175 1213
1176 1104
1176 1210
1176 1211
1176 1212
1177 1105
1177 1209
1178 1106
1178 1207
1178 1208
1179 1107
1179 1206
1180 1108
1180 1109
1180 1205
1181 1110
1181 1205
1182 1111
1182 1112
1182 1203
1182 1204
1183 1113
1183 1202
1184 1114
1184 1200
1184 1201
1185 1115
1185 1116
1185 1198
1185 1199
1186 1117
1186 1118
1186 1196
1186 1197
1187 1119
1187 1120
1187 1121
1187 1193
1187 1194
1187 1195
1188 1122
1188 1123
1188 1124
1188 1192
1189 1125
1189 1126
1189 1190
1189 1191
1190 1127
1190 1128
1190 1188
1190 1189
1191 1129
1191 1130
1191 1185
1191 1186
1191 1187
1192 1131
1192 1132
1192 1134
1192 1178
1192 1182
1192 1183
1192 1184
1193 1133
1193 1135
1193 1138
1193 1140
1193 1141
1193 1142
1193 1177
1193 1179
1193 1180
1193 1181
1194 1136
1194 1137
1194 1139
1194 1143
1194 1168
1194 1169
1194 1170
1194 1171
1194 1172
1194 1174
1194 1175
1194 1176
1195 1144
1195 1145
1195 1147
1195 1148
1195 1149
1195 1150
1195 1151
1195 1152
1195 1154
1195 1155
1195 1156
1195 1157
1195 1161
1195 1162
1195 1163
1195 1164
1195 1165
1195 1167
1195 1173
1196 1146
1196 1153
1196 1158
1196 1160
1196 1166
1197 1159
