937 1151
938 1138
938 1140
938 1141
938 1150
938 1152
938 1164
939 1129
939 1130
939 1137
939 1139
939 1142
939 1143
939 1144
939 1145
939 1146
939 1147
939 1148
939 1149
939 1153
939 1154
939 1155
939 1156
939 1157
939 1158
939 1159
939 1160
939 1161
939 1162
939 1163
939 1165
939 1172
939 1173
939 1178
940 1124
940 1128
940 1131
940 1132
940 1133
940 1134
940 1135
940 1136
940 1166
940 1167
940 1168
940 1169
940 1170
940 1171
940 1174
940 1175
940 1176
940 1177
940 1179
940 1186
940 1187
941 1119
941 1120
941 1123
941 1125
941 1126
941 1127
941 1180
941 1181
941 1182
941 1183
941 1184
941 1185
941 1188
941 1191
942 1111
942 1114
942 1115
942 1118
942 1121
942 1122
942 1189
942 1190
942 1192
942 1193
942 1194
943 1108
943 1109
943 1110
943 1112
943 1113
943 1116
943 1117
943 1195
943 1196
943 1197
944 1105
944 1106
944 1107
944 1198
944 1199
945 1102
945 1103
945 1104
945 1200
945 1201
945 1202
946 1099
946 1100
946 1101
946 1203
946 1204
947 1098
947 1205
947 1206
947 1207
948 1095
948 1096
948 1097
948 1208
948 1209
949 1092
949 1093
949 1094
949 1210
949 1211
950 1089
950 1090
950 1091
950 1212
950 1213
950 1214
951 1086
951 1087
951 1088
951 1215
951 1216
952 1084
952 1085
952 1217
952 1218
952 1219
953 1082
953 1083
953 1220
953 1221
954 1080
954 1081
954 1222
954 1223
955 1078
955 1079
955 1224
955 1225
955 1226
956 1076
956 1077
956 1227
956 1228
957 1074
957 1075
957 1229
957 1230
958 1072
958 1073
958 1231
959 1071
959 1232
959 1233
960 1069
960 1070
960 1234
961 1067
961 1068
961 1235
961 1236
962 1066
962 1237
963 1064
963 1065
963 1238
963 1239
964 1063
964 1240
965 1061
965 1062
965 1241
966 1060
966 1242
966 1243
967 1058
967 1059
967 1244
968 1057
968 1245
968 1246
969 1055
969 1056
969 1247
970 1053
970 1054
970 1248
970 1249
971 1051
971 1052
971 1250
972 1050
972 1251
972 1252
973 1048
973 1049
973 1253
974 1047
974 1254
974 1255
975 1046
975 1256
976 1045
976 1257
977 1043
977 1044
977 1258
977 1259
978 1042
978 1260
978 1261
979 1041
979 1262
980 1040
980 1263
981 1039
981 1264
982 1038
982 1265
983 1037
983 1266
984 1036
984 1267
985 1035
985 1268
986 1034
986 1269
987 1033
987 1270
988 1032
988 1271
989 1031
989 1271
990 1031
990 1272
991 1030
991 1273
992 1029
992 1274
993 1028
993 1275
994 1027
994 1276
995 1026
995 1277
996 1025
996 1278
997 1024
997 1279
998 1022
998 1023
998 1280
999 1021
999 1281
1000 1020
1000 1282
1001 1020
1001 1283
1002 1019
1002 1283
1003 1018
1003 1284
1004 1018
1004 1285
1005 1017
1005 1285
1006 1016
1006 1286
1007 1015
1007 1287
1008 1015
1008 1287
1009 1014
1009 1288
1010 1013
1010 1289
1011 1013
1011 1289
1012 1012
1012 1290
1013 1011
1013 1290
1014 1011
1014 1291
1015 1010
1015 1292
1016 1010
1016 1292
1017 1009
1017 1293
1018 1008
1018 1293
1019 1008
1019 1293
1020 1007
1020 1294
1021 1007
1021 1295
1022 1007
1022 1296
1023 1006
1023 1296
1024 1006
1024 1297
1025 1005
1025 1297
1026 1004
1026 1298
1027 1004
1027 1298
1028 1003
1028 1299
1029 1003
1029 1299
1030 1002
1030 1300
1031 1002
1031 1300
1032 1001
1032 1301
1033 1001
1033 1301
1034 1000
1034 1302
1035 1000
1035 1302
1036 999
1036 1303
1037 999
1037 1303
1038 999
1038 1304
1039 998
1039 1304
1040 998
1040 1304
1041 997
1041 1305
1042 997
1042 1305
1043 997
1043 1306
1044 996
1044 1307
1045 995
1045 1307
1046 994
1046 1307
1047 994
1047 1308
1048 994
1048 1308
1049 993
1049 1308
1050 993
1050 1309
1051 993
1051 1309
1052 992
1052 1309
1053 992
1053 1310
1054 992
1054 1310
1055 991
1055 1310
1056 991
1056 1311
1057 991
1057 1311
1058 991
1058 1311
1059 991
1059 1312
1060 990
1060 1312
1061 990
1061 1312
1062 990
1062 1312
1063 989
1063 1313
1064 989
1064 1313
1065 988
1065 1313
1066 988
1066 1313
1067 988
1067 1313
1068 987
1068 1314
1069 987
1069 1314
1070 987
1070 1314
1071 987
1071 1314
1072 987
1072 1314
1073 987
1073 1315
1074 987
1074 1315
1075 986
1075 1315
1076 986
1076 1315
1077 986
1077 1315
1078 986
1078 1315
1079 986
1079 1315
1080 986
1080 1316
1081 986
1081 1317
1082 986
1082 1317
1083 985
1083 1317
1084 985
1084 1317
1085 985
1085 1317
1086 985
1086 1317
1087 984
1087 1318
1088 984
1088 1318
1089 984
1089 1318
1090 984
1090 1318
1091 984
1091 1318
1092 984
1092 1318
1093 984
1093 1318
1094 984
1094 1319
1095 984
1095 1319
1096 984
1096 1319
1097 984
1097 1319
1098 984
1098 1319
1099 984
1099 1319
1100 984
1100 1319
1101 984
1101 1319
1102 984
1102 1319
1103 984
1103 1319
1104 984
1104 1319
1105 984
1105 1319
1106 984
1106 1318
1107 984
1107 1318
1108 984
1108 1318
1109 984
1109 1318
1110 984
1110 1318
1111 984
1111 1318
1112 984
1112 1318
1113 984
1113 1318
1114 984
1114 1318
1115 984
1115 1318
1116 984
1116 1318
1117 984
1117 1318
1118 984
1118 1318
1119 984
1119 1318
1120 984
1120 1317
1121 984
1121 1317
1122 984
1122 1317
1123 984
1123 1317
1124 984
1124 1317
1125 984
1125 1317
1126 984
1126 1317
1127 984
1127 1317
1128 984
1128 1317
1129 984
1129 1317
1130 985
1130 1317
1131 985
1131 1317
1132 985
1132 1317
1133 986
1133 1316
1134 986
1134 1316
1135 986
1135 1316
1136 986
1136 1316
1137 986
1137 1316
1138 986
1138 1316
1139 986
1139 1316
1140 986
1140 1316
1141 986
1141 1316
1142 986
1142 1316
1143 986
1143 1316
1144 986
1144 1315
1145 986
1145 1314
1146 986
1146 1314
1147 986
1147 1314
1148 986
1148 1314
1149 986
1149 1314
1150 986
1150 1314
1151 987
1151 1313
1152 987
1152 1313
1153 987
1153 1313
1154 988
1154 1313
1155 988
1155 1313
1156 988
1156 1312
1157 989
1157 1312
1158 989
1158 1312
1159 990
1159 1312
1160 990
1160 1311
1161 990
1161 1311
1162 991
1162 1311
1163 991
1163 1311
1164 991
1164 1310
1165 992
1165 1310
1166 992
1166 1310
1167 992
1167 1309
1168 993
1168 1309
1169 993
1169 1309
1170 993
1170 1308
1171 994
1171 1308
1172 994
1172 1308
1173 994
1173 1307
1174 995
1174 1307
1175 995
1175 1307
1176 995
1176 1307
1177 996
1177 1307
1178 996
1178 1306
1179 996
1179 1306
1180 997
1180 1305
1181 997
1181 1305
1182 997
1182 1305
1183 998
1183 1304
1184 998
1184 1304
1185 998
1185 1304
1186 999
1186 1303
1187 999
1187 1302
1188 1000
1188 1302
1189 1001
1189 1301
1190 1001
1190 1301
1191 1002
1191 1300
1192 1002
1192 1300
1193 1003
1193 1299
1194 1004
1194 1299
1195 1004
1195 1298
1196 1005
1196 1298
1197 1006
1197 1297
1198 1006
1198 1296
1199 1007
1199 1296
1200 1008
1200 1296
1201 1008
1201 1296
1202 1009
1202 1295
1203 1010
1203 1294
1204 1010
1204 1294
1205 1011
1205 1293
1206 1012
1206 1293
1207 1013
1207 1292
1208 1013
1208 1292
1209 1014
1209 1291
1210 1015
1210 1290
1211 1016
1211 1289
1212 1016
1212 1288
1213 1017
1213 1287
1214 1018
1214 1287
1215 1019
1215 1286
1216 1020
1216 1285
1217 1020
1217 1284
1218 1021
1218 1022
1218 1284
1219 1023
1219 1283
1220 1024
1220 1282
1221 1025
1221 1282
1222 1026
1222 1281
1223 1027
1223 1280
1224 1028
1224 1279
1225 1029
1225 1278
1226 1030
1226 1277
1227 1031
1227 1276
1228 1032
1228 1275
1229 1033
1229 1274
1230 1034
1230 1272
1230 1273
1231 1035
1231 1271
1232 1036
1232 1270
1233 1037
1233 1269
1234 1038
1234 1268
1235 1039
1235 1267
1236 1040
1236 1266
1237 1041
1237 1265
1238 1042
1238 1264
1239 1043
1239 1263
1240 1044
1240 1262
1241 1045
1241 1260
1241 1261
1242 1046
1242 1259
1243 1047
1243 1258
1244 1048
1244 1049
1244 1256
1244 1257
1245 1050
1245 1255
1246 1051
1246 1254
1247 1052
1247 1053
1247 1252
1247 1253
1248 1054
1248 1251
1249 1055
1249 1056
1249 1250
1250 1057
1250 1058
1250 1248
1250 1249
1251 1059
1251 1246
1251 1247
1252 1060
1252 1061
1252 1245
1253 1062
1253 1243
1253 1244
1254 1063
1254 1064
1254 1241
1254 1242
1255 1065
1255 1240
1256 1066
1256 1067
1256 1239
1257 1068
1257 1237
1257 1238
1258 1069
1258 1070
1258 1236
1259 1071
1259 1234
1259 1235
1260 1072
1260 1073
1260 1232
1260 1233
1261 1074
1261 1231
1262 1075
1262 1076
1262 1227
1262 1228
1262 1229
1262 1230
1263 1077
1263 1078
1263 1225
1263 1226
1264 1079
1264 1080
1264 1222
1264 1223
1264 1224
1265 1081
1265 1082
1265 1219
1265 1220
1265 1221
1266 1083
1266 1084
1266 1086
1266 1217
1266 1218
1267 1085
1267 1087
1267 1090
1267 1215
1267 1216
1268 1088
1268 1089
1268 1091
1268 1094
1268 1212
1268 1213
1268 1214
1269 1092
1269 1093
1269 1095
1269 1098
1269 1100
1269 1209
1269 1210
1269 1211
1270 1096
1270 1097
1270 1099
1270 1101
1270 1103
1270 1206
1270 1207
1270 1208
1271 1102
1271 1104
1271 1106
1271 1203
1271 1204
1271 1205
1272 1105
1272 1107
1272 1109
1272 1200
1272 1201
1272 1202
1273 1108
1273 1110
1273 1112
1273 1113
1273 1114
1273 1115
1273 1197
1273 1198
1273 1199
1274 1111
1274 1116
1274 1119
1274 1120
1274 1121
1274 1122
1274 1194
1274 1195
1274 1196
1275 1117
1275 1118
1275 1123
1275 1126
1275 1127
1275 1128
1275 1129
1275 1130
1275 1185
1275 1186
1275 1187
1275 1188
1275 1189
1275 1190
1275 1192
1275 1193
1276 1124
1276 1125
1276 1131
1276 1134
1276 1135
1276 1172
1276 1173
1276 1174
1276 1175
1276 1176
1276 1178
1276 1179
1276 1180
1276 1181
1276 1184
1276 1191
1277 1132
1277 1133
1277 1136
1277 1138
1277 1139
1277 1140
1277 1141
1277 1142
1277 1143
1277 1144
1277 1145
1277 1146
1277 1147
1277 1148
1277 1166
1277 1167
1277 1168
1277 1171
1277 1177
1277 1182
1277 1183
1278 1137
1278 1149
1278 1151
1278 1152
1278 1153
1278 1154
1278 1155
1278 1156
1278 1157
1278 1158
1278 1159
1278 1160
1278 1161
1278 1162
1278 1163
1278 1165
1278 1169
1278 1170
1279 1150
1279 1164
