865 935
865 943
866 927
866 934
866 936
866 937
866 938
866 939
866 940
866 941
866 942
866 944
866 949
866 950
866 951
867 919
867 921
867 922
867 926
867 928
867 929
867 930
867 931
867 932
867 933
867 945
867 946
867 947
867 948
867 952
867 956
867 957
868 911
868 912
868 913
868 918
868 920
868 923
868 924
868 925
868 953
868 954
868 955
868 958
868 959
869 907
869 910
869 914
869 915
869 916
869 917
869 960
869 962
869 963
870 902
870 903
870 906
870 908
870 909
870 961
870 964
870 966
870 967
871 900
871 901
871 904
871 905
871 965
871 968
871 971
871 972
872 897
872 898
872 899
872 969
872 970
872 973
872 975
873 894
873 895
873 896
873 974
873 976
873 977
873 978
874 893
874 979
874 980
875 891
875 892
875 981
875 982
875 983
876 889
876 890
876 984
876 985
877 888
877 986
877 987
878 887
878 988
878 989
879 886
879 990
880 884
880 885
880 991
880 992
881 883
881 993
881 994
882 881
882 882
882 995
882 996
883 880
883 997
884 878
884 879
884 998
884 999
885 877
885 1000
885 1001
886 876
886 1002
887 875
887 1003
887 1004
888 873
888 874
888 1005
888 1006
889 872
889 1007
890 871
890 1008
890 1009
891 868
891 869
891 870
891 1010
892 867
892 1011
893 866
893 1012
893 1013
894 865
894 1014
895 864
895 1015
896 863
896 1016
897 862
897 1017
897 1018
898 862
898 1019
899 861
899 1020
900 860
900 1021
901 859
901 1022
902 858
902 1023
903 857
903 1024
904 857
904 1025
905 856
905 1025
906 855
906 1026
907 854
907 1027
908 853
908 1028
909 852
909 1029
910 851
910 1030
911 850
911 1031
912 850
912 1032
913 849
913 1033
914 848
914 1033
915 848
915 1034
916 847
916 1035
917 847
917 1035
918 846
918 1035
919 846
919 1036
920 845
920 1037
921 845
921 1037
922 844
922 1038
923 843
923 1038
924 842
924 1039
925 842
925 1039
926 841
926 1040
927 841
927 1041
928 841
928 1041
929 840
929 1042
930 840
930 1042
931 840
931 1043
932 839
932 1043
933 839
933 1044
934 838
934 1044
935 838
935 1045
936 838
936 1045
937 837
937 1046
938 837
938 1046
939 837
939 1046
940 837
940 1047
941 837
941 1047
942 836
942 1047
943 836
943 1048
944 836
944 1048
945 835
945 1048
946 835
946 1048
947 835
947 1049
948 835
948 1049
949 834
949 1049
950 834
950 1049
951 834
951 1049
952 834
952 1050
953 834
953 1050
954 834
954 1050
955 833
955 1050
956 833
956 1051
957 833
957 1051
958 833
958 1051
959 833
959 1051
960 833
960 1052
961 833
961 1052
962 833
962 1052
963 833
963 1052
964 833
964 1052
965 833
965 1052
966 833
966 1052
967 833
967 1052
968 833
968 1052
969 833
969 1052
970 833
970 1052
971 832
971 1052
972 832
972 1052
973 832
973 1052
974 832
974 1052
975 832
975 1052
976 832
976 1052
977 832
977 1052
978 832
978 1052
979 832
979 1052
980 832
980 1052
981 832
981 1052
982 832
982 1052
983 832
983 1052
984 832
984 1052
985 833
985 1052
986 833
986 1052
987 833
987 1052
988 833
988 1051
989 833
989 1051
990 833
990 1051
991 833
991 1051
992 834
992 1051
993 834
993 1050
994 835
994 1050
995 835
995 1050
996 835
996 1050
997 835
997 1050
998 835
998 1049
999 836
999 1049
1000 836
1000 1049
1001 836
1001 1049
1002 836
1002 1049
1003 836
1003 1049
1004 836
1004 1049
1005 837
1005 1049
1006 837
1006 1048
1007 837
1007 1048
1008 838
1008 1048
1009 838
1009 1047
1010 838
1010 1047
1011 838
1011 1047
1012 839
1012 1046
1013 839
1013 1046
1014 839
1014 1046
1015 840
1015 1045
1016 840
1016 1045
1017 841
1017 1044
1018 841
1018 1044
1019 842
1019 1043
1020 842
1020 1043
1021 843
1021 1042
1022 843
1022 1041
1023 844
1023 1041
1024 844
1024 1040
1025 844
1025 1039
1026 844
1026 1039
1027 845
1027 1038
1028 845
1028 1038
1029 846
1029 1037
1030 846
1030 1037
1031 847
1031 1036
1032 848
1032 1035
1033 849
1033 1034
1034 849
1034 1034
1035 850
1035 1033
1036 850
1036 1033
1037 851
1037 1032
1038 851
1038 1031
1039 852
1039 1030
1040 852
1040 1030
1041 853
1041 1030
1042 854
1042 1029
1043 855
1043 1028
1044 856
1044 1028
1045 857
1045 1027
1046 857
1046 1026
1047 858
1047 1025
1048 859
1048 1024
1049 860
1049 1023
1050 861
1050 1022
1051 862
1051 1021
1052 863
1052 1020
1053 863
1053 1019
1054 864
1054 1018
1055 865
1055 1018
1056 866
1056 1017
1057 867
1057 1016
1058 868
1058 1015
1059 869
1059 870
1059 871
1059 1014
1060 872
1060 1012
1060 1013
1061 873
1061 1011
1062 874
1062 1010
1063 875
1063 1009
1064 876
1064 1008
1065 877
1065 1006
1065 1007
1066 878
1066 1004
1066 1005
1067 879
1067 880
1067 1002
1067 1003
1068 881
1068 1001
1069 882
1069 999
1069 1000
1070 883
1070 884
1070 998
1071 885
1071 886
1071 997
1072 887
1072 888
1072 996
1073 889
1073 994
1073 995
1074 890
1074 891
1074 892
1074 992
1074 993
1075 893
1075 894
1075 990
1075 991
1076 895
1076 896
1076 987
1076 988
1076 989
1077 897
1077 898
1077 985
1077 986
1078 899
1078 983
1078 984
1079 900
1079 901
1079 980
1079 981
1079 982
1080 902
1080 903
1080 904
1080 979
1081 905
1081 906
1081 907
1081 909
1081 977
1081 978
1082 908
1082 910
1082 975
1082 976
1083 911
1083 912
1083 913
1083 916
1083 918
1083 970
1083 972
1083 973
1083 974
1084 914
1084 915
1084 917
1084 919
1084 922
1084 969
1084 971
1085 920
1085 921
1085 923
1085 959
1085 960
1085 961
1085 963
1085 966
1085 967
1085 968
1086 924
1086 926
1086 927
1086 928
1086 929
1086 930
1086 955
1086 958
1086 962
1086 964
1086 965
1087 925
1087 931
1087 934
1087 936
1087 937
1087 938
1087 939
1087 940
1087 941
1087 942
1087 946
1087 947
1087 948
1087 949
1087 950
1087 951
1087 952
1087 954
1087 956
1087 957
1088 932
1088 933
1088 935
1088 943
1088 945
1088 953
1089 944
