808 933
808 934
808 946
809 921
809 923
809 924
809 932
809 935
809 936
809 937
809 938
809 939
809 940
809 941
809 942
809 943
809 944
809 945
809 947
809 956
810 908
810 913
810 914
810 920
810 922
810 925
810 926
810 927
810 928
810 929
810 930
810 931
810 948
810 949
810 950
810 951
810 952
810 953
810 954
810 955
810 957
810 959
811 902
811 903
811 907
811 909
811 910
811 911
811 912
811 915
811 916
811 917
811 918
811 919
811 958
811 960
811 965
811 966
812 897
812 898
812 901
812 904
812 905
812 906
812 961
812 962
812 963
812 964
812 967
812 971
813 896
813 899
813 900
813 968
813 969
813 970
813 972
813 974
813 975
814 892
814 893
814 895
814 973
814 976
814 977
814 978
815 889
815 890
815 891
815 894
815 979
815 981
815 984
816 884
816 886
816 887
816 888
816 980
816 982
816 983
816 985
816 986
816 987
817 881
817 882
817 883
817 885
817 988
817 989
817 990
818 878
818 879
818 880
818 991
818 992
818 993
819 875
819 876
819 877
819 994
819 995
819 996
820 872
820 874
820 997
821 870
821 871
821 873
821 998
821 999
822 867
822 868
822 869
822 1000
822 1001
823 865
823 866
823 1002
823 1003
823 1004
824 863
824 864
824 1005
824 1006
824 1007
825 861
825 862
825 1008
825 1009
826 860
826 1010
826 1011
827 858
827 859
827 1012
828 857
828 1013
828 1014
829 855
829 856
829 1015
829 1016
830 854
830 1017
831 852
831 853
831 1018
832 850
832 851
832 1019
832 1020
833 849
833 1021
833 1022
834 847
834 848
834 1023
835 846
835 1024
835 1025
836 844
836 845
836 1026
837 843
837 1027
837 1028
838 841
838 842
838 1029
839 840
839 1030
839 1031
840 839
840 1032
841 838
841 1033
841 1034
842 837
842 1035
843 836
843 1036
843 1037
844 835
844 1038
845 834
845 1039
846 833
846 1040
847 832
847 1041
848 831
848 1042
849 830
849 1043
850 829
850 1044
851 828
851 1045
852 827
852 1046
853 826
853 1047
854 825
854 1048
855 824
855 1049
856 823
856 1050
857 823
857 1051
858 822
858 1052
859 821
859 1053
860 820
860 1054
861 819
861 1055
862 818
862 1056
863 817
863 1057
864 816
864 1057
865 816
865 1058
866 815
866 1059
867 814
867 1060
868 813
868 1061
869 812
869 1061
870 811
870 1062
871 811
871 1063
872 810
872 1064
873 809
873 1064
874 808
874 1065
875 807
875 1066
876 807
876 1067
877 806
877 1067
878 805
878 1068
879 804
879 1069
880 803
880 1069
881 803
881 1070
882 802
882 1071
883 801
883 1071
884 801
884 1072
885 800
885 1073
886 799
886 1074
887 799
887 1074
888 798
888 1075
889 798
889 1076
890 797
890 1076
891 797
891 1077
892 796
892 1078
893 795
893 1078
894 795
894 1078
895 794
895 1079
896 793
896 1080
897 793
897 1080
898 792
898 1081
899 792
899 1081
900 792
900 1082
901 791
901 1082
902 791
902 1083
903 790
903 1083
904 790
904 1084
905 790
905 1084
906 789
906 1084
907 789
907 1085
908 788
908 1085
909 788
909 1085
910 787
910 1086
911 787
911 1086
912 786
912 1086
913 786
913 1087
914 785
914 1087
915 785
915 1087
916 785
916 1087
917 784
917 1087
918 784
918 1087
919 783
919 1088
920 783
920 1089
921 783
921 1089
922 783
922 1090
923 783
923 1090
924 782
924 1090
925 782
925 1091
926 781
926 1091
927 781
927 1091
928 781
928 1092
929 780
929 1092
930 780
930 1092
931 779
931 1093
932 779
932 1093
933 778
933 1093
934 778
934 1093
935 778
935 1093
936 778
936 1093
937 778
937 1093
938 778
938 1093
939 778
939 1093
940 778
940 1093
941 778
941 1093
942 778
942 1093
943 777
943 1093
944 777
944 1093
945 777
945 1094
946 777
946 1094
947 777
947 1094
948 776
948 1094
949 776
949 1094
950 776
950 1094
951 776
951 1094
952 776
952 1094
953 776
953 1094
954 776
954 1094
955 776
955 1095
956 776
956 1096
957 776
957 1096
958 776
958 1096
959 776
959 1096
960 776
960 1096
961 776
961 1096
962 776
962 1097
963 776
963 1097
964 776
964 1097
965 776
965 1097
966 776
966 1097
967 776
967 1097
968 776
968 1097
969 776
969 1096
970 776
970 1096
971 776
971 1096
972 776
972 1096
973 776
973 1096
974 776
974 1096
975 776
975 1096
976 776
976 1096
977 776
977 1095
978 776
978 1095
979 777
979 1095
980 777
980 1095
981 777
981 1095
982 777
982 1095
983 777
983 1094
984 777
984 1094
985 777
985 1094
986 777
986 1094
987 777
987 1094
988 777
988 1094
989 777
989 1094
990 777
990 1094
991 777
991 1094
992 777
992 1094
993 777
993 1093
994 777
994 1093
995 778
995 1093
996 778
996 1093
997 778
997 1093
998 778
998 1093
999 778
999 1093
1000 778
1000 1092
1001 779
1001 1092
1002 779
1002 1092
1003 779
1003 1092
1004 779
1004 1092
1005 780
1005 1092
1006 780
1006 1091
1007 780
1007 1090
1008 781
1008 1090
1009 781
1009 1090
1010 781
1010 1090
1011 782
1011 1090
1012 782
1012 1090
1013 783
1013 1090
1014 783
1014 1090
1015 783
1015 1089
1016 784
1016 1089
1017 784
1017 1089
1018 784
1018 1089
1019 785
1019 1089
1020 785
1020 1088
1021 786
1021 1087
1022 786
1022 1087
1023 786
1023 1087
1024 787
1024 1087
1025 787
1025 1087
1026 788
1026 1087
1027 788
1027 1086
1028 789
1028 1086
1029 789
1029 1086
1030 789
1030 1085
1031 790
1031 1085
1032 790
1032 1085
1033 790
1033 1085
1034 791
1034 1084
1035 791
1035 1083
1036 792
1036 1083
1037 792
1037 1083
1038 792
1038 1082
1039 793
1039 1082
1040 793
1040 1081
1041 794
1041 1081
1042 794
1042 1081
1043 795
1043 1080
1044 795
1044 1080
1045 796
1045 1079
1046 797
1046 1079
1047 797
1047 1079
1048 798
1048 1078
1049 798
1049 1078
1050 799
1050 1077
1051 799
1051 1076
1052 800
1052 1076
1053 800
1053 1075
1054 801
1054 1074
1055 801
1055 1074
1056 802
1056 1073
1057 803
1057 1072
1058 803
1058 1071
1059 804
1059 1071
1060 804
1060 1070
1061 805
1061 1069
1062 806
1062 1069
1063 807
1063 1068
1064 808
1064 1067
1065 808
1065 1067
1066 809
1066 1066
1067 810
1067 1065
1068 811
1068 1064
1069 811
1069 1064
1070 812
1070 1063
1071 813
1071 1062
1072 814
1072 1061
1073 815
1073 1060
1074 816
1074 1060
1075 817
1075 1059
1076 818
1076 1058
1077 819
1077 1057
1078 820
1078 1056
1079 821
1079 1055
1080 822
1080 1054
1081 823
1081 1053
1082 824
1082 1052
1083 825
1083 1051
1084 826
1084 1050
1085 827
1085 1049
1086 828
1086 1048
1087 829
1087 1047
1088 830
1088 1046
1089 831
1089 832
1089 1045
1090 833
1090 1044
1091 834
1091 1043
1092 835
1092 1042
1093 836
1093 1041
1094 837
1094 1040
1095 838
1095 1039
1096 839
1096 1038
1097 840
1097 1036
1097 1037
1098 841
1098 1035
1099 842
1099 1034
1100 843
1100 844
1100 1032
1100 1033
1101 845
1101 1031
1102 846
1102 1028
1102 1029
1102 1030
1103 847
1103 848
1103 1027
1104 849
1104 1025
1104 1026
1105 850
1105 851
1105 1024
1106 852
1106 853
1106 1022
1106 1023
1107 854
1107 1021
1108 855
1108 856
1108 1019
1108 1020
1109 857
1109 1018
1110 858
1110 859
1110 1016
1110 1017
1111 860
1111 861
1111 1014
1111 1015
1112 862
1112 1013
1113 863
1113 864
1113 1011
1113 1012
1114 865
1114 866
1114 1009
1114 1010
1115 867
1115 868
1115 1008
1116 869
1116 870
1116 1007
1117 871
1117 872
1117 1005
1117 1006
1118 873
1118 874
1118 1002
1118 1003
1118 1004
1119 875
1119 876
1119 877
1119 1000
1119 1001
1120 878
1120 879
1120 998
1120 999
1121 880
1121 881
1121 882
1121 995
1121 996
1121 997
1122 883
1122 884
1122 885
1122 886
1122 992
1122 993
1122 994
1123 887
1123 888
1123 889
1123 989
1123 990
1123 991
1124 890
1124 891
1124 892
1124 982
1124 986
1124 987
1124 988
1125 893
1125 894
1125 981
1125 983
1125 984
1125 985
1126 895
1126 897
1126 898
1126 899
1126 975
1126 978
1126 979
1126 980
1127 896
1127 900
1127 902
1127 903
1127 904
1127 974
1127 976
1127 977
1128 901
1128 905
1128 907
1128 908
1128 910
1128 911
1128 912
1128 913
1128 914
1128 915
1128 966
1128 967
1128 968
1128 969
1128 970
1128 972
1128 973
1129 906
1129 909
1129 916
1129 919
1129 948
1129 949
1129 950
1129 951
1129 952
1129 953
1129 954
1129 955
1129 956
1129 957
1129 959
1129 960
1129 961
1129 962
1129 965
1129 971
1130 917
1130 918
1130 920
1130 922
1130 923
1130 924
1130 925
1130 926
1130 927
1130 928
1130 929
1130 930
1130 931
1130 935
1130 936
1130 937
1130 938
1130 939
1130 940
1130 941
1130 942
1130 943
1130 944
1130 945
1130 947
1130 958
1130 963
1130 964
1131 921
1131 932
1131 934
1131 946
1132 933
