959 1048
959 1056
959 1063
959 1069
960 1042
960 1047
960 1049
960 1050
960 1051
960 1052
960 1053
960 1054
960 1055
960 1057
960 1058
960 1059
960 1060
960 1061
960 1062
960 1064
960 1065
960 1066
960 1067
960 1068
960 1070
960 1075
960 1076
961 1034
961 1035
961 1041
961 1043
961 1044
961 1045
961 1046
961 1071
961 1072
961 1073
961 1074
961 1077
961 1079
961 1080
962 1027
962 1029
962 1030
962 1033
962 1036
962 1037
962 1038
962 1039
962 1040
962 1078
962 1081
962 1082
963 1025
963 1026
963 1028
963 1031
963 1032
963 1083
963 1084
963 1085
964 1022
964 1023
964 1024
964 1086
964 1087
964 1088
964 1089
965 1021
965 1090
965 1091
966 1019
966 1020
966 1092
966 1093
967 1017
967 1018
967 1094
967 1095
968 1014
968 1015
968 1016
968 1096
969 1012
969 1013
969 1097
970 1011
970 1098
971 1009
971 1010
971 1099
972 1008
972 1100
973 1006
973 1007
973 1101
973 1102
974 1004
974 1005
974 1103
975 1002
975 1003
975 1104
976 1000
976 1001
976 1105
977 999
977 1106
977 1107
978 997
978 998
978 1108
979 995
979 996
979 1109
980 994
980 1110
981 993
981 1111
981 1112
982 992
982 1113
983 990
983 991
983 1114
984 989
984 1115
985 988
985 1116
985 1117
986 987
986 1118
987 986
987 1119
988 985
988 1120
989 984
989 1121
989 1122
990 983
990 1123
991 983
991 1124
992 982
992 1125
993 981
993 1125
994 980
994 1126
995 979
995 1127
996 978
996 1128
997 977
997 1128
998 977
998 1129
999 976
999 1130
1000 975
1000 1131
1001 974
1001 1132
1002 973
1002 1132
1003 972
1003 1133
1004 972
1004 1134
1005 971
1005 1134
1006 970
1006 1135
1007 970
1007 1135
1008 969
1008 1136
1009 969
1009 1136
1010 968
1010 1137
1011 967
1011 1138
1012 967
1012 1138
1013 966
1013 1138
1014 965
1014 1138
1015 965
1015 1138
1016 964
1016 1139
1017 964
1017 1140
1018 963
1018 1140
1019 963
1019 1141
1020 963
1020 1142
1021 962
1021 1143
1022 962
1022 1143
1023 961
1023 1143
1024 961
1024 1144
1025 961
1025 1144
1026 961
1026 1144
1027 960
1027 1145
1028 960
1028 1145
1029 960
1029 1145
1030 960
1030 1146
1031 959
1031 1146
1032 959
1032 1146
1033 959
1033 1147
1034 959
1034 1147
1035 958
1035 1147
1036 958
1036 1147
1037 958
1037 1147
1038 958
1038 1147
1039 958
1039 1147
1040 957
1040 1148
1041 957
1041 1148
1042 957
1042 1148
1043 957
1043 1148
1044 957
1044 1148
1045 957
1045 1148
1046 957
1046 1148
1047 957
1047 1149
1048 956
1048 1149
1049 956
1049 1149
1050 956
1050 1149
1051 956
1051 1149
1052 956
1052 1149
1053 956
1053 1149
1054 956
1054 1149
1055 956
1055 1149
1056 956
1056 1149
1057 956
1057 1149
1058 956
1058 1149
1059 956
1059 1150
1060 956
1060 1150
1061 956
1061 1150
1062 956
1062 1150
1063 956
1063 1150
1064 956
1064 1150
1065 956
1065 1150
1066 956
1066 1150
1067 956
1067 1150
1068 956
1068 1150
1069 956
1069 1150
1070 956
1070 1150
1071 956
1071 1150
1072 956
1072 1150
1073 956
1073 1150
1074 956
1074 1150
1075 956
1075 1150
1076 956
1076 1150
1077 956
1077 1150
1078 956
1078 1150
1079 956
1079 1150
1080 956
1080 1150
1081 956
1081 1149
1082 956
1082 1149
1083 956
1083 1149
1084 956
1084 1149
1085 956
1085 1149
1086 956
1086 1149
1087 957
1087 1149
1088 957
1088 1149
1089 958
1089 1149
1090 958
1090 1148
1091 958
1091 1148
1092 959
1092 1148
1093 959
1093 1148
1094 959
1094 1148
1095 959
1095 1148
1096 960
1096 1148
1097 960
1097 1147
1098 960
1098 1146
1099 960
1099 1146
1100 960
1100 1146
1101 961
1101 1146
1102 961
1102 1145
1103 961
1103 1145
1104 962
1104 1145
1105 962
1105 1145
1106 962
1106 1144
1107 963
1107 1144
1108 963
1108 1144
1109 964
1109 1144
1110 964
1110 1143
1111 965
1111 1143
1112 965
1112 1143
1113 966
1113 1142
1114 966
1114 1142
1115 966
1115 1142
1116 966
1116 1141
1117 967
1117 1141
1118 967
1118 1141
1119 968
1119 1140
1120 968
1120 1140
1121 969
1121 1140
1122 969
1122 1139
1123 970
1123 1139
1124 970
1124 1139
1125 971
1125 1139
1126 971
1126 1138
1127 972
1127 1138
1128 972
1128 1138
1129 973
1129 1137
1130 973
1130 1137
1131 974
1131 1137
1132 975
1132 1136
1133 975
1133 1135
1134 976
1134 1134
1135 977
1135 1134
1136 977
1136 1133
1137 978
1137 1132
1138 979
1138 1132
1139 979
1139 1131
1140 980
1140 1131
1141 981
1141 1130
1142 982
1142 1129
1143 983
1143 1128
1144 984
1144 1127
1145 985
1145 1126
1146 986
1146 1126
1147 987
1147 1125
1148 987
1148 1124
1149 988
1149 1124
1150 989
1150 1123
1151 990
1151 1122
1152 991
1152 1122
1153 991
1153 1121
1154 992
1154 1120
1155 993
1155 1119
1156 994
1156 1117
1156 1118
1157 995
1157 1115
1157 1116
1158 996
1158 1114
1159 997
1159 1113
1160 998
1160 1112
1161 999
1161 1111
1162 999
1162 1110
1163 1000
1163 1108
1163 1109
1164 1001
1164 1002
1164 1107
1165 1003
1165 1106
1166 1004
1166 1105
1167 1005
1167 1006
1167 1103
1167 1104
1168 1007
1168 1102
1169 1008
1169 1101
1170 1009
1170 1099
1170 1100
1171 1010
1171 1098
1172 1011
1172 1012
1172 1096
1172 1097
1173 1013
1173 1095
1174 1014
1174 1015
1174 1093
1174 1094
1175 1016
1175 1091
1175 1092
1176 1017
1176 1018
1176 1089
1176 1090
1177 1019
1177 1086
1177 1087
1177 1088
1178 1020
1178 1021
1178 1081
1178 1083
1178 1084
1178 1085
1179 1022
1179 1023
1179 1077
1179 1080
1179 1082
1180 1024
1180 1025
1180 1070
1180 1072
1180 1073
1180 1076
1180 1078
1180 1079
1181 1026
1181 1027
1181 1030
1181 1031
1181 1032
1181 1033
1181 1034
1181 1066
1181 1069
1181 1071
1181 1074
1181 1075
1182 1028
1182 1029
1182 1035
1182 1038
1182 1065
1182 1067
1182 1068
1183 1036
1183 1037
1183 1039
1183 1041
1183 1042
1183 1043
1183 1044
1183 1045
1183 1046
1183 1047
1183 1048
1183 1052
1183 1053
1183 1054
1183 1055
1183 1056
1183 1057
1183 1058
1183 1059
1183 1060
1183 1062
1183 1063
1183 1064
1184 1040
1184 1049
1184 1051
1184 1061
1185 1050
