875 1061
876 1053
876 1054
876 1060
876 1062
876 1074
877 1047
877 1052
877 1055
877 1056
877 1057
877 1058
877 1059
877 1063
877 1064
877 1065
877 1066
877 1067
877 1068
877 1069
877 1070
877 1071
877 1072
877 1073
877 1075
877 1084
877 1085
877 1087
878 1042
878 1043
878 1046
878 1048
878 1049
878 1050
878 1051
878 1076
878 1077
878 1078
878 1079
878 1080
878 1081
878 1082
878 1083
878 1086
878 1088
878 1092
878 1093
879 1037
879 1038
879 1041
879 1044
879 1045
879 1089
879 1090
879 1091
879 1094
879 1098
879 1099
880 1034
880 1036
880 1039
880 1040
880 1095
880 1096
880 1097
880 1100
881 1030
881 1031
881 1033
881 1035
881 1101
881 1103
881 1104
882 1026
882 1027
882 1029
882 1032
882 1102
882 1105
882 1106
882 1107
883 1021
883 1022
883 1025
883 1028
883 1108
883 1109
883 1110
884 1018
884 1019
884 1020
884 1023
884 1024
884 1111
884 1112
884 1113
885 1014
885 1015
885 1017
885 1114
885 1115
885 1116
886 1008
886 1011
886 1012
886 1013
886 1016
886 1117
886 1118
887 1005
887 1006
887 1007
887 1009
887 1010
887 1119
887 1120
887 1121
888 1002
888 1003
888 1004
888 1122
888 1123
889 1000
889 1001
889 1124
889 1125
889 1126
890 997
890 998
890 999
890 1127
890 1128
890 1129
891 996
891 1130
891 1131
892 993
892 994
892 995
892 1132
892 1133
893 991
893 992
893 1134
893 1135
893 1136
894 989
894 990
894 1137
894 1138
895 986
895 987
895 988
895 1139
895 1140
896 984
896 985
896 1141
897 983
897 1142
897 1143
898 981
898 982
898 1144
899 980
899 1145
899 1146
900 979
900 1147
901 977
901 978
901 1148
901 1149
902 976
902 1150
903 975
903 1151
904 974
904 1152
905 972
905 973
905 1153
905 1154
906 971
906 1155
907 970
907 1156
907 1157
908 969
908 1158
909 967
909 968
909 1159
910 966
910 1160
910 1161
911 965
911 1162
912 963
912 964
912 1163
913 962
913 1164
914 961
914 1165
915 960
915 1166
916 959
916 1167
917 958
917 1168
918 957
918 1169
919 956
919 1170
920 955
920 1171
921 954
921 1172
922 953
922 1173
923 952
923 1174
924 951
924 1175
925 950
925 1176
926 949
926 1177
927 948
927 1177
928 947
928 1178
929 946
929 1179
930 945
930 1180
931 944
931 1181
932 943
932 1182
933 942
933 1183
934 941
934 1184
935 940
935 1185
936 939
936 1186
937 938
937 1186
938 937
938 1187
939 936
939 1187
940 935
940 1188
941 934
941 1189
942 933
942 1189
943 933
943 1190
944 932
944 1191
945 931
945 1191
946 930
946 1192
947 930
947 1193
948 929
948 1193
949 928
949 1194
950 927
950 1195
951 926
951 1196
952 926
952 1196
953 925
953 1197
954 924
954 1197
955 924
955 1198
956 923
956 1198
957 922
957 1199
958 922
958 1199
959 921
959 1199
960 921
960 1199
961 920
961 1200
962 920
962 1201
963 919
963 1202
964 918
964 1202
965 918
965 1203
966 917
966 1203
967 917
967 1204
968 916
968 1205
969 916
969 1205
970 915
970 1206
971 914
971 1206
972 914
972 1206
973 913
973 1207
974 912
974 1207
975 912
975 1208
976 912
976 1208
977 911
977 1208
978 911
978 1209
979 910
979 1209
980 910
980 1209
981 910
981 1210
982 909
982 1210
983 909
983 1210
984 908
984 1210
985 908
985 1211
986 908
986 1211
987 908
987 1211
988 907
988 1212
989 907
989 1212
990 907
990 1212
991 906
991 1213
992 906
992 1213
993 906
993 1213
994 905
994 1213
995 905
995 1213
996 905
996 1214
997 905
997 1215
998 904
998 1215
999 904
999 1215
1000 904
1000 1215
1001 903
1001 1215
1002 903
1002 1215
1003 903
1003 1216
1004 903
1004 1216
1005 902
1005 1216
1006 902
1006 1216
1007 902
1007 1216
1008 902
1008 1216
1009 902
1009 1216
1010 901
1010 1216
1011 901
1011 1216
1012 901
1012 1216
1013 901
1013 1216
1014 901
1014 1216
1015 901
1015 1216
1016 901
1016 1216
1017 901
1017 1216
1018 901
1018 1216
1019 900
1019 1216
1020 900
1020 1216
1021 900
1021 1216
1022 900
1022 1216
1023 900
1023 1216
1024 900
1024 1216
1025 900
1025 1216
1026 900
1026 1216
1027 899
1027 1216
1028 899
1028 1216
1029 899
1029 1216
1030 899
1030 1216
1031 899
1031 1216
1032 899
1032 1216
1033 899
1033 1216
1034 898
1034 1216
1035 898
1035 1216
1036 898
1036 1216
1037 898
1037 1216
1038 898
1038 1216
1039 898
1039 1216
1040 898
1040 1216
1041 898
1041 1216
1042 898
1042 1216
1043 898
1043 1216
1044 898
1044 1216
1045 898
1045 1216
1046 898
1046 1216
1047 899
1047 1215
1048 899
1048 1215
1049 899
1049 1215
1050 899
1050 1215
1051 899
1051 1215
1052 899
1052 1215
1053 899
1053 1215
1054 899
1054 1215
1055 899
1055 1215
1056 899
1056 1215
1057 899
1057 1215
1058 899
1058 1214
1059 899
1059 1213
1060 899
1060 1213
1061 900
1061 1213
1062 900
1062 1213
1063 900
1063 1213
1064 900
1064 1213
1065 900
1065 1213
1066 901
1066 1213
1067 901
1067 1213
1068 901
1068 1213
1069 901
1069 1212
1070 902
1070 1212
1071 902
1071 1212
1072 902
1072 1212
1073 902
1073 1212
1074 902
1074 1212
1075 903
1075 1212
1076 903
1076 1212
1077 903
1077 1211
1078 903
1078 1211
1079 904
1079 1211
1080 904
1080 1211
1081 904
1081 1211
1082 905
1082 1211
1083 905
1083 1210
1084 905
1084 1210
1085 905
1085 1210
1086 905
1086 1210
1087 906
1087 1210
1088 906
1088 1209
1089 906
1089 1209
1090 906
1090 1209
1091 907
1091 1208
1092 907
1092 1208
1093 907
1093 1208
1094 907
1094 1207
1095 908
1095 1206
1096 908
1096 1206
1097 908
1097 1206
1098 908
1098 1206
1099 909
1099 1205
1100 909
1100 1205
1101 909
1101 1205
1102 909
1102 1204
1103 909
1103 1204
1104 910
1104 1204
1105 910
1105 1203
1106 910
1106 1203
1107 910
1107 1203
1108 911
1108 1203
1109 911
1109 1202
1110 911
1110 1202
1111 912
1111 1202
1112 912
1112 1201
1113 913
1113 1201
1114 913
1114 1201
1115 913
1115 1200
1116 914
1116 1200
1117 914
1117 1200
1118 915
1118 1199
1119 915
1119 1199
1120 915
1120 1198
1121 916
1121 1198
1122 916
1122 1197
1123 917
1123 1197
1124 917
1124 1196
1125 918
1125 1196
1126 919
1126 1195
1127 919
1127 1195
1128 920
1128 1194
1129 920
1129 1194
1130 921
1130 1194
1131 922
1131 1193
1132 923
1132 1193
1133 923
1133 1192
1134 924
1134 1192
1135 925
1135 1191
1136 925
1136 1191
1137 926
1137 1190
1138 927
1138 1190
1139 927
1139 1189
1140 928
1140 1189
1141 929
1141 1188
1142 929
1142 1188
1143 930
1143 1187
1144 931
1144 1187
1145 931
1145 1186
1146 932
1146 1186
1147 933
1147 1185
1148 934
1148 1185
1149 934
1149 1184
1150 935
1150 1184
1151 936
1151 1183
1152 936
1152 1182
1153 937
1153 1181
1154 938
1154 1180
1155 939
1155 1179
1156 940
1156 1179
1157 941
1157 1178
1158 942
1158 1177
1159 943
1159 1177
1160 944
1160 1176
1161 945
1161 1175
1162 946
1162 1174
1163 947
1163 1173
1164 948
1164 1172
1165 949
1165 1172
1166 950
1166 1171
1167 951
1167 1170
1168 952
1168 1169
1169 953
1169 1168
1170 954
1170 955
1170 1167
1171 956
1171 1166
1172 957
1172 1165
1173 958
1173 1164
1174 959
1174 1163
1175 960
1175 1161
1175 1162
1176 961
1176 1160
1177 962
1177 1159
1178 963
1178 964
1178 1158
1179 965
1179 1157
1180 966
1180 1156
1181 967
1181 1155
1182 968
1182 969
1182 1153
1182 1154
1183 970
1183 1152
1184 971
1184 1151
1185 972
1185 973
1185 1149
1185 1150
1186 974
1186 1148
1187 975
1187 1147
1188 976
1188 977
1188 1145
1188 1146
1189 978
1189 1144
1190 979
1190 980
1190 1143
1191 981
1191 1141
1191 1142
1192 982
1192 983
1192 1140
1193 984
1193 1139
1194 985
1194 986
1194 1137
1194 1138
1195 987
1195 988
1195 1135
1195 1136
1196 989
1196 990
1196 1133
1196 1134
1197 991
1197 992
1197 1132
1198 993
1198 1130
1198 1131
1199 994
1199 995
1199 1128
1199 1129
1200 996
1200 1126
1200 1127
1201 997
1201 998
1201 1125
1202 999
1202 1000
1202 1124
1203 1001
1203 1002
1203 1003
1203 1122
1203 1123
1204 1004
1204 1005
1204 1120
1204 1121
1205 1006
1205 1007
1205 1008
1205 1118
1205 1119
1206 1009
1206 1010
1206 1113
1206 1116
1206 1117
1207 1011
1207 1012
1207 1013
1207 1108
1207 1111
1207 1112
1207 1114
1207 1115
1208 1014
1208 1015
1208 1016
1208 1107
1208 1109
1208 1110
1209 1017
1209 1018
1209 1021
1209 1023
1209 1024
1209 1104
1209 1105
1209 1106
1210 1019
1210 1020
1210 1022
1210 1025
1210 1028
1210 1097
1210 1098
1210 1099
1210 1101
1210 1102
1210 1103
1211 1026
1211 1027
1211 1029
1211 1032
1211 1092
1211 1093
1211 1096
1211 1100
1212 1030
1212 1031
1212 1033
1212 1035
1212 1036
1212 1037
1212 1091
1212 1094
1212 1095
1213 1034
1213 1038
1213 1041
1213 1042
1213 1082
1213 1083
1213 1084
1213 1085
1213 1086
1213 1088
1213 1089
1213 1090
1214 1039
1214 1040
1214 1043
1214 1063
1214 1064
1214 1065
1214 1066
1214 1067
1214 1068
1214 1069
1214 1070
1214 1071
1214 1072
1214 1073
1214 1075
1214 1076
1214 1077
1214 1078
1214 1081
1214 1087
1215 1044
1215 1045
1215 1046
1215 1048
1215 1049
1215 1050
1215 1051
1215 1052
1215 1053
1215 1054
1215 1055
1215 1056
1215 1057
1215 1058
1215 1059
1215 1060
1215 1062
1215 1074
1215 1079
1215 1080
1216 1047
1216 1061
