703 1073
703 1091
704 1065
704 1066
704 1072
704 1074
704 1075
704 1076
704 1077
704 1078
704 1079
704 1080
704 1081
704 1082
704 1083
704 1084
704 1085
704 1086
704 1087
704 1088
704 1089
704 1090
704 1092
704 1099
704 1100
705 1054
705 1057
705 1058
705 1064
705 1067
705 1068
705 1069
705 1070
705 1071
705 1093
705 1094
705 1095
705 1096
705 1097
705 1098
705 1101
705 1108
705 1109
706 1048
706 1049
706 1053
706 1055
706 1056
706 1059
706 1060
706 1061
706 1062
706 1063
706 1102
706 1103
706 1104
706 1105
706 1106
706 1107
706 1110
706 1115
706 1116
707 1041
707 1042
707 1047
707 1050
707 1051
707 1052
707 1111
707 1112
707 1113
707 1114
707 1117
707 1122
707 1123
708 1036
708 1040
708 1043
708 1044
708 1045
708 1046
708 1118
708 1119
708 1120
708 1121
708 1124
708 1127
709 1032
709 1033
709 1035
709 1037
709 1038
709 1039
709 1125
709 1126
709 1128
709 1130
710 1028
710 1029
710 1031
710 1034
710 1129
710 1131
710 1133
711 1024
711 1025
711 1027
711 1030
711 1132
711 1134
711 1136
712 1019
712 1020
712 1021
712 1023
712 1026
712 1135
712 1137
712 1139
713 1016
713 1017
713 1018
713 1022
713 1138
713 1140
713 1142
714 1013
714 1014
714 1015
714 1141
714 1143
714 1144
715 1010
715 1011
715 1012
715 1145
715 1146
715 1147
716 1007
716 1008
716 1009
716 1148
716 1149
716 1150
717 1004
717 1005
717 1006
717 1151
717 1152
718 1002
718 1003
718 1153
718 1154
718 1155
719 999
719 1000
719 1001
719 1156
719 1157
719 1158
720 996
720 997
720 998
720 1159
720 1160
720 1161
721 993
721 994
721 995
721 1162
721 1163
721 1164
722 991
722 992
722 1165
722 1166
723 988
723 989
723 990
723 1167
723 1168
724 985
724 986
724 987
724 1169
724 1170
725 983
725 984
725 1171
725 1172
725 1173
726 981
726 982
726 1174
726 1175
727 978
727 979
727 980
727 1176
727 1177
728 976
728 977
728 1178
729 974
729 975
729 1179
729 1180
730 972
730 973
730 1181
730 1182
731 970
731 971
731 1183
732 969
732 1184
732 1185
733 967
733 968
733 1186
734 965
734 966
734 1187
734 1188
735 964
735 1189
736 962
736 963
736 1190
736 1191
737 961
737 1192
738 959
738 960
738 1193
739 957
739 958
739 1194
739 1195
740 956
740 1196
741 954
741 955
741 1197
741 1198
742 952
742 953
742 1199
743 951
743 1200
743 1201
744 949
744 950
744 1202
745 947
745 948
745 1203
745 1204
746 946
746 1205
747 944
747 945
747 1206
747 1207
748 943
748 1208
749 941
749 942
749 1209
750 939
750 940
750 1210
751 938
751 1211
752 937
752 1212
752 1213
753 936
753 1214
754 935
754 1215
755 933
755 934
755 1216
755 1217
756 932
756 1218
757 931
757 1219
758 930
758 1220
759 929
759 1221
759 1222
760 928
760 1223
760 1224
761 927
761 1225
762 926
762 1226
763 925
763 1227
764 924
764 1228
765 923
765 1229
766 922
766 1230
767 921
767 1231
768 921
768 1232
769 920
769 1233
770 919
770 1234
771 918
771 1235
772 917
772 1235
773 916
773 1236
774 915
774 1237
775 914
775 1238
776 913
776 1239
777 912
777 1240
778 911
778 1241
779 910
779 1242
780 909
780 1243
781 908
781 1244
782 907
782 1245
783 906
783 1246
784 905
784 1247
785 904
785 1248
786 904
786 1249
787 903
787 1250
788 902
788 1251
789 901
789 1252
790 900
790 1252
791 899
791 1253
792 898
792 1254
793 898
793 1255
794 897
794 1256
795 896
795 1256
796 896
796 1257
797 895
797 1258
798 894
798 1259
799 894
799 1259
800 893
800 1260
801 892
801 1260
802 892
802 1261
803 891
803 1261
804 890
804 1262
805 890
805 1262
806 889
806 1263
807 888
807 1263
808 888
808 1264
809 887
809 1264
810 886
810 1265
811 886
811 1265
812 885
812 1265
813 885
813 1266
814 884
814 1266
815 883
815 1267
816 883
816 1268
817 882
817 1268
818 882
818 1269
819 881
819 1269
820 881
820 1270
821 880
821 1270
822 880
822 1271
823 879
823 1271
824 878
824 1272
825 878
825 1272
826 877
826 1273
827 876
827 1273
828 876
828 1273
829 875
829 1274
830 875
830 1274
831 874
831 1274
832 873
832 1275
833 873
833 1275
834 872
834 1276
835 872
835 1276
836 871
836 1276
837 871
837 1277
838 871
838 1277
839 870
839 1277
840 870
840 1278
841 869
841 1278
842 869
842 1279
843 869
843 1279
844 868
844 1279
845 868
845 1280
846 868
846 1280
847 867
847 1280
848 867
848 1281
849 866
849 1281
850 866
850 1281
851 866
851 1282
852 866
852 1282
853 865
853 1282
854 865
854 1283
855 864
855 1283
856 864
856 1283
857 864
857 1284
858 863
858 1284
859 863
859 1284
860 863
860 1285
861 862
861 1285
862 862
862 1285
863 861
863 1285
864 861
864 1285
865 861
865 1286
866 860
866 1286
867 860
867 1286
868 859
868 1287
869 858
869 1287
870 858
870 1287
871 858
871 1288
872 857
872 1288
873 857
873 1288
874 857
874 1288
875 856
875 1289
876 856
876 1289
877 855
877 1289
878 855
878 1290
879 855
879 1290
880 854
880 1290
881 854
881 1291
882 854
882 1291
883 853
883 1291
884 853
884 1291
885 853
885 1291
886 853
886 1291
887 853
887 1291
888 853
888 1291
889 853
889 1291
890 853
890 1291
891 852
891 1291
892 852
892 1291
893 852
893 1291
894 852
894 1291
895 852
895 1291
896 852
896 1291
897 852
897 1291
898 852
898 1292
899 852
899 1293
900 851
900 1293
901 851
901 1293
902 851
902 1293
903 851
903 1293
904 851
904 1293
905 851
905 1293
906 850
906 1293
907 850
907 1293
908 850
908 1293
909 850
909 1293
910 850
910 1293
911 850
911 1293
912 850
912 1293
913 850
913 1293
914 850
914 1293
915 850
915 1292
916 850
916 1292
917 849
917 1292
918 849
918 1292
919 849
919 1292
920 849
920 1292
921 849
921 1292
922 849
922 1292
923 849
923 1292
924 849
924 1292
925 849
925 1292
926 849
926 1292
927 849
927 1292
928 849
928 1292
929 849
929 1292
930 849
930 1292
931 849
931 1292
932 849
932 1292
933 849
933 1292
934 849
934 1292
935 849
935 1292
936 849
936 1292
937 849
937 1292
938 849
938 1292
939 849
939 1292
940 849
940 1292
941 849
941 1292
942 849
942 1292
943 849
943 1291
944 850
944 1291
945 850
945 1291
946 850
946 1291
947 850
947 1291
948 850
948 1290
949 850
949 1290
950 851
950 1290
951 851
951 1290
952 852
952 1290
953 852
953 1289
954 852
954 1289
955 852
955 1289
956 852
956 1289
957 853
957 1289
958 853
958 1289
959 853
959 1289
960 853
960 1288
961 853
961 1288
962 853
962 1288
963 854
963 1288
964 854
964 1288
965 854
965 1287
966 854
966 1287
967 854
967 1287
968 854
968 1287
969 855
969 1287
970 855
970 1286
971 855
971 1286
972 855
972 1286
973 855
973 1286
974 856
974 1285
975 856
975 1285
976 856
976 1285
977 856
977 1285
978 856
978 1284
979 857
979 1284
980 857
980 1284
981 857
981 1284
982 857
982 1283
983 857
983 1283
984 858
984 1283
985 858
985 1283
986 858
986 1282
987 859
987 1281
988 859
988 1281
989 859
989 1281
990 860
990 1281
991 860
991 1280
992 861
992 1280
993 861
993 1280
994 861
994 1279
995 862
995 1279
996 862
996 1278
997 862
997 1278
998 863
998 1278
999 863
999 1277
1000 864
1000 1277
1001 864
1001 1277
1002 864
1002 1276
1003 865
1003 1276
1004 865
1004 1276
1005 865
1005 1276
1006 866
1006 1275
1007 866
1007 1275
1008 866
1008 1274
1009 867
1009 1274
1010 867
1010 1273
1011 867
1011 1273
1012 868
1012 1273
1013 868
1013 1272
1014 868
1014 1272
1015 869
1015 1271
1016 869
1016 1271
1017 870
1017 1271
1018 870
1018 1270
1019 870
1019 1269
1020 871
1020 1269
1021 871
1021 1268
1022 871
1022 1268
1023 872
1023 1268
1024 872
1024 1267
1025 872
1025 1267
1026 873
1026 1266
1027 873
1027 1266
1028 874
1028 1266
1029 874
1029 1265
1030 874
1030 1265
1031 875
1031 1264
1032 875
1032 1264
1033 875
1033 1263
1034 876
1034 1263
1035 877
1035 1263
1036 877
1036 1262
1037 878
1037 1262
1038 878
1038 1261
1039 879
1039 1260
1040 879
1040 1260
1041 880
1041 1259
1042 880
1042 1259
1043 881
1043 1258
1044 881
1044 1257
1045 882
1045 1257
1046 883
1046 1256
1047 883
1047 1256
1048 884
1048 1255
1049 884
1049 1254
1050 885
1050 1253
1051 885
1051 1252
1052 886
1052 1252
1053 886
1053 1251
1054 887
1054 1251
1055 887
1055 1250
1056 888
1056 1249
1057 889
1057 1249
1058 889
1058 1248
1059 890
1059 1248
1060 890
1060 1247
1061 891
1061 1246
1062 891
1062 1246
1063 892
1063 1245
1064 892
1064 1244
1065 892
1065 1244
1066 893
1066 1243
1067 894
1067 1242
1068 894
1068 1241
1069 895
1069 1241
1070 896
1070 1240
1071 896
1071 1239
1072 897
1072 1238
1073 898
1073 1238
1074 898
1074 1237
1075 899
1075 1236
1076 900
1076 1236
1077 901
1077 1235
1078 901
1078 1234
1079 902
1079 903
1079 1233
1080 904
1080 1232
1081 905
1081 1231
1082 906
1082 1231
1083 907
1083 1230
1084 908
1084 1229
1085 909
1085 1228
1086 910
1086 1227
1087 911
1087 1226
1088 912
1088 1225
1089 913
1089 1224
1090 914
1090 1224
1091 915
1091 1223
1092 915
1092 1222
1093 916
1093 1221
1094 917
1094 1220
1095 918
1095 1219
1096 919
1096 1218
1097 920
1097 1218
1098 921
1098 1217
1099 922
1099 1216
1100 923
1100 1215
1101 924
1101 1214
1102 925
1102 1213
1103 926
1103 1212
1104 927
1104 1211
1105 928
1105 1210
1106 929
1106 1209
1107 930
1107 1208
1108 931
1108 1207
1109 932
1109 1206
1110 933
1110 1205
1111 934
1111 1204
1112 935
1112 1203
1113 936
1113 1202
1114 937
1114 1201
1115 938
1115 1200
1116 939
1116 1199
1117 940
1117 941
1117 1198
1118 942
1118 1197
1119 943
1119 944
1119 1196
1120 945
1120 1195
1121 946
1121 1194
1122 947
1122 948
1122 1193
1123 949
1123 1192
1124 950
1124 1190
1124 1191
1125 951
1125 952
1125 1189
1126 953
1126 1188
1127 954
1127 1187
1128 955
1128 1185
1128 1186
1129 956
1129 1184
1130 957
1130 958
1130 1183
1131 959
1131 1182
1132 960
1132 961
1132 1181
1133 962
1133 1180
1134 963
1134 1179
1135 964
1135 965
1135 1178
1136 966
1136 1176
1136 1177
1137 967
1137 968
1137 1174
1137 1175
1138 969
1138 970
1138 1172
1138 1173
1139 971
1139 972
1139 1171
1140 973
1140 974
1140 1169
1140 1170
1141 975
1141 976
1141 1167
1141 1168
1142 977
1142 978
1142 1165
1142 1166
1143 979
1143 1163
1143 1164
1144 980
1144 981
1144 1161
1144 1162
1145 982
1145 983
1145 1160
1146 984
1146 985
1146 1159
1147 986
1147 987
1147 1156
1147 1157
1147 1158
1148 988
1148 989
1148 1154
1148 1155
1149 990
1149 991
1149 992
1149 1152
1149 1153
1150 993
1150 994
1150 1150
1150 1151
1151 995
1151 996
1151 1147
1151 1148
1151 1149
1152 997
1152 998
1152 999
1152 1145
1152 1146
1153 1000
1153 1001
1153 1142
1153 1143
1153 1144
1154 1002
1154 1003
1154 1140
1154 1141
1155 1004
1155 1005
1155 1137
1155 1138
1155 1139
1156 1006
1156 1007
1156 1008
1156 1135
1156 1136
1157 1009
1157 1010
1157 1133
1157 1134
1158 1011
1158 1012
1158 1130
1158 1131
1158 1132
1159 1013
1159 1014
1159 1015
1159 1124
1159 1125
1159 1128
1159 1129
1160 1016
1160 1017
1160 1020
1160 1021
1160 1022
1160 1119
1160 1120
1160 1123
1160 1126
1160 1127
1161 1018
1161 1019
1161 1023
1161 1025
1161 1026
1161 1027
1161 1114
1161 1115
1161 1118
1161 1121
1161 1122
1162 1024
1162 1028
1162 1030
1162 1031
1162 1032
1162 1110
1162 1113
1162 1116
1162 1117
1163 1029
1163 1033
1163 1035
1163 1037
1163 1038
1163 1039
1163 1040
1163 1041
1163 1042
1163 1043
1163 1044
1163 1103
1163 1104
1163 1105
1163 1106
1163 1107
1163 1109
1163 1111
1163 1112
1164 1034
1164 1036
1164 1045
1164 1048
1164 1049
1164 1050
1164 1051
1164 1052
1164 1053
1164 1095
1164 1096
1164 1097
1164 1098
1164 1099
1164 1102
1164 1108
1165 1046
1165 1047
1165 1054
1165 1056
1165 1057
1165 1058
1165 1059
1165 1060
1165 1061
1165 1062
1165 1063
1165 1064
1165 1065
1165 1066
1165 1067
1165 1068
1165 1069
1165 1070
1165 1071
1165 1075
1165 1076
1165 1077
1165 1078
1165 1079
1165 1080
1165 1081
1165 1082
1165 1083
1165 1084
1165 1085
1165 1086
1165 1087
1165 1088
1165 1089
1165 1091
1165 1094
1165 1100
1165 1101
1166 1055
1166 1072
1166 1074
1166 1090
1166 1092
1166 1093
1167 1073
