747 1073
747 1074
748 1058
748 1059
748 1072
748 1075
748 1088
749 1052
749 1053
749 1057
749 1060
749 1061
749 1062
749 1063
749 1064
749 1065
749 1066
749 1067
749 1068
749 1069
749 1070
749 1071
749 1076
749 1077
749 1078
749 1079
749 1080
749 1081
749 1082
749 1083
749 1084
749 1085
749 1086
749 1087
749 1089
749 1096
749 1097
749 1103
750 1044
750 1045
750 1046
750 1051
750 1054
750 1055
750 1056
750 1090
750 1091
750 1092
750 1093
750 1094
750 1095
750 1098
750 1099
750 1100
750 1101
750 1102
750 1104
750 1108
750 1109
751 1039
751 1040
751 1043
751 1047
751 1048
751 1049
751 1050
751 1105
751 1106
751 1107
751 1110
751 1113
751 1114
752 1034
752 1035
752 1038
752 1041
752 1042
752 1111
752 1112
752 1115
752 1117
753 1029
753 1030
753 1033
753 1036
753 1037
753 1116
753 1118
753 1120
753 1121
754 1026
754 1027
754 1028
754 1031
754 1032
754 1119
754 1122
754 1124
754 1125
755 1022
755 1023
755 1025
755 1123
755 1126
755 1128
755 1129
756 1019
756 1020
756 1021
756 1024
756 1127
756 1130
756 1132
757 1016
757 1018
757 1131
757 1133
757 1134
757 1135
758 1013
758 1014
758 1015
758 1017
758 1136
758 1137
758 1138
759 1010
759 1011
759 1012
759 1139
759 1140
759 1141
760 1007
760 1008
760 1009
760 1142
760 1143
760 1144
761 1004
761 1005
761 1006
761 1145
762 1002
762 1003
762 1146
762 1147
762 1148
763 1000
763 1001
763 1149
763 1150
764 998
764 999
764 1151
764 1152
765 995
765 996
765 997
765 1153
765 1154
766 993
766 994
766 1155
766 1156
767 991
767 992
767 1157
767 1158
767 1159
768 988
768 989
768 990
768 1160
768 1161
768 1162
769 986
769 987
769 1163
769 1164
770 985
770 1165
770 1166
771 983
771 984
771 1167
771 1168
772 981
772 982
772 1169
772 1170
773 979
773 980
773 1171
773 1172
774 978
774 1173
774 1174
775 976
775 977
775 1175
775 1176
776 975
776 1177
776 1178
777 974
777 1179
777 1180
778 973
778 1181
778 1182
779 971
779 972
779 1183
779 1184
780 970
780 1185
781 968
781 969
781 1186
781 1187
782 967
782 1188
783 965
783 966
783 1189
784 963
784 964
784 1190
784 1191
785 962
785 1192
786 960
786 961
786 1193
787 959
787 1194
788 958
788 1195
788 1196
789 957
789 1197
790 955
790 956
790 1198
791 954
791 1199
792 953
792 1200
793 952
793 1201
794 951
794 1202
795 950
795 1203
796 949
796 1204
796 1205
797 948
797 1206
798 947
798 1207
799 946
799 1208
800 945
800 1209
801 944
801 1210
802 943
802 1211
803 942
803 1212
804 941
804 1213
805 940
805 1214
806 939
806 1215
807 938
807 1216
808 937
808 1217
809 936
809 1218
810 935
810 1219
811 934
811 1219
812 933
812 1220
813 933
813 1221
814 932
814 1221
815 931
815 1222
816 931
816 1222
817 930
817 1223
818 929
818 1224
819 928
819 1224
820 927
820 1225
821 926
821 1225
822 925
822 1226
823 925
823 1226
824 924
824 1227
825 923
825 1228
826 922
826 1229
827 921
827 1229
828 920
828 1230
829 920
829 1230
830 919
830 1231
831 918
831 1231
832 918
832 1232
833 917
833 1232
834 916
834 1233
835 916
835 1233
836 915
836 1233
837 914
837 1234
838 914
838 1234
839 913
839 1235
840 913
840 1235
841 912
841 1236
842 911
842 1236
843 911
843 1237
844 910
844 1237
845 910
845 1238
846 909
846 1238
847 908
847 1239
848 908
848 1239
849 907
849 1239
850 907
850 1240
851 906
851 1241
852 906
852 1241
853 905
853 1242
854 905
854 1242
855 904
855 1243
856 904
856 1243
857 903
857 1243
858 903
858 1244
859 902
859 1244
860 902
860 1245
861 901
861 1245
862 901
862 1245
863 900
863 1245
864 899
864 1246
865 899
865 1246
866 898
866 1246
867 898
867 1246
868 897
868 1247
869 897
869 1247
870 897
870 1247
871 896
871 1247
872 896
872 1248
873 895
873 1248
874 895
874 1248
875 895
875 1248
876 894
876 1248
877 894
877 1248
878 894
878 1249
879 893
879 1249
880 893
880 1249
881 892
881 1249
882 892
882 1249
883 892
883 1250
884 891
884 1250
885 891
885 1250
886 891
886 1250
887 890
887 1250
888 890
888 1250
889 890
889 1250
890 889
890 1250
891 889
891 1251
892 889
892 1251
893 889
893 1251
894 888
894 1251
895 888
895 1251
896 888
896 1251
897 888
897 1251
898 888
898 1251
899 888
899 1251
900 887
900 1251
901 887
901 1251
902 887
902 1251
903 887
903 1251
904 887
904 1251
905 887
905 1251
906 887
906 1251
907 887
907 1251
908 887
908 1251
909 887
909 1251
910 887
910 1251
911 886
911 1251
912 886
912 1251
913 886
913 1251
914 886
914 1251
915 886
915 1251
916 886
916 1251
917 886
917 1251
918 886
918 1251
919 886
919 1251
920 885
920 1251
921 885
921 1251
922 885
922 1251
923 885
923 1251
924 885
924 1251
925 885
925 1251
926 885
926 1251
927 885
927 1251
928 885
928 1251
929 885
929 1251
930 885
930 1251
931 885
931 1251
932 885
932 1251
933 885
933 1251
934 885
934 1251
935 885
935 1251
936 885
936 1250
937 886
937 1249
938 886
938 1249
939 886
939 1249
940 886
940 1249
941 886
941 1249
942 886
942 1249
943 886
943 1249
944 886
944 1249
945 886
945 1249
946 886
946 1249
947 886
947 1248
948 887
948 1248
949 887
949 1248
950 887
950 1248
951 887
951 1248
952 887
952 1248
953 887
953 1248
954 887
954 1248
955 887
955 1248
956 888
956 1247
957 888
957 1247
958 888
958 1247
959 888
959 1247
960 888
960 1247
961 888
961 1247
962 888
962 1246
963 888
963 1246
964 889
964 1246
965 889
965 1246
966 889
966 1246
967 889
967 1245
968 889
968 1245
969 889
969 1245
970 890
970 1245
971 890
971 1244
972 890
972 1244
973 890
973 1244
974 890
974 1244
975 891
975 1243
976 891
976 1243
977 891
977 1243
978 891
978 1243
979 891
979 1243
980 892
980 1243
981 892
981 1243
982 892
982 1242
983 893
983 1242
984 893
984 1242
985 893
985 1242
986 894
986 1241
987 894
987 1241
988 894
988 1241
989 895
989 1241
990 895
990 1240
991 896
991 1239
992 896
992 1239
993 897
993 1238
994 897
994 1238
995 897
995 1238
996 898
996 1237
997 898
997 1237
998 898
998 1236
999 899
999 1236
1000 899
1000 1235
1001 900
1001 1235
1002 900
1002 1235
1003 900
1003 1234
1004 901
1004 1234
1005 901
1005 1233
1006 902
1006 1233
1007 902
1007 1232
1008 903
1008 1232
1009 903
1009 1231
1010 904
1010 1231
1011 904
1011 1230
1012 905
1012 1230
1013 905
1013 1229
1014 906
1014 1229
1015 906
1015 1228
1016 907
1016 1228
1017 907
1017 1228
1018 908
1018 1227
1019 909
1019 1227
1020 909
1020 1226
1021 910
1021 1225
1022 911
1022 1225
1023 911
1023 1224
1024 912
1024 1224
1025 913
1025 1223
1026 913
1026 1223
1027 914
1027 1222
1028 914
1028 1221
1029 915
1029 1220
1030 916
1030 1220
1031 916
1031 1219
1032 917
1032 1219
1033 918
1033 1218
1034 918
1034 1218
1035 919
1035 1217
1036 920
1036 1216
1037 920
1037 1216
1038 921
1038 1215
1039 922
1039 1215
1040 922
1040 1214
1041 923
1041 1213
1042 924
1042 1213
1043 924
1043 1212
1044 925
1044 1211
1045 926
1045 1211
1046 927
1046 1210
1047 928
1047 1209
1048 929
1048 1209
1049 930
1049 1208
1050 931
1050 1207
1051 932
1051 1206
1052 933
1052 1205
1053 934
1053 935
1053 1204
1054 936
1054 1203
1055 937
1055 1202
1056 938
1056 1201
1057 939
1057 1200
1058 940
1058 1199
1059 941
1059 1198
1060 942
1060 1198
1061 943
1061 1197
1062 944
1062 1195
1062 1196
1063 944
1063 1194
1064 945
1064 1193
1065 946
1065 1192
1066 947
1066 1191
1067 948
1067 1190
1068 949
1068 1189
1069 950
1069 1188
1070 951
1070 1186
1070 1187
1071 952
1071 1185
1072 953
1072 1184
1073 954
1073 1183
1074 955
1074 1182
1075 956
1075 1180
1075 1181
1076 957
1076 958
1076 1179
1077 959
1077 1177
1077 1178
1078 960
1078 961
1078 1176
1079 962
1079 1175
1080 963
1080 1174
1081 964
1081 965
1081 1172
1081 1173
1082 966
1082 967
1082 1171
1083 968
1083 969
1083 1170
1084 970
1084 1168
1084 1169
1085 971
1085 972
1085 1167
1086 973
1086 974
1086 1165
1086 1166
1087 975
1087 1164
1088 976
1088 977
1088 1163
1089 978
1089 1161
1089 1162
1090 979
1090 1160
1091 980
1091 981
1091 1158
1091 1159
1092 982
1092 983
1092 1157
1093 984
1093 985
1093 1155
1093 1156
1094 986
1094 987
1094 1153
1094 1154
1095 988
1095 989
1095 1151
1095 1152
1096 990
1096 991
1096 992
1096 993
1096 1149
1096 1150
1097 994
1097 995
1097 1147
1097 1148
1098 996
1098 997
1098 998
1098 1145
1098 1146
1099 999
1099 1000
1099 1140
1099 1142
1099 1143
1099 1144
1100 1001
1100 1002
1100 1139
1100 1141
1101 1003
1101 1004
1101 1133
1101 1136
1101 1137
1101 1138
1102 1005
1102 1006
1102 1132
1102 1134
1102 1135
1103 1007
1103 1008
1103 1009
1103 1127
1103 1129
1103 1130
1103 1131
1104 1010
1104 1011
1104 1012
1104 1123
1104 1126
1104 1128
1105 1013
1105 1014
1105 1015
1105 1119
1105 1122
1105 1124
1105 1125
1106 1016
1106 1017
1106 1019
1106 1020
1106 1110
1106 1111
1106 1112
1106 1113
1106 1115
1106 1118
1106 1120
1106 1121
1107 1018
1107 1021
1107 1024
1107 1103
1107 1104
1107 1105
1107 1106
1107 1109
1107 1114
1107 1116
1107 1117
1108 1022
1108 1023
1108 1025
1108 1028
1108 1099
1108 1100
1108 1102
1108 1107
1108 1108
1109 1026
1109 1027
1109 1029
1109 1033
1109 1034
1109 1035
1109 1036
1109 1037
1109 1038
1109 1039
1109 1040
1109 1041
1109 1093
1109 1094
1109 1095
1109 1098
1109 1101
1110 1030
1110 1031
1110 1032
1110 1042
1110 1045
1110 1047
1110 1048
1110 1049
1110 1050
1110 1051
1110 1052
1110 1053
1110 1054
1110 1055
1110 1056
1110 1057
1110 1058
1110 1062
1110 1063
1110 1064
1110 1065
1110 1066
1110 1067
1110 1068
1110 1069
1110 1070
1110 1071
1110 1072
1110 1073
1110 1074
1110 1075
1110 1076
1110 1077
1110 1078
1110 1079
1110 1080
1110 1081
1110 1082
1110 1083
1110 1084
1110 1085
1110 1086
1110 1088
1110 1089
1110 1092
1110 1096
1110 1097
1111 1043
1111 1044
1111 1046
1111 1059
1111 1061
1111 1087
1111 1090
1111 1091
1112 1060
