834 941
834 954
835 933
835 934
835 940
835 942
835 943
835 944
835 945
835 946
835 947
835 948
835 949
835 950
835 951
835 952
835 953
835 955
835 967
835 968
836 927
836 932
836 935
836 936
836 937
836 938
836 939
836 956
836 957
836 958
836 959
836 960
836 961
836 962
836 963
836 964
836 965
836 966
836 969
836 973
836 974
837 921
837 922
837 926
837 928
837 929
837 930
837 931
837 970
837 971
837 972
837 975
837 979
837 980
837 981
838 914
838 916
838 917
838 920
838 923
838 924
838 925
838 976
838 977
838 978
838 982
838 984
838 985
839 910
839 911
839 913
839 915
839 918
839 919
839 983
839 986
839 988
839 989
840 907
840 908
840 909
840 912
840 987
840 990
840 991
840 992
841 904
841 905
841 906
841 993
841 994
842 901
842 903
842 995
842 996
842 997
843 899
843 900
843 902
843 998
843 999
843 1000
844 896
844 897
844 898
844 1001
844 1002
844 1003
845 894
845 895
845 1004
845 1005
845 1006
846 891
846 892
846 893
846 1007
846 1008
846 1009
847 889
847 890
847 1010
847 1011
848 886
848 887
848 888
848 1012
848 1013
849 884
849 885
849 1014
849 1015
850 882
850 883
850 1016
850 1017
851 880
851 881
851 1018
852 878
852 879
852 1019
852 1020
853 876
853 877
853 1021
853 1022
854 874
854 875
854 1023
855 873
855 1024
855 1025
856 871
856 872
856 1026
856 1027
857 870
857 1028
857 1029
858 868
858 869
858 1030
858 1031
859 866
859 867
859 1032
860 865
860 1033
860 1034
861 863
861 864
861 1035
862 861
862 862
862 1036
863 860
863 1037
863 1038
864 858
864 859
864 1039
865 857
865 1040
866 855
866 856
866 1041
866 1042
867 854
867 1043
868 853
868 1044
869 852
869 1045
869 1046
870 851
870 1047
871 850
871 1048
872 848
872 849
872 1049
872 1050
873 847
873 1051
874 846
874 1052
875 845
875 1053
876 843
876 844
876 1054
877 842
877 1055
878 841
878 1056
879 840
879 1057
880 839
880 1058
881 838
881 1059
882 837
882 1060
883 836
883 1060
884 835
884 1061
885 834
885 1062
886 833
886 1063
887 833
887 1064
888 832
888 1065
889 832
889 1066
890 831
890 1067
891 830
891 1068
892 829
892 1069
893 828
893 1070
894 827
894 1071
895 826
895 1072
896 825
896 1073
897 824
897 1073
898 823
898 1074
899 823
899 1075
900 822
900 1076
901 821
901 1077
902 820
902 1077
903 820
903 1078
904 819
904 1079
905 818
905 1080
906 818
906 1080
907 817
907 1081
908 816
908 1082
909 816
909 1083
910 815
910 1083
911 814
911 1084
912 814
912 1084
913 813
913 1085
914 813
914 1086
915 812
915 1086
916 812
916 1087
917 811
917 1088
918 810
918 1088
919 810
919 1089
920 809
920 1089
921 809
921 1090
922 808
922 1091
923 808
923 1092
924 807
924 1092
925 806
925 1093
926 806
926 1093
927 805
927 1094
928 805
928 1094
929 804
929 1095
930 804
930 1095
931 804
931 1096
932 804
932 1096
933 804
933 1096
934 803
934 1097
935 803
935 1097
936 803
936 1098
937 803
937 1098
938 802
938 1099
939 802
939 1099
940 802
940 1100
941 802
941 1100
942 802
942 1101
943 801
943 1101
944 801
944 1101
945 801
945 1102
946 801
946 1102
947 801
947 1103
948 801
948 1103
949 800
949 1103
950 800
950 1104
951 800
951 1104
952 800
952 1104
953 800
953 1105
954 799
954 1105
955 799
955 1105
956 799
956 1106
957 799
957 1106
958 799
958 1106
959 799
959 1107
960 799
960 1107
961 799
961 1107
962 799
962 1107
963 799
963 1108
964 799
964 1108
965 799
965 1108
966 799
966 1108
967 799
967 1109
968 799
968 1110
969 799
969 1110
970 799
970 1110
971 799
971 1110
972 799
972 1110
973 799
973 1110
974 799
974 1110
975 799
975 1110
976 799
976 1110
977 799
977 1110
978 799
978 1110
979 799
979 1110
980 799
980 1110
981 799
981 1110
982 799
982 1110
983 799
983 1110
984 799
984 1110
985 799
985 1110
986 799
986 1110
987 799
987 1110
988 799
988 1110
989 799
989 1110
990 799
990 1110
991 799
991 1110
992 799
992 1111
993 800
993 1111
994 800
994 1111
995 800
995 1111
996 800
996 1111
997 800
997 1111
998 800
998 1111
999 800
999 1111
1000 800
1000 1111
1001 800
1001 1111
1002 800
1002 1111
1003 800
1003 1111
1004 800
1004 1111
1005 800
1005 1111
1006 800
1006 1111
1007 800
1007 1111
1008 800
1008 1111
1009 800
1009 1111
1010 800
1010 1111
1011 800
1011 1111
1012 800
1012 1111
1013 801
1013 1111
1014 801
1014 1111
1015 801
1015 1111
1016 801
1016 1111
1017 801
1017 1111
1018 801
1018 1111
1019 801
1019 1111
1020 801
1020 1111
1021 801
1021 1111
1022 801
1022 1111
1023 801
1023 1111
1024 801
1024 1111
1025 802
1025 1111
1026 802
1026 1111
1027 802
1027 1111
1028 802
1028 1111
1029 802
1029 1111
1030 803
1030 1111
1031 803
1031 1111
1032 803
1032 1111
1033 803
1033 1111
1034 803
1034 1111
1035 804
1035 1111
1036 804
1036 1111
1037 804
1037 1111
1038 804
1038 1111
1039 804
1039 1111
1040 805
1040 1111
1041 805
1041 1110
1042 805
1042 1110
1043 805
1043 1110
1044 805
1044 1110
1045 805
1045 1110
1046 806
1046 1110
1047 806
1047 1110
1048 806
1048 1110
1049 806
1049 1110
1050 806
1050 1110
1051 807
1051 1110
1052 807
1052 1110
1053 808
1053 1110
1054 808
1054 1110
1055 808
1055 1109
1056 808
1056 1109
1057 809
1057 1109
1058 809
1058 1109
1059 809
1059 1109
1060 809
1060 1109
1061 810
1061 1108
1062 810
1062 1108
1063 810
1063 1108
1064 811
1064 1108
1065 811
1065 1108
1066 811
1066 1108
1067 811
1067 1107
1068 812
1068 1107
1069 812
1069 1107
1070 812
1070 1107
1071 812
1071 1107
1072 813
1072 1107
1073 813
1073 1107
1074 813
1074 1106
1075 813
1075 1106
1076 814
1076 1106
1077 814
1077 1106
1078 814
1078 1105
1079 815
1079 1105
1080 815
1080 1105
1081 815
1081 1105
1082 816
1082 1104
1083 816
1083 1104
1084 817
1084 1103
1085 817
1085 1103
1086 817
1086 1102
1087 818
1087 1102
1088 818
1088 1101
1089 818
1089 1101
1090 818
1090 1100
1091 819
1091 1100
1092 819
1092 1099
1093 820
1093 1099
1094 820
1094 1098
1095 821
1095 1097
1096 821
1096 1097
1097 822
1097 1096
1098 822
1098 1096
1099 823
1099 1095
1100 824
1100 1094
1101 825
1101 1094
1102 825
1102 1093
1103 826
1103 1093
1104 826
1104 1092
1105 827
1105 1092
1106 827
1106 1091
1107 828
1107 1091
1108 828
1108 1091
1109 829
1109 1090
1110 829
1110 1090
1111 830
1111 1089
1112 830
1112 1089
1113 831
1113 1088
1114 832
1114 1088
1115 832
1115 1087
1116 833
1116 1086
1117 834
1117 1086
1118 834
1118 1084
1118 1085
1119 835
1119 1083
1120 836
1120 1083
1121 836
1121 1082
1122 837
1122 1081
1123 837
1123 1080
1124 838
1124 1079
1125 839
1125 1078
1126 840
1126 1078
1127 840
1127 1077
1128 841
1128 1076
1129 842
1129 1075
1130 843
1130 1074
1131 843
1131 1073
1132 844
1132 1072
1133 845
1133 1071
1134 846
1134 1070
1135 847
1135 1069
1136 848
1136 1068
1137 849
1137 1067
1138 850
1138 1066
1139 851
1139 1064
1139 1065
1140 852
1140 1063
1141 853
1141 1062
1142 854
1142 1061
1143 855
1143 1060
1144 856
1144 1059
1145 857
1145 1057
1145 1058
1146 858
1146 1056
1147 859
1147 860
1147 1056
1148 861
1148 1054
1148 1055
1149 862
1149 1053
1150 863
1150 1052
1151 864
1151 865
1151 866
1151 1050
1151 1051
1152 867
1152 1049
1153 868
1153 1048
1154 869
1154 870
1154 1046
1154 1047
1155 871
1155 1045
1156 872
1156 1043
1156 1044
1157 873
1157 874
1157 1041
1157 1042
1158 875
1158 1039
1158 1040
1159 876
1159 877
1159 878
1159 1037
1159 1038
1160 879
1160 880
1160 1035
1160 1036
1161 881
1161 882
1161 1034
1162 883
1162 884
1162 885
1162 1032
1162 1033
1163 886
1163 887
1163 1030
1163 1031
1164 888
1164 1027
1164 1028
1164 1029
1165 889
1165 890
1165 1025
1165 1026
1166 891
1166 892
1166 893
1166 1022
1166 1023
1166 1024
1167 894
1167 895
1167 1019
1167 1020
1167 1021
1168 896
1168 897
1168 898
1168 1016
1168 1017
1168 1018
1169 899
1169 900
1169 902
1169 1013
1169 1014
1169 1015
1170 901
1170 903
1170 1006
1170 1008
1170 1011
1170 1012
1171 904
1171 905
1171 906
1171 909
1171 1002
1171 1005
1171 1007
1171 1009
1171 1010
1172 907
1172 908
1172 910
1172 913
1172 915
1172 916
1172 998
1172 1001
1172 1003
1172 1004
1173 911
1173 912
1173 914
1173 917
1173 920
1173 997
1173 999
1173 1000
1174 918
1174 919
1174 921
1174 924
1174 992
1174 993
1174 995
1174 996
1175 922
1175 923
1175 925
1175 988
1175 991
1175 994
1176 926
1176 927
1176 929
1176 930
1176 931
1176 932
1176 933
1176 934
1176 935
1176 983
1176 984
1176 987
1176 989
1176 990
1177 928
1177 936
1177 938
1177 939
1177 940
1177 942
1177 943
1177 944
1177 945
1177 946
1177 947
1177 948
1177 949
1177 950
1177 951
1177 952
1177 956
1177 957
1177 958
1177 959
1177 960
1177 961
1177 962
1177 963
1177 964
1177 965
1177 966
1177 967
1177 969
1177 970
1177 971
1177 972
1177 973
1177 974
1177 975
1177 976
1177 977
1177 978
1177 979
1177 980
1177 982
1177 985
1177 986
1178 937
1178 941
1178 953
1178 955
1178 968
1178 981
1179 954
