939 961
939 966
939 967
940 951
940 956
940 960
940 962
940 963
940 964
940 965
940 968
940 972
941 945
941 950
941 952
941 953
941 954
941 955
941 957
941 958
941 959
941 969
941 970
941 971
941 973
941 977
942 941
942 944
942 946
942 947
942 948
942 949
942 974
942 975
942 976
942 978
942 981
942 982
942 983
943 938
943 939
943 940
943 942
943 943
943 979
943 980
943 984
943 986
943 987
943 988
944 936
944 937
944 985
944 989
944 990
944 991
945 931
945 932
945 933
945 935
945 992
945 993
946 929
946 930
946 934
946 994
946 995
946 996
947 927
947 928
947 997
947 998
948 925
948 926
948 999
948 1000
949 923
949 924
949 1001
949 1002
950 922
950 1003
951 920
951 921
951 1004
951 1005
952 919
952 1006
952 1007
953 918
953 1008
954 916
954 917
954 1009
954 1010
955 915
955 1011
955 1012
956 914
956 1013
957 912
957 913
957 1014
957 1015
958 911
958 1016
959 910
959 1017
960 909
960 1018
961 908
961 1019
962 907
962 1020
963 906
963 1021
963 1022
964 905
964 1023
965 904
965 1024
966 902
966 903
966 1025
967 901
967 1026
968 900
968 1027
969 899
969 1028
970 899
970 1028
971 898
971 1029
972 898
972 1030
973 897
973 1030
974 896
974 1031
975 895
975 1031
976 894
976 1032
977 893
977 1033
978 893
978 1034
979 892
979 1034
980 892
980 1035
981 891
981 1036
982 890
982 1037
983 890
983 1037
984 889
984 1038
985 888
985 1038
986 888
986 1038
987 887
987 1039
988 887
988 1039
989 886
989 1039
990 885
990 1040
991 885
991 1040
992 885
992 1041
993 884
993 1042
994 884
994 1042
995 884
995 1043
996 883
996 1043
997 883
997 1043
998 883
998 1043
999 882
999 1043
1000 882
1000 1044
1001 881
1001 1044
1002 881
1002 1044
1003 881
1003 1044
1004 880
1004 1044
1005 880
1005 1044
1006 879
1006 1045
1007 879
1007 1045
1008 879
1008 1045
1009 879
1009 1045
1010 879
1010 1045
1011 879
1011 1045
1012 879
1012 1045
1013 879
1013 1045
1014 879
1014 1045
1015 879
1015 1045
1016 879
1016 1045
1017 879
1017 1045
1018 879
1018 1045
1019 879
1019 1045
1020 879
1020 1046
1021 879
1021 1046
1022 879
1022 1046
1023 879
1023 1046
1024 879
1024 1046
1025 879
1025 1046
1026 879
1026 1046
1027 879
1027 1046
1028 879
1028 1046
1029 879
1029 1046
1030 879
1030 1046
1031 879
1031 1046
1032 879
1032 1046
1033 879
1033 1046
1034 879
1034 1046
1035 879
1035 1046
1036 879
1036 1046
1037 879
1037 1046
1038 880
1038 1046
1039 880
1039 1046
1040 880
1040 1046
1041 880
1041 1046
1042 881
1042 1045
1043 881
1043 1045
1044 881
1044 1045
1045 881
1045 1045
1046 881
1046 1045
1047 881
1047 1044
1048 882
1048 1044
1049 882
1049 1044
1050 882
1050 1044
1051 883
1051 1043
1052 883
1052 1042
1053 883
1053 1042
1054 884
1054 1041
1055 884
1055 1041
1056 884
1056 1041
1057 885
1057 1040
1058 885
1058 1040
1059 885
1059 1039
1060 886
1060 1039
1061 886
1061 1038
1062 887
1062 1038
1063 887
1063 1037
1064 888
1064 1037
1065 889
1065 1036
1066 889
1066 1035
1067 890
1067 1034
1068 890
1068 1034
1069 891
1069 1033
1070 891
1070 1032
1071 892
1071 1031
1072 892
1072 1031
1073 893
1073 1030
1074 894
1074 1029
1075 894
1075 1028
1076 895
1076 1028
1077 895
1077 1027
1078 896
1078 1026
1079 897
1079 1025
1080 898
1080 1025
1081 898
1081 1024
1082 899
1082 1023
1083 900
1083 1022
1084 901
1084 1021
1085 902
1085 1020
1086 903
1086 1019
1087 904
1087 1018
1088 905
1088 906
1088 1016
1088 1017
1089 907
1089 1015
1090 908
1090 1014
1091 909
1091 1013
1092 910
1092 1012
1093 911
1093 912
1093 1011
1094 913
1094 1010
1095 914
1095 915
1095 1009
1096 916
1096 1007
1096 1008
1097 917
1097 1006
1098 918
1098 1005
1099 919
1099 920
1099 1002
1099 1003
1099 1004
1100 921
1100 922
1100 1000
1100 1001
1101 923
1101 999
1102 924
1102 925
1102 997
1102 998
1103 926
1103 927
1103 996
1104 928
1104 929
1104 933
1104 994
1104 995
1105 930
1105 931
1105 932
1105 934
1105 987
1105 991
1105 992
1105 993
1106 935
1106 936
1106 937
1106 983
1106 986
1106 988
1106 989
1106 990
1107 938
1107 939
1107 941
1107 942
1107 977
1107 978
1107 982
1107 984
1107 985
1108 940
1108 943
1108 946
1108 976
1108 979
1108 980
1108 981
1109 944
1109 945
1109 947
1109 949
1109 950
1109 951
1109 952
1109 953
1109 954
1109 955
1109 957
1109 958
1109 959
1109 960
1109 961
1109 962
1109 963
1109 964
1109 965
1109 966
1109 967
1109 968
1109 969
1109 970
1109 971
1109 973
1109 974
1109 975
1110 948
1110 956
1110 972
