780 1095
780 1096
780 1110
781 1082
781 1094
781 1097
781 1098
781 1099
781 1100
781 1101
781 1102
781 1103
781 1104
781 1105
781 1106
781 1107
781 1108
781 1109
781 1111
781 1121
781 1122
782 1067
782 1072
782 1073
782 1081
782 1083
782 1084
782 1085
782 1086
782 1087
782 1088
782 1089
782 1090
782 1091
782 1092
782 1093
782 1112
782 1113
782 1114
782 1115
782 1116
782 1117
782 1118
782 1119
782 1120
782 1123
782 1124
783 1063
783 1066
783 1068
783 1069
783 1070
783 1071
783 1074
783 1075
783 1076
783 1077
783 1078
783 1079
783 1080
783 1125
783 1130
783 1131
784 1058
784 1059
784 1062
784 1064
784 1065
784 1126
784 1127
784 1128
784 1129
784 1132
784 1136
784 1137
784 1138
785 1054
785 1057
785 1060
785 1061
785 1133
785 1134
785 1135
785 1139
785 1140
785 1141
786 1051
786 1052
786 1053
786 1055
786 1056
786 1142
786 1143
786 1144
787 1048
787 1049
787 1050
787 1145
787 1146
788 1045
788 1046
788 1047
788 1147
788 1148
788 1149
789 1042
789 1043
789 1044
789 1150
789 1151
790 1041
790 1152
790 1153
791 1038
791 1039
791 1040
791 1154
791 1155
792 1036
792 1037
792 1156
792 1157
793 1033
793 1034
793 1035
793 1158
793 1159
794 1031
794 1032
794 1160
794 1161
795 1027
795 1028
795 1029
795 1030
795 1162
795 1163
796 1025
796 1026
796 1164
797 1023
797 1024
797 1165
797 1166
798 1021
798 1022
798 1167
798 1168
799 1019
799 1020
799 1169
799 1170
800 1017
800 1018
800 1171
800 1172
801 1015
801 1016
801 1173
801 1174
802 1013
802 1014
802 1175
802 1176
803 1011
803 1012
803 1177
803 1178
804 1010
804 1179
805 1008
805 1009
805 1180
806 1006
806 1007
806 1181
806 1182
807 1005
807 1183
808 1003
808 1004
808 1184
809 1001
809 1002
809 1185
809 1186
810 999
810 1000
810 1187
811 998
811 1188
812 996
812 997
812 1189
813 995
813 1190
814 993
814 994
814 1191
814 1192
815 992
815 1193
816 990
816 991
816 1194
817 989
817 1195
817 1196
818 988
818 1197
818 1198
819 987
819 1199
819 1200
820 986
820 1201
821 985
821 1202
822 983
822 984
822 1203
823 982
823 1204
824 981
824 1205
825 980
825 1206
826 979
826 1207
826 1208
827 978
827 1209
828 977
828 1209
829 976
829 1209
830 975
830 1210
831 974
831 1211
832 973
832 1212
833 972
833 1213
834 971
834 1214
835 970
835 1215
836 969
836 1216
837 968
837 1217
838 967
838 1218
839 966
839 1219
840 965
840 1220
841 964
841 1221
842 963
842 1222
843 962
843 1223
844 961
844 1224
845 960
845 1225
846 960
846 1226
847 959
847 1227
848 958
848 1228
849 957
849 1229
850 956
850 1230
851 955
851 1231
852 954
852 1232
853 954
853 1233
854 953
854 1234
855 952
855 1235
856 951
856 1235
857 951
857 1236
858 951
858 1236
859 950
859 1237
860 949
860 1238
861 949
861 1238
862 948
862 1239
863 947
863 1240
864 947
864 1240
865 946
865 1241
866 945
866 1242
867 944
867 1242
868 943
868 1243
869 942
869 1244
870 942
870 1245
871 941
871 1246
872 940
872 1246
873 940
873 1247
874 939
874 1247
875 939
875 1248
876 938
876 1248
877 937
877 1249
878 937
878 1249
879 936
879 1250
880 936
880 1250
881 935
881 1250
882 935
882 1251
883 935
883 1251
884 934
884 1252
885 934
885 1252
886 933
886 1252
887 933
887 1253
888 932
888 1253
889 932
889 1253
890 932
890 1254
891 931
891 1254
892 931
892 1254
893 931
893 1254
894 930
894 1255
895 930
895 1256
896 929
896 1256
897 929
897 1257
898 929
898 1257
899 928
899 1257
900 928
900 1258
901 928
901 1258
902 927
902 1258
903 927
903 1259
904 927
904 1259
905 926
905 1259
906 926
906 1259
907 925
907 1260
908 925
908 1260
909 925
909 1260
910 925
910 1261
911 924
911 1261
912 924
912 1261
913 924
913 1261
914 923
914 1262
915 923
915 1262
916 923
916 1262
917 922
917 1262
918 922
918 1262
919 922
919 1263
920 921
920 1263
921 921
921 1263
922 921
922 1263
923 921
923 1263
924 921
924 1263
925 921
925 1263
926 921
926 1263
927 921
927 1263
928 921
928 1263
929 921
929 1263
930 921
930 1263
931 921
931 1263
932 921
932 1264
933 921
933 1265
934 921
934 1265
935 921
935 1265
936 921
936 1265
937 921
937 1265
938 921
938 1265
939 921
939 1265
940 921
940 1265
941 921
941 1265
942 921
942 1265
943 921
943 1265
944 921
944 1265
945 921
945 1265
946 921
946 1266
947 921
947 1266
948 921
948 1266
949 921
949 1266
950 921
950 1266
951 921
951 1266
952 921
952 1266
953 921
953 1266
954 921
954 1266
955 921
955 1266
956 921
956 1266
957 921
957 1266
958 921
958 1266
959 921
959 1266
960 921
960 1266
961 921
961 1266
962 921
962 1266
963 921
963 1266
964 921
964 1266
965 921
965 1266
966 921
966 1266
967 921
967 1266
968 921
968 1266
969 921
969 1266
970 921
970 1266
971 921
971 1266
972 922
972 1266
973 922
973 1265
974 922
974 1264
975 922
975 1264
976 922
976 1264
977 922
977 1264
978 922
978 1264
979 923
979 1264
980 923
980 1264
981 923
981 1264
982 923
982 1264
983 923
983 1264
984 923
984 1264
985 923
985 1264
986 923
986 1263
987 924
987 1263
988 924
988 1263
989 924
989 1263
990 924
990 1263
991 924
991 1263
992 924
992 1263
993 924
993 1263
994 924
994 1263
995 924
995 1263
996 924
996 1263
997 925
997 1263
998 925
998 1262
999 925
999 1262
1000 925
1000 1262
1001 925
1001 1262
1002 926
1002 1262
1003 926
1003 1262
1004 926
1004 1261
1005 927
1005 1261
1006 927
1006 1261
1007 927
1007 1261
1008 928
1008 1261
1009 928
1009 1260
1010 928
1010 1260
1011 929
1011 1260
1012 930
1012 1260
1013 930
1013 1260
1014 930
1014 1260
1015 931
1015 1259
1016 931
1016 1258
1017 931
1017 1258
1018 932
1018 1258
1019 932
1019 1258
1020 932
1020 1258
1021 933
1021 1258
1022 933
1022 1257
1023 933
1023 1257
1024 934
1024 1257
1025 934
1025 1257
1026 934
1026 1256
1027 934
1027 1256
1028 935
1028 1256
1029 935
1029 1256
1030 935
1030 1255
1031 936
1031 1255
1032 936
1032 1255
1033 937
1033 1254
1034 937
1034 1254
1035 937
1035 1254
1036 938
1036 1253
1037 938
1037 1253
1038 939
1038 1253
1039 939
1039 1253
1040 940
1040 1252
1041 940
1041 1251
1042 941
1042 1251
1043 941
1043 1250
1044 942
1044 1250
1045 942
1045 1249
1046 943
1046 1249
1047 943
1047 1248
1048 944
1048 1248
1049 944
1049 1247
1050 945
1050 1247
1051 946
1051 1246
1052 947
1052 1246
1053 947
1053 1245
1054 948
1054 1245
1055 948
1055 1245
1056 949
1056 1244
1057 950
1057 1244
1058 950
1058 1243
1059 951
1059 1242
1060 951
1060 1242
1061 952
1061 1241
1062 952
1062 1241
1063 953
1063 1240
1064 954
1064 1240
1065 954
1065 1239
1066 955
1066 1239
1067 955
1067 1238
1068 956
1068 1237
1069 957
1069 1237
1070 957
1070 1236
1071 958
1071 1236
1072 958
1072 1235
1073 959
1073 1234
1074 959
1074 1234
1075 960
1075 961
1075 1233
1076 962
1076 1232
1077 963
1077 1231
1078 964
1078 1230
1079 965
1079 1230
1080 966
1080 1229
1081 967
1081 1228
1082 968
1082 1227
1083 969
1083 1226
1084 970
1084 1225
1085 971
1085 1224
1086 972
1086 1223
1087 973
1087 1222
1088 974
1088 1221
1089 975
1089 1220
1090 976
1090 1219
1091 977
1091 1218
1092 978
1092 1217
1093 979
1093 1216
1094 980
1094 1215
1095 980
1095 1214
1096 981
1096 1213
1097 982
1097 1211
1097 1212
1098 983
1098 1210
1099 984
1099 1209
1100 985
1100 1207
1100 1208
1101 986
1101 1206
1102 987
1102 1205
1103 988
1103 1204
1104 989
1104 990
1104 1202
1104 1203
1105 991
1105 1201
1106 992
1106 993
1106 1200
1107 994
1107 1199
1108 995
1108 996
1108 1198
1109 997
1109 998
1109 1196
1109 1197
1110 999
1110 1195
1111 1000
1111 1001
1111 1194
1112 1002
1112 1003
1112 1192
1112 1193
1113 1004
1113 1005
1113 1191
1114 1006
1114 1190
1115 1007
1115 1008
1115 1188
1115 1189
1116 1009
1116 1187
1117 1010
1117 1011
1117 1185
1117 1186
1118 1012
1118 1184
1119 1013
1119 1014
1119 1183
1120 1015
1120 1016
1120 1181
1120 1182
1121 1017
1121 1018
1121 1180
1122 1019
1122 1020
1122 1177
1122 1178
1122 1179
1123 1021
1123 1022
1123 1175
1123 1176
1124 1023
1124 1024
1124 1172
1124 1173
1124 1174
1125 1025
1125 1026
1125 1170
1125 1171
1126 1027
1126 1028
1126 1168
1126 1169
1127 1029
1127 1030
1127 1031
1127 1165
1127 1166
1127 1167
1128 1032
1128 1033
1128 1034
1128 1163
1128 1164
1129 1035
1129 1036
1129 1037
1129 1160
1129 1161
1129 1162
1130 1038
1130 1039
1130 1040
1130 1042
1130 1157
1130 1158
1130 1159
1131 1041
1131 1043
1131 1154
1131 1155
1131 1156
1132 1044
1132 1045
1132 1046
1132 1147
1132 1150
1132 1151
1132 1152
1132 1153
1133 1047
1133 1048
1133 1049
1133 1146
1133 1148
1133 1149
1134 1050
1134 1051
1134 1052
1134 1055
1134 1056
1134 1140
1134 1143
1134 1144
1134 1145
1135 1053
1135 1054
1135 1057
1135 1060
1135 1061
1135 1133
1135 1134
1135 1135
1135 1136
1135 1139
1135 1141
1135 1142
1136 1058
1136 1059
1136 1062
1136 1065
1136 1066
1136 1126
1136 1127
1136 1128
1136 1129
1136 1132
1136 1137
1136 1138
1137 1063
1137 1064
1137 1067
1137 1069
1137 1070
1137 1071
1137 1072
1137 1073
1137 1074
1137 1075
1137 1117
1137 1118
1137 1119
1137 1120
1137 1121
1137 1122
1137 1123
1137 1125
1137 1130
1137 1131
1138 1068
1138 1076
1138 1079
1138 1080
1138 1081
1138 1083
1138 1084
1138 1085
1138 1086
1138 1087
1138 1088
1138 1089
1138 1090
1138 1091
1138 1092
1138 1093
1138 1094
1138 1111
1138 1112
1138 1113
1138 1116
1138 1124
1139 1077
1139 1078
1139 1082
1139 1095
1139 1097
1139 1098
1139 1099
1139 1100
1139 1101
1139 1102
1139 1103
1139 1104
1139 1105
1139 1106
1139 1107
1139 1108
1139 1110
1139 1114
1139 1115
1140 1096
1140 1109
