857 1089
857 1097
857 1104
857 1105
858 1081
858 1088
858 1090
858 1091
858 1092
858 1093
858 1094
858 1095
858 1096
858 1098
858 1099
858 1100
858 1101
858 1102
858 1103
858 1106
858 1113
859 1073
859 1080
859 1082
859 1083
859 1084
859 1085
859 1086
859 1087
859 1107
859 1108
859 1109
859 1110
859 1111
859 1112
859 1114
859 1119
859 1120
859 1121
860 1070
860 1071
860 1072
860 1074
860 1075
860 1076
860 1077
860 1078
860 1079
860 1115
860 1116
860 1117
860 1118
860 1122
860 1125
860 1126
861 1068
861 1069
861 1123
861 1124
861 1127
861 1129
862 1065
862 1067
862 1128
862 1130
862 1132
862 1133
863 1062
863 1063
863 1064
863 1066
863 1131
863 1134
863 1135
863 1136
863 1137
864 1058
864 1059
864 1060
864 1061
864 1138
864 1139
864 1140
865 1056
865 1057
865 1141
865 1142
866 1054
866 1055
866 1143
866 1144
867 1052
867 1053
867 1145
868 1050
868 1051
868 1146
868 1147
868 1148
869 1049
869 1149
869 1150
870 1047
870 1048
870 1151
870 1152
871 1045
871 1046
871 1153
871 1154
872 1044
872 1155
872 1156
873 1043
873 1157
873 1158
874 1042
874 1159
875 1041
875 1160
875 1161
876 1040
876 1162
877 1039
877 1163
877 1164
878 1038
878 1165
879 1037
879 1166
880 1036
880 1167
880 1168
881 1035
881 1169
882 1034
882 1170
883 1033
883 1171
884 1032
884 1172
885 1031
885 1173
885 1174
886 1030
886 1175
887 1029
887 1176
888 1028
888 1177
889 1027
889 1178
890 1026
890 1179
891 1025
891 1179
892 1025
892 1180
893 1024
893 1181
894 1023
894 1181
895 1022
895 1182
896 1021
896 1182
897 1020
897 1183
898 1020
898 1183
899 1019
899 1184
900 1018
900 1184
901 1017
901 1185
902 1017
902 1185
903 1017
903 1186
904 1016
904 1186
905 1016
905 1186
906 1015
906 1186
907 1014
907 1187
908 1014
908 1187
909 1013
909 1188
910 1012
910 1188
911 1011
911 1189
912 1011
912 1189
913 1010
913 1190
914 1010
914 1191
915 1009
915 1192
916 1008
916 1192
917 1007
917 1193
918 1007
918 1194
919 1006
919 1194
920 1006
920 1194
921 1005
921 1195
922 1005
922 1195
923 1004
923 1196
924 1004
924 1196
925 1004
925 1197
926 1003
926 1197
927 1003
927 1198
928 1003
928 1199
929 1003
929 1199
930 1002
930 1199
931 1002
931 1200
932 1002
932 1200
933 1002
933 1200
934 1001
934 1200
935 1001
935 1200
936 1001
936 1201
937 1000
937 1201
938 1000
938 1201
939 1000
939 1201
940 999
940 1201
941 999
941 1201
942 999
942 1201
943 999
943 1201
944 998
944 1202
945 998
945 1202
946 998
946 1202
947 997
947 1202
948 997
948 1202
949 997
949 1202
950 997
950 1202
951 997
951 1203
952 997
952 1203
953 997
953 1203
954 997
954 1203
955 997
955 1203
956 997
956 1203
957 997
957 1203
958 997
958 1203
959 997
959 1204
960 997
960 1204
961 997
961 1204
962 997
962 1204
963 997
963 1204
964 997
964 1204
965 997
965 1204
966 997
966 1204
967 997
967 1204
968 997
968 1204
969 997
969 1203
970 997
970 1203
971 997
971 1203
972 997
972 1203
973 998
973 1203
974 998
974 1203
975 998
975 1203
976 998
976 1202
977 998
977 1201
978 998
978 1201
979 998
979 1201
980 998
980 1201
981 998
981 1201
982 998
982 1201
983 999
983 1201
984 999
984 1201
985 999
985 1201
986 999
986 1200
987 999
987 1200
988 999
988 1200
989 999
989 1200
990 1000
990 1200
991 1000
991 1200
992 1000
992 1200
993 1000
993 1200
994 1001
994 1199
995 1001
995 1199
996 1001
996 1199
997 1002
997 1199
998 1002
998 1198
999 1003
999 1198
1000 1003
1000 1198
1001 1004
1001 1197
1002 1004
1002 1196
1003 1005
1003 1196
1004 1005
1004 1195
1005 1006
1005 1195
1006 1006
1006 1195
1007 1007
1007 1194
1008 1007
1008 1194
1009 1008
1009 1193
1010 1008
1010 1192
1011 1009
1011 1192
1012 1010
1012 1192
1013 1010
1013 1191
1014 1011
1014 1191
1015 1012
1015 1190
1016 1012
1016 1190
1017 1013
1017 1189
1018 1014
1018 1189
1019 1015
1019 1188
1020 1015
1020 1188
1021 1016
1021 1187
1022 1017
1022 1186
1023 1018
1023 1186
1024 1018
1024 1185
1025 1019
1025 1184
1026 1019
1026 1183
1027 1020
1027 1182
1028 1021
1028 1181
1029 1022
1029 1180
1030 1023
1030 1179
1031 1024
1031 1179
1032 1025
1032 1178
1033 1026
1033 1177
1034 1027
1034 1176
1035 1028
1035 1175
1036 1029
1036 1174
1037 1030
1037 1173
1038 1031
1038 1172
1039 1032
1039 1170
1039 1171
1040 1033
1040 1169
1041 1034
1041 1168
1042 1035
1042 1166
1042 1167
1043 1036
1043 1037
1043 1038
1043 1164
1043 1165
1044 1039
1044 1163
1045 1040
1045 1041
1045 1161
1045 1162
1046 1042
1046 1160
1047 1043
1047 1159
1048 1044
1048 1158
1049 1045
1049 1046
1049 1156
1049 1157
1050 1047
1050 1154
1050 1155
1051 1048
1051 1049
1051 1151
1051 1152
1051 1153
1052 1050
1052 1051
1052 1052
1052 1149
1052 1150
1053 1053
1053 1054
1053 1147
1053 1148
1054 1055
1054 1056
1054 1146
1055 1057
1055 1145
1056 1058
1056 1059
1056 1143
1056 1144
1057 1060
1057 1061
1057 1137
1057 1141
1057 1142
1058 1062
1058 1063
1058 1136
1058 1138
1058 1139
1058 1140
1059 1064
1059 1065
1059 1066
1059 1133
1059 1134
1059 1135
1060 1067
1060 1068
1060 1069
1060 1127
1060 1128
1060 1130
1060 1131
1060 1132
1061 1070
1061 1071
1061 1072
1061 1074
1061 1075
1061 1076
1061 1123
1061 1126
1061 1129
1062 1073
1062 1077
1062 1122
1062 1124
1062 1125
1063 1078
1063 1079
1063 1080
1063 1082
1063 1083
1063 1084
1063 1085
1063 1086
1063 1087
1063 1117
1063 1120
1063 1121
1064 1081
1064 1088
1064 1090
1064 1091
1064 1092
1064 1093
1064 1094
1064 1095
1064 1096
1064 1098
1064 1099
1064 1100
1064 1101
1064 1102
1064 1103
1064 1104
1064 1105
1064 1106
1064 1107
1064 1108
1064 1109
1064 1110
1064 1111
1064 1112
1064 1116
1064 1118
1064 1119
1065 1089
1065 1097
1065 1113
1065 1114
1065 1115
