657 1214
657 1215
658 1206
658 1207
658 1213
658 1216
658 1231
659 1198
659 1199
659 1205
659 1208
659 1209
659 1210
659 1211
659 1212
659 1217
659 1218
659 1219
659 1220
659 1221
659 1222
659 1223
659 1224
659 1225
659 1226
659 1227
659 1228
659 1229
659 1230
659 1232
659 1238
659 1239
660 1191
660 1192
660 1197
660 1200
660 1201
660 1202
660 1203
660 1204
660 1233
660 1234
660 1235
660 1236
660 1237
660 1240
660 1246
661 1183
661 1184
661 1185
661 1190
661 1193
661 1194
661 1195
661 1196
661 1241
661 1242
661 1243
661 1244
661 1245
661 1247
661 1254
661 1255
662 1179
662 1180
662 1182
662 1186
662 1187
662 1188
662 1189
662 1248
662 1249
662 1250
662 1251
662 1252
662 1253
662 1256
662 1262
663 1175
663 1176
663 1178
663 1181
663 1257
663 1258
663 1259
663 1260
663 1261
663 1263
663 1264
663 1265
664 1171
664 1172
664 1174
664 1177
664 1266
664 1267
664 1268
665 1167
665 1170
665 1173
665 1269
665 1270
665 1271
666 1164
666 1165
666 1166
666 1168
666 1169
666 1272
666 1273
667 1161
667 1162
667 1163
667 1274
667 1275
667 1276
667 1277
668 1158
668 1159
668 1160
668 1278
668 1279
668 1280
669 1155
669 1156
669 1157
669 1281
669 1282
670 1153
670 1154
670 1283
670 1284
670 1285
671 1150
671 1151
671 1152
671 1286
671 1287
672 1147
672 1148
672 1149
672 1288
672 1289
673 1144
673 1145
673 1146
673 1290
673 1291
674 1141
674 1142
674 1143
674 1292
675 1138
675 1139
675 1140
675 1293
675 1294
676 1136
676 1137
676 1295
676 1296
677 1133
677 1134
677 1135
677 1297
678 1131
678 1132
678 1298
678 1299
679 1129
679 1130
679 1300
679 1301
680 1127
680 1128
680 1302
681 1125
681 1126
681 1303
681 1304
682 1123
682 1124
682 1305
683 1121
683 1122
683 1306
683 1307
684 1120
684 1308
685 1118
685 1119
685 1309
686 1116
686 1117
686 1310
687 1115
687 1311
688 1113
688 1114
688 1312
689 1112
689 1313
690 1110
690 1111
690 1314
691 1108
691 1109
691 1315
692 1107
692 1316
693 1105
693 1106
693 1317
694 1104
694 1317
695 1102
695 1103
695 1318
696 1100
696 1101
696 1319
697 1099
697 1320
698 1096
698 1097
698 1098
698 1321
699 1095
699 1322
700 1094
700 1323
701 1093
701 1324
702 1092
702 1325
703 1091
703 1326
704 1090
704 1327
705 1089
705 1328
706 1088
706 1329
707 1087
707 1330
708 1086
708 1331
709 1085
709 1332
710 1085
710 1333
711 1084
711 1334
712 1083
712 1335
713 1082
713 1336
714 1081
714 1337
715 1080
715 1338
716 1079
716 1338
717 1078
717 1339
718 1077
718 1340
719 1076
719 1341
720 1075
720 1342
721 1074
721 1343
722 1074
722 1344
723 1073
723 1345
724 1072
724 1346
725 1071
725 1347
726 1071
726 1348
727 1070
727 1349
728 1069
728 1350
729 1068
729 1351
730 1067
730 1352
731 1066
731 1353
732 1065
732 1354
733 1064
733 1355
734 1063
734 1356
735 1062
735 1357
736 1061
736 1358
737 1061
737 1358
738 1060
738 1359
739 1059
739 1360
740 1059
740 1361
741 1058
741 1362
742 1057
742 1362
743 1056
743 1363
744 1056
744 1364
745 1055
745 1365
746 1055
746 1365
747 1054
747 1366
748 1053
748 1366
749 1053
749 1367
750 1052
750 1368
751 1051
751 1369
752 1051
752 1369
753 1050
753 1370
754 1049
754 1371
755 1049
755 1371
756 1048
756 1372
757 1048
757 1373
758 1047
758 1373
759 1047
759 1374
760 1046
760 1374
761 1045
761 1375
762 1045
762 1376
763 1044
763 1377
764 1044
764 1377
765 1043
765 1378
766 1042
766 1378
767 1042
767 1379
768 1041
768 1379
769 1041
769 1380
770 1040
770 1380
771 1039
771 1381
772 1039
772 1381
773 1038
773 1381
774 1038
774 1382
775 1037
775 1383
776 1037
776 1383
777 1037
777 1384
778 1036
778 1384
779 1036
779 1385
780 1036
780 1385
781 1035
781 1386
782 1035
782 1386
783 1035
783 1386
784 1034
784 1387
785 1034
785 1387
786 1033
786 1387
787 1032
787 1387
788 1032
788 1388
789 1032
789 1388
790 1031
790 1389
791 1031
791 1389
792 1031
792 1389
793 1030
793 1390
794 1030
794 1390
795 1029
795 1391
796 1029
796 1391
797 1029
797 1391
798 1028
798 1392
799 1028
799 1392
800 1028
800 1392
801 1028
801 1393
802 1027
802 1394
803 1027
803 1394
804 1027
804 1394
805 1026
805 1395
806 1026
806 1395
807 1026
807 1395
808 1025
808 1396
809 1025
809 1396
810 1025
810 1396
811 1024
811 1396
812 1024
812 1397
813 1024
813 1397
814 1024
814 1397
815 1023
815 1397
816 1023
816 1398
817 1023
817 1398
818 1023
818 1398
819 1023
819 1398
820 1023
820 1398
821 1022
821 1398
822 1022
822 1399
823 1022
823 1399
824 1022
824 1399
825 1022
825 1399
826 1022
826 1399
827 1022
827 1399
828 1022
828 1399
829 1022
829 1399
830 1021
830 1400
831 1021
831 1400
832 1021
832 1400
833 1021
833 1400
834 1021
834 1400
835 1021
835 1400
836 1021
836 1400
837 1021
837 1400
838 1020
838 1400
839 1020
839 1400
840 1020
840 1400
841 1020
841 1400
842 1020
842 1400
843 1020
843 1400
844 1020
844 1400
845 1020
845 1400
846 1020
846 1400
847 1020
847 1400
848 1020
848 1400
849 1019
849 1400
850 1019
850 1400
851 1019
851 1400
852 1019
852 1400
853 1019
853 1400
854 1019
854 1400
855 1019
855 1400
856 1019
856 1400
857 1019
857 1400
858 1019
858 1400
859 1019
859 1401
860 1019
860 1401
861 1019
861 1401
862 1019
862 1401
863 1019
863 1401
864 1019
864 1401
865 1019
865 1401
866 1019
866 1400
867 1019
867 1400
868 1019
868 1400
869 1019
869 1400
870 1019
870 1400
871 1019
871 1399
872 1019
872 1399
873 1019
873 1399
874 1020
874 1399
875 1020
875 1399
876 1020
876 1398
877 1020
877 1398
878 1020
878 1398
879 1020
879 1397
880 1020
880 1397
881 1020
881 1397
882 1021
882 1397
883 1021
883 1396
884 1021
884 1396
885 1021
885 1396
886 1021
886 1396
887 1021
887 1395
888 1021
888 1395
889 1021
889 1395
890 1022
890 1395
891 1022
891 1394
892 1022
892 1393
893 1022
893 1393
894 1022
894 1393
895 1022
895 1392
896 1022
896 1392
897 1022
897 1392
898 1022
898 1392
899 1022
899 1391
900 1022
900 1391
901 1022
901 1391
902 1022
902 1390
903 1022
903 1390
904 1022
904 1390
905 1023
905 1389
906 1023
906 1389
907 1024
907 1389
908 1024
908 1388
909 1024
909 1388
910 1025
910 1388
911 1025
911 1387
912 1025
912 1387
913 1026
913 1387
914 1026
914 1386
915 1026
915 1386
916 1027
916 1386
917 1027
917 1385
918 1027
918 1385
919 1028
919 1385
920 1028
920 1385
921 1029
921 1385
922 1029
922 1384
923 1030
923 1384
924 1030
924 1383
925 1030
925 1383
926 1031
926 1383
927 1031
927 1382
928 1032
928 1382
929 1032
929 1382
930 1032
930 1381
931 1033
931 1381
932 1033
932 1381
933 1033
933 1381
934 1033
934 1380
935 1033
935 1380
936 1034
936 1380
937 1034
937 1379
938 1035
938 1379
939 1035
939 1379
940 1035
940 1378
941 1036
941 1378
942 1036
942 1378
943 1037
943 1377
944 1037
944 1376
945 1038
945 1376
946 1038
946 1376
947 1038
947 1376
948 1039
948 1376
949 1040
949 1375
950 1040
950 1375
951 1041
951 1375
952 1041
952 1374
953 1042
953 1374
954 1043
954 1374
955 1043
955 1373
956 1044
956 1373
957 1044
957 1373
958 1045
958 1372
959 1045
959 1372
960 1046
960 1371
961 1047
961 1371
962 1048
962 1370
963 1048
963 1370
964 1049
964 1370
965 1049
965 1369
966 1050
966 1369
967 1051
967 1368
968 1051
968 1368
969 1052
969 1367
970 1052
970 1366
971 1053
971 1366
972 1054
972 1366
973 1054
973 1365
974 1055
974 1365
975 1055
975 1364
976 1056
976 1364
977 1056
977 1364
978 1057
978 1363
979 1058
979 1363
980 1058
980 1362
981 1059
981 1362
982 1060
982 1361
983 1060
983 1361
984 1061
984 1361
985 1062
985 1360
986 1062
986 1359
987 1063
987 1359
988 1064
988 1065
988 1358
989 1066
989 1358
990 1067
990 1357
991 1068
991 1356
992 1069
992 1356
993 1070
993 1355
994 1071
994 1354
995 1072
995 1354
996 1073
996 1353
997 1074
997 1352
998 1075
998 1352
999 1076
999 1351
1000 1077
1000 1350
1001 1078
1001 1350
1002 1079
1002 1349
1003 1080
1003 1348
1004 1081
1004 1348
1005 1082
1005 1347
1006 1083
1006 1346
1007 1084
1007 1346
1008 1085
1008 1345
1009 1086
1009 1344
1010 1087
1010 1344
1011 1088
1011 1343
1012 1089
1012 1342
1013 1090
1013 1341
1014 1091
1014 1340
1015 1092
1015 1339
1016 1093
1016 1338
1017 1094
1017 1337
1018 1095
1018 1096
1018 1336
1019 1097
1019 1335
1020 1097
1020 1334
1021 1098
1021 1333
1022 1099
1022 1100
1022 1332
1023 1101
1023 1332
1024 1102
1024 1103
1024 1330
1024 1331
1025 1104
1025 1329
1026 1105
1026 1106
1026 1328
1027 1107
1027 1108
1027 1326
1027 1327
1028 1109
1028 1325
1029 1110
1029 1111
1029 1324
1030 1112
1030 1113
1030 1322
1030 1323
1031 1114
1031 1321
1032 1115
1032 1116
1032 1319
1032 1320
1033 1117
1033 1118
1033 1317
1033 1318
1034 1119
1034 1316
1035 1120
1035 1121
1035 1315
1036 1122
1036 1314
1037 1123
1037 1124
1037 1125
1037 1312
1037 1313
1038 1126
1038 1127
1038 1311
1039 1128
1039 1129
1039 1310
1040 1130
1040 1131
1040 1308
1040 1309
1041 1132
1041 1133
1041 1307
1042 1134
1042 1135
1042 1306
1043 1136
1043 1137
1043 1303
1043 1304
1043 1305
1044 1138
1044 1139
1044 1301
1044 1302
1045 1140
1045 1141
1045 1142
1045 1298
1045 1299
1045 1300
1046 1143
1046 1144
1046 1145
1046 1296
1046 1297
1047 1146
1047 1147
1047 1148
1047 1291
1047 1293
1047 1294
1047 1295
1048 1149
1048 1150
1048 1290
1048 1292
1049 1151
1049 1152
1049 1153
1049 1284
1049 1287
1049 1288
1049 1289
1050 1154
1050 1155
1050 1281
1050 1283
1050 1285
1050 1286
1051 1156
1051 1157
1051 1158
1051 1276
1051 1280
1051 1282
1052 1159
1052 1160
1052 1161
1052 1275
1052 1277
1052 1278
1052 1279
1053 1162
1053 1163
1053 1164
1053 1269
1053 1272
1053 1273
1053 1274
1054 1165
1054 1166
1054 1167
1054 1169
1054 1170
1054 1171
1054 1266
1054 1268
1054 1270
1054 1271
1055 1168
1055 1172
1055 1175
1055 1176
1055 1265
1055 1267
1056 1173
1056 1174
1056 1177
1056 1180
1056 1181
1056 1255
1056 1256
1056 1257
1056 1258
1056 1259
1056 1260
1056 1262
1056 1263
1056 1264
1057 1178
1057 1179
1057 1182
1057 1184
1057 1185
1057 1186
1057 1187
1057 1188
1057 1239
1057 1240
1057 1241
1057 1242
1057 1243
1057 1244
1057 1246
1057 1247
1057 1248
1057 1249
1057 1250
1057 1251
1057 1254
1057 1261
1058 1183
1058 1189
1058 1192
1058 1193
1058 1194
1058 1195
1058 1196
1058 1232
1058 1233
1058 1234
1058 1235
1058 1238
1058 1245
1058 1252
1058 1253
1059 1190
1059 1191
1059 1197
1059 1200
1059 1201
1059 1202
1059 1203
1059 1204
1059 1205
1059 1206
1059 1207
1059 1208
1059 1209
1059 1214
1059 1215
1059 1216
1059 1217
1059 1218
1059 1219
1059 1220
1059 1221
1059 1222
1059 1223
1059 1224
1059 1225
1059 1226
1059 1227
1059 1228
1059 1229
1059 1231
1059 1236
1059 1237
1060 1198
1060 1199
1060 1210
1060 1213
1060 1230
1061 1211
1061 1212
