693 1202
694 1189
694 1193
694 1194
694 1201
694 1203
694 1212
694 1213
694 1215
695 1185
695 1186
695 1188
695 1190
695 1191
695 1192
695 1195
695 1196
695 1197
695 1198
695 1199
695 1200
695 1204
695 1205
695 1206
695 1207
695 1208
695 1209
695 1210
695 1211
695 1214
695 1216
695 1218
695 1219
696 1181
696 1182
696 1184
696 1187
696 1217
696 1220
696 1221
696 1222
697 1176
697 1177
697 1178
697 1180
697 1183
697 1223
697 1224
697 1225
698 1173
698 1175
698 1179
698 1226
698 1227
698 1228
699 1170
699 1172
699 1174
699 1229
699 1230
699 1231
700 1167
700 1169
700 1171
700 1232
700 1233
701 1164
701 1166
701 1168
701 1234
701 1235
701 1236
702 1161
702 1162
702 1163
702 1165
702 1237
702 1238
703 1159
703 1160
703 1239
703 1240
704 1157
704 1158
704 1241
704 1242
704 1243
705 1155
705 1156
705 1244
705 1245
705 1246
706 1153
706 1154
706 1247
706 1248
707 1152
707 1249
707 1250
707 1251
708 1150
708 1151
708 1252
709 1148
709 1149
709 1253
709 1254
709 1255
710 1146
710 1147
710 1256
710 1257
711 1144
711 1145
711 1258
711 1259
711 1260
712 1142
712 1143
712 1261
712 1262
712 1263
713 1140
713 1141
713 1264
713 1265
714 1139
714 1266
714 1267
715 1137
715 1138
715 1268
715 1269
716 1136
716 1270
717 1135
717 1271
717 1272
718 1133
718 1134
718 1273
719 1132
719 1274
720 1131
720 1275
720 1276
721 1130
721 1277
722 1129
722 1278
722 1279
723 1128
723 1280
724 1127
724 1281
724 1282
725 1125
725 1126
725 1283
726 1124
726 1284
727 1123
727 1285
727 1286
728 1122
728 1287
729 1120
729 1121
729 1288
730 1119
730 1289
731 1118
731 1290
732 1117
732 1291
733 1115
733 1116
733 1292
734 1114
734 1293
735 1113
735 1293
736 1112
736 1294
737 1111
737 1295
738 1110
738 1296
739 1109
739 1297
740 1108
740 1298
741 1107
741 1299
742 1106
742 1300
743 1105
743 1300
744 1104
744 1301
745 1104
745 1302
746 1103
746 1303
747 1102
747 1304
748 1102
748 1305
749 1101
749 1305
750 1100
750 1306
751 1099
751 1307
752 1098
752 1308
753 1098
753 1308
754 1097
754 1309
755 1096
755 1310
756 1095
756 1311
757 1094
757 1311
758 1093
758 1312
759 1092
759 1313
760 1092
760 1314
761 1091
761 1314
762 1090
762 1315
763 1089
763 1316
764 1089
764 1317
765 1088
765 1318
766 1087
766 1319
767 1086
767 1319
768 1086
768 1320
769 1085
769 1321
770 1084
770 1321
771 1084
771 1322
772 1083
772 1322
773 1082
773 1323
774 1082
774 1323
775 1081
775 1324
776 1080
776 1324
777 1079
777 1325
778 1078
778 1325
779 1077
779 1326
780 1077
780 1326
781 1076
781 1327
782 1075
782 1327
783 1075
783 1327
784 1074
784 1328
785 1073
785 1328
786 1073
786 1328
787 1072
787 1329
788 1072
788 1329
789 1072
789 1329
790 1071
790 1329
791 1071
791 1330
792 1070
792 1331
793 1070
793 1331
794 1069
794 1331
795 1069
795 1332
796 1069
796 1332
797 1068
797 1332
798 1068
798 1333
799 1067
799 1333
800 1067
800 1333
801 1066
801 1333
802 1066
802 1334
803 1065
803 1334
804 1065
804 1334
805 1064
805 1334
806 1064
806 1335
807 1064
807 1335
808 1063
808 1335
809 1063
809 1335
810 1062
810 1335
811 1062
811 1335
812 1061
812 1335
813 1061
813 1335
814 1060
814 1335
815 1060
815 1335
816 1060
816 1335
817 1060
817 1335
818 1059
818 1335
819 1059
819 1335
820 1059
820 1335
821 1058
821 1336
822 1058
822 1336
823 1058
823 1336
824 1058
824 1336
825 1057
825 1336
826 1057
826 1336
827 1057
827 1336
828 1057
828 1336
829 1057
829 1336
830 1056
830 1336
831 1056
831 1336
832 1056
832 1336
833 1056
833 1336
834 1056
834 1336
835 1056
835 1336
836 1056
836 1336
837 1056
837 1336
838 1056
838 1336
839 1055
839 1336
840 1055
840 1336
841 1055
841 1335
842 1055
842 1335
843 1055
843 1335
844 1055
844 1335
845 1055
845 1335
846 1055
846 1335
847 1055
847 1335
848 1055
848 1335
849 1055
849 1335
850 1055
850 1335
851 1055
851 1335
852 1055
852 1335
853 1055
853 1335
854 1055
854 1335
855 1055
855 1335
856 1055
856 1335
857 1055
857 1335
858 1055
858 1335
859 1054
859 1335
860 1054
860 1334
861 1054
861 1334
862 1054
862 1334
863 1054
863 1334
864 1054
864 1334
865 1054
865 1334
866 1054
866 1334
867 1054
867 1334
868 1054
868 1334
869 1054
869 1333
870 1054
870 1332
871 1054
871 1332
872 1054
872 1332
873 1054
873 1332
874 1054
874 1332
875 1054
875 1332
876 1054
876 1332
877 1054
877 1332
878 1054
878 1331
879 1054
879 1331
880 1054
880 1331
881 1054
881 1331
882 1055
882 1331
883 1055
883 1330
884 1056
884 1330
885 1056
885 1330
886 1056
886 1330
887 1056
887 1330
888 1056
888 1329
889 1056
889 1329
890 1056
890 1329
891 1057
891 1329
892 1057
892 1329
893 1057
893 1328
894 1057
894 1328
895 1057
895 1328
896 1057
896 1328
897 1057
897 1327
898 1057
898 1327
899 1057
899 1327
900 1057
900 1327
901 1057
901 1326
902 1057
902 1326
903 1057
903 1326
904 1058
904 1326
905 1058
905 1325
906 1058
906 1324
907 1058
907 1324
908 1058
908 1324
909 1058
909 1324
910 1059
910 1324
911 1059
911 1324
912 1060
912 1323
913 1060
913 1323
914 1060
914 1323
915 1061
915 1323
916 1061
916 1323
917 1062
917 1323
918 1062
918 1322
919 1062
919 1322
920 1063
920 1322
921 1064
921 1322
922 1064
922 1321
923 1065
923 1321
924 1065
924 1321
925 1066
925 1321
926 1066
926 1320
927 1067
927 1320
928 1067
928 1320
929 1068
929 1320
930 1068
930 1319
931 1069
931 1319
932 1069
932 1319
933 1070
933 1318
934 1070
934 1317
935 1071
935 1317
936 1071
936 1317
937 1072
937 1316
938 1072
938 1316
939 1073
939 1316
940 1073
940 1315
941 1074
941 1315
942 1074
942 1315
943 1075
943 1314
944 1075
944 1314
945 1075
945 1314
946 1076
946 1314
947 1077
947 1314
948 1078
948 1313
949 1079
949 1313
950 1079
950 1312
951 1080
951 1312
952 1081
952 1312
953 1082
953 1311
954 1083
954 1311
955 1083
955 1311
956 1084
956 1311
957 1085
957 1310
958 1086
958 1310
959 1087
959 1310
960 1087
960 1309
961 1088
961 1309
962 1089
962 1309
963 1090
963 1308
964 1091
964 1308
965 1092
965 1308
966 1093
966 1307
967 1094
967 1306
968 1095
968 1305
969 1096
969 1305
970 1097
970 1304
971 1098
971 1304
972 1099
972 1303
973 1100
973 1303
974 1100
974 1303
975 1101
975 1302
976 1102
976 1302
977 1103
977 1301
978 1104
978 1300
979 1105
979 1300
980 1106
980 1107
980 1299
981 1108
981 1298
982 1109
982 1298
983 1110
983 1111
983 1297
984 1112
984 1296
985 1113
985 1296
986 1114
986 1295
987 1115
987 1294
988 1116
988 1294
989 1117
989 1118
989 1294
990 1119
990 1293
991 1120
991 1121
991 1292
992 1122
992 1291
993 1123
993 1291
994 1124
994 1125
994 1290
995 1126
995 1289
996 1127
996 1288
997 1128
997 1288
998 1129
998 1286
998 1287
999 1130
999 1285
1000 1131
1000 1132
1000 1284
1001 1133
1001 1283
1002 1134
1002 1135
1002 1282
1003 1136
1003 1280
1003 1281
1004 1137
1004 1138
1004 1279
1005 1139
1005 1278
1006 1140
1006 1141
1006 1277
1007 1142
1007 1143
1007 1276
1008 1144
1008 1145
1008 1274
1008 1275
1009 1146
1009 1147
1009 1273
1010 1148
1010 1272
1011 1149
1011 1150
1011 1270
1011 1271
1012 1151
1012 1152
1012 1269
1013 1153
1013 1154
1013 1267
1013 1268
1014 1155
1014 1156
1014 1265
1014 1266
1015 1157
1015 1158
1015 1264
1016 1159
1016 1160
1016 1262
1016 1263
1017 1161
1017 1162
1017 1260
1017 1261
1018 1163
1018 1164
1018 1165
1018 1259
1019 1166
1019 1167
1019 1168
1019 1257
1019 1258
1020 1169
1020 1170
1020 1171
1020 1255
1020 1256
1021 1172
1021 1173
1021 1254
1022 1174
1022 1175
1022 1176
1022 1178
1022 1252
1022 1253
1023 1177
1023 1179
1023 1182
1023 1250
1023 1251
1024 1180
1024 1181
1024 1183
1024 1185
1024 1248
1024 1249
1025 1184
1025 1186
1025 1190
1025 1191
1025 1246
1025 1247
1026 1187
1026 1188
1026 1189
1026 1192
1026 1195
1026 1196
1026 1244
1026 1245
1027 1193
1027 1194
1027 1197
1027 1200
1027 1235
1027 1236
1027 1237
1027 1238
1027 1239
1027 1240
1027 1242
1027 1243
1028 1198
1028 1199
1028 1201
1028 1203
1028 1204
1028 1205
1028 1206
1028 1207
1028 1208
1028 1209
1028 1210
1028 1211
1028 1212
1028 1213
1028 1214
1028 1215
1028 1216
1028 1217
1028 1218
1028 1219
1028 1220
1028 1221
1028 1222
1028 1223
1028 1224
1028 1225
1028 1226
1028 1227
1028 1229
1028 1230
1028 1231
1028 1234
1028 1241
1029 1202
1029 1228
1029 1232
1029 1233
