687 984
687 985
688 969
688 983
688 986
688 1000
689 964
689 965
689 968
689 970
689 971
689 972
689 973
689 974
689 975
689 976
689 977
689 978
689 979
689 980
689 981
689 982
689 987
689 988
689 989
689 990
689 991
689 992
689 993
689 994
689 995
689 996
689 997
689 998
689 999
689 1001
689 1008
689 1009
690 959
690 960
690 963
690 966
690 967
690 1002
690 1003
690 1004
690 1005
690 1006
690 1007
690 1010
690 1015
691 954
691 955
691 958
691 961
691 962
691 1011
691 1012
691 1013
691 1014
691 1016
691 1021
691 1022
692 950
692 951
692 953
692 956
692 957
692 1017
692 1018
692 1019
692 1020
692 1023
692 1028
692 1029
692 1030
693 946
693 947
693 949
693 952
693 1024
693 1025
693 1026
693 1027
693 1031
693 1032
693 1033
694 942
694 943
694 945
694 948
694 1034
694 1035
694 1036
695 940
695 941
695 944
695 1037
695 1038
695 1039
696 937
696 938
696 939
696 1040
696 1041
696 1042
697 934
697 935
697 936
697 1043
697 1044
698 932
698 933
698 1045
698 1046
698 1047
699 929
699 930
699 931
699 1048
699 1049
700 926
700 927
700 928
700 1050
700 1051
700 1052
701 924
701 925
701 1053
701 1054
702 922
702 923
702 1055
702 1056
702 1057
703 920
703 921
703 1058
704 918
704 919
704 1059
704 1060
705 916
705 917
705 1061
706 914
706 915
706 1062
706 1063
707 912
707 913
707 1064
708 910
708 911
708 1065
708 1066
709 909
709 1067
710 907
710 908
710 1068
710 1069
711 906
711 1070
712 904
712 905
712 1071
712 1072
713 902
713 903
713 1073
714 901
714 1074
715 900
715 1075
716 898
716 899
716 1076
717 897
717 1077
718 895
718 896
718 1078
719 894
719 1079
720 892
720 893
720 1080
721 891
721 1081
722 889
722 890
722 1082
723 888
723 1082
724 886
724 887
724 1083
725 885
725 1084
726 884
726 1085
727 883
727 1086
728 881
728 882
728 1087
729 880
729 1088
730 879
730 1089
731 877
731 878
731 1090
732 876
732 1091
733 875
733 1092
734 873
734 874
734 1092
735 872
735 1093
736 871
736 1094
737 870
737 1095
738 869
738 1096
739 867
739 868
739 1097
740 866
740 1097
741 865
741 1098
742 864
742 1099
743 863
743 1100
744 862
744 1101
745 861
745 1101
746 860
746 1102
747 860
747 1103
748 859
748 1104
749 858
749 1105
750 857
750 1106
751 856
751 1107
752 856
752 1108
753 855
753 1109
754 855
754 1110
755 854
755 1110
756 853
756 1111
757 853
757 1112
758 852
758 1113
759 851
759 1114
760 851
760 1115
761 850
761 1115
762 849
762 1116
763 849
763 1117
764 848
764 1118
765 847
765 1119
766 847
766 1119
767 846
767 1120
768 846
768 1121
769 845
769 1121
770 845
770 1122
771 844
771 1122
772 844
772 1123
773 843
773 1123
774 843
774 1124
775 842
775 1125
776 842
776 1125
777 841
777 1125
778 841
778 1126
779 840
779 1127
780 840
780 1127
781 839
781 1128
782 839
782 1128
783 838
783 1129
784 838
784 1129
785 837
785 1130
786 837
786 1130
787 836
787 1131
788 836
788 1131
789 835
789 1132
790 835
790 1132
791 835
791 1132
792 834
792 1133
793 834
793 1133
794 834
794 1134
795 833
795 1134
796 833
796 1134
797 832
797 1135
798 832
798 1135
799 832
799 1136
800 831
800 1136
801 831
801 1136
802 830
802 1136
803 830
803 1137
804 829
804 1138
805 829
805 1138
806 829
806 1139
807 828
807 1139
808 828
808 1139
809 828
809 1140
810 827
810 1140
811 827
811 1140
812 827
812 1141
813 826
813 1141
814 826
814 1141
815 826
815 1141
816 825
816 1142
817 825
817 1142
818 824
818 1142
819 824
819 1143
820 824
820 1143
821 824
821 1143
822 823
822 1144
823 823
823 1144
824 823
824 1144
825 823
825 1144
826 822
826 1144
827 822
827 1144
828 822
828 1145
829 822
829 1146
830 822
830 1146
831 822
831 1146
832 821
832 1146
833 821
833 1147
834 821
834 1147
835 821
835 1147
836 821
836 1147
837 820
837 1148
838 820
838 1148
839 820
839 1148
840 820
840 1148
841 819
841 1148
842 819
842 1149
843 819
843 1149
844 819
844 1149
845 818
845 1149
846 818
846 1149
847 818
847 1149
848 818
848 1149
849 818
849 1149
850 817
850 1149
851 817
851 1149
852 817
852 1149
853 817
853 1149
854 817
854 1150
855 816
855 1150
856 816
856 1150
857 816
857 1150
858 816
858 1150
859 816
859 1150
860 815
860 1150
861 815
861 1150
862 815
862 1150
863 815
863 1150
864 815
864 1150
865 815
865 1150
866 815
866 1151
867 815
867 1152
868 815
868 1152
869 815
869 1152
870 815
870 1152
871 815
871 1152
872 815
872 1152
873 815
873 1152
874 815
874 1152
875 815
875 1152
876 815
876 1152
877 815
877 1152
878 816
878 1152
879 816
879 1152
880 816
880 1152
881 816
881 1152
882 816
882 1152
883 816
883 1152
884 816
884 1152
885 816
885 1152
886 816
886 1152
887 816
887 1152
888 816
888 1152
889 816
889 1152
890 816
890 1152
891 816
891 1152
892 816
892 1152
893 816
893 1152
894 816
894 1152
895 816
895 1152
896 816
896 1152
897 816
897 1152
898 816
898 1152
899 816
899 1152
900 816
900 1152
901 816
901 1152
902 816
902 1152
903 817
903 1152
904 817
904 1152
905 817
905 1151
906 817
906 1150
907 818
907 1150
908 818
908 1150
909 818
909 1150
910 818
910 1150
911 818
911 1150
912 818
912 1150
913 818
913 1150
914 818
914 1150
915 818
915 1150
916 818
916 1150
917 818
917 1150
918 818
918 1150
919 818
919 1150
920 818
920 1149
921 818
921 1149
922 818
922 1149
923 818
923 1149
924 818
924 1149
925 818
925 1149
926 818
926 1149
927 819
927 1149
928 819
928 1148
929 819
929 1148
930 819
930 1148
931 819
931 1148
932 819
932 1148
933 820
933 1147
934 821
934 1146
935 821
935 1146
936 821
936 1146
937 821
937 1146
938 822
938 1146
939 822
939 1146
940 822
940 1146
941 822
941 1145
942 823
942 1145
943 823
943 1145
944 823
944 1145
945 823
945 1145
946 824
946 1144
947 824
947 1144
948 824
948 1144
949 824
949 1144
950 825
950 1143
951 825
951 1143
952 825
952 1143
953 825
953 1142
954 826
954 1142
955 826
955 1142
956 826
956 1142
957 826
957 1141
958 827
958 1141
959 827
959 1141
960 827
960 1140
961 827
961 1140
962 827
962 1140
963 828
963 1139
964 828
964 1139
965 829
965 1138
966 829
966 1138
967 830
967 1137
968 830
968 1137
969 830
969 1136
970 831
970 1136
971 831
971 1135
972 832
972 1135
973 833
973 1134
974 833
974 1133
975 834
975 1132
976 834
976 1132
977 835
977 1131
978 835
978 1131
979 836
979 1130
980 836
980 1129
981 837
981 1129
982 837
982 1128
983 838
983 1127
984 838
984 1127
985 839
985 1126
986 839
986 1125
987 840
987 1125
988 840
988 1124
989 841
989 1124
990 841
990 1123
991 842
991 1122
992 843
992 1122
993 843
993 1121
994 844
994 1120
995 844
995 1120
996 845
996 1119
997 845
997 1119
998 846
998 1118
999 846
999 1117
1000 847
1000 1117
1001 848
1001 1116
1002 849
1002 1115
1003 850
1003 1115
1004 851
1004 1114
1005 852
1005 1113
1006 853
1006 1113
1007 854
1007 1112
1008 855
1008 1111
1009 856
1009 1111
1010 857
1010 1110
1011 858
1011 1109
1012 859
1012 1109
1013 860
1013 1108
1014 861
1014 1107
1015 862
1015 1106
1016 863
1016 1106
1017 864
1017 1105
1018 865
1018 1104
1019 866
1019 1103
1020 867
1020 1102
1021 868
1021 1102
1022 869
1022 1101
1023 870
1023 1100
1024 871
1024 1099
1025 872
1025 1098
1026 873
1026 1097
1027 874
1027 1096
1028 875
1028 1095
1029 876
1029 1095
1030 877
1030 1094
1031 878
1031 1093
1032 879
1032 880
1032 1091
1032 1092
1033 881
1033 1090
1034 882
1034 883
1034 1088
1034 1089
1035 884
1035 1087
1036 885
1036 1086
1037 886
1037 887
1037 1084
1037 1085
1038 888
1038 889
1038 1083
1039 890
1039 891
1039 1081
1039 1082
1040 892
1040 1079
1040 1080
1041 893
1041 894
1041 1078
1042 895
1042 896
1042 1076
1042 1077
1043 897
1043 1075
1044 898
1044 899
1044 1073
1044 1074
1045 900
1045 1072
1046 901
1046 902
1046 1070
1046 1071
1047 903
1047 904
1047 1069
1048 905
1048 906
1048 1067
1048 1068
1049 907
1049 908
1049 1065
1049 1066
1050 909
1050 910
1050 1064
1051 911
1051 912
1051 1062
1051 1063
1052 913
1052 914
1052 915
1052 1060
1052 1061
1053 916
1053 917
1053 1058
1053 1059
1054 918
1054 919
1054 920
1054 1056
1054 1057
1055 921
1055 922
1055 1054
1055 1055
1056 923
1056 924
1056 1052
1056 1053
1057 925
1057 926
1057 927
1057 929
1057 1049
1057 1050
1057 1051
1058 928
1058 930
1058 1046
1058 1047
1058 1048
1059 931
1059 932
1059 933
1059 1041
1059 1043
1059 1044
1059 1045
1060 934
1060 935
1060 936
1060 1037
1060 1040
1060 1042
1061 937
1061 938
1061 939
1061 942
1061 943
1061 1033
1061 1036
1061 1038
1061 1039
1062 940
1062 941
1062 944
1062 947
1062 1032
1062 1034
1062 1035
1063 945
1063 946
1063 948
1063 951
1063 1026
1063 1027
1063 1029
1063 1030
1063 1031
1064 949
1064 950
1064 952
1064 1022
1064 1025
1064 1028
1065 953
1065 954
1065 955
1065 957
1065 958
1065 959
1065 960
1065 961
1065 962
1065 1018
1065 1021
1065 1023
1065 1024
1066 956
1066 963
1066 966
1066 967
1066 968
1066 1004
1066 1005
1066 1006
1066 1007
1066 1008
1066 1009
1066 1010
1066 1011
1066 1012
1066 1014
1066 1017
1066 1019
1066 1020
1067 964
1067 965
1067 969
1067 971
1067 972
1067 973
1067 974
1067 975
1067 976
1067 977
1067 978
1067 979
1067 980
1067 981
1067 982
1067 983
1067 984
1067 985
1067 986
1067 987
1067 988
1067 989
1067 990
1067 991
1067 992
1067 993
1067 994
1067 995
1067 996
1067 997
1067 998
1067 1000
1067 1003
1067 1013
1067 1015
1067 1016
1068 970
1068 999
1068 1001
1068 1002
