752 995
752 996
753 986
753 994
753 997
753 1006
754 976
754 985
754 987
754 988
754 989
754 990
754 991
754 992
754 993
754 998
754 999
754 1000
754 1001
754 1002
754 1003
754 1004
754 1005
754 1007
754 1010
754 1011
755 965
755 969
755 970
755 975
755 977
755 978
755 979
755 980
755 981
755 982
755 983
755 984
755 1008
755 1009
755 1012
755 1014
755 1015
756 960
756 961
756 964
756 966
756 967
756 968
756 971
756 972
756 973
756 974
756 1013
756 1016
757 956
757 959
757 962
757 963
757 1017
757 1018
757 1019
758 953
758 954
758 955
758 957
758 958
758 1020
758 1021
758 1022
759 951
759 952
759 1023
759 1024
759 1025
760 948
760 949
760 950
760 1026
760 1027
761 946
761 947
761 1028
761 1029
762 944
762 945
762 1030
763 943
763 1031
763 1032
764 941
764 942
764 1033
764 1034
765 939
765 940
765 1035
765 1036
766 937
766 938
766 1037
766 1038
767 935
767 936
767 1039
767 1040
768 933
768 934
768 1041
769 931
769 932
769 1042
770 929
770 930
770 1043
770 1044
771 927
771 928
771 1045
772 926
772 1046
773 924
773 925
773 1047
773 1048
774 923
774 1049
775 921
775 922
775 1050
776 919
776 920
776 1051
776 1052
777 918
777 1053
778 917
778 1054
779 916
779 1055
780 914
780 915
780 1056
781 913
781 1057
782 912
782 1058
783 911
783 1059
784 910
784 1060
785 908
785 909
785 1061
786 907
786 1062
787 906
787 1063
788 905
788 1064
789 905
789 1065
790 904
790 1066
791 903
791 1067
792 902
792 1068
793 901
793 1069
794 900
794 1070
795 899
795 1071
796 898
796 1072
797 897
797 1073
798 896
798 1074
799 896
799 1075
800 895
800 1076
801 894
801 1077
802 893
802 1078
803 893
803 1078
804 892
804 1079
805 891
805 1080
806 891
806 1081
807 890
807 1081
808 889
808 1082
809 889
809 1083
810 888
810 1083
811 887
811 1083
812 887
812 1084
813 886
813 1085
814 886
814 1086
815 886
815 1086
816 885
816 1087
817 885
817 1088
818 884
818 1088
819 884
819 1089
820 884
820 1090
821 883
821 1090
822 883
822 1091
823 883
823 1092
824 882
824 1092
825 882
825 1093
826 882
826 1093
827 881
827 1094
828 881
828 1095
829 881
829 1095
830 880
830 1096
831 880
831 1097
832 879
832 1097
833 879
833 1098
834 879
834 1098
835 878
835 1099
836 878
836 1099
837 878
837 1100
838 877
838 1100
839 877
839 1101
840 877
840 1101
841 877
841 1102
842 876
842 1102
843 876
843 1103
844 876
844 1104
845 875
845 1104
846 875
846 1105
847 875
847 1105
848 874
848 1106
849 874
849 1106
850 874
850 1107
851 874
851 1107
852 874
852 1107
853 874
853 1108
854 874
854 1108
855 874
855 1108
856 874
856 1109
857 874
857 1109
858 874
858 1109
859 874
859 1109
860 874
860 1109
861 874
861 1110
862 873
862 1111
863 873
863 1111
864 873
864 1111
865 873
865 1112
866 873
866 1112
867 873
867 1112
868 873
868 1112
869 873
869 1112
870 873
870 1112
871 873
871 1113
872 873
872 1113
873 873
873 1113
874 873
874 1113
875 873
875 1114
876 873
876 1114
877 873
877 1114
878 873
878 1114
879 873
879 1114
880 873
880 1114
881 873
881 1114
882 872
882 1114
883 872
883 1114
884 872
884 1114
885 872
885 1114
886 872
886 1114
887 872
887 1114
888 872
888 1114
889 872
889 1114
890 872
890 1115
891 872
891 1115
892 872
892 1115
893 872
893 1115
894 872
894 1115
895 872
895 1115
896 872
896 1115
897 872
897 1115
898 873
898 1115
899 873
899 1115
900 873
900 1115
901 873
901 1115
902 873
902 1115
903 873
903 1115
904 873
904 1115
905 873
905 1115
906 873
906 1115
907 874
907 1115
908 874
908 1115
909 874
909 1115
910 874
910 1115
911 874
911 1114
912 874
912 1114
913 874
913 1114
914 874
914 1114
915 874
915 1114
916 874
916 1114
917 875
917 1114
918 875
918 1114
919 875
919 1114
920 875
920 1113
921 875
921 1112
922 875
922 1112
923 875
923 1112
924 875
924 1112
925 875
925 1112
926 875
926 1112
927 875
927 1111
928 875
928 1111
929 875
929 1111
930 875
930 1111
931 875
931 1111
932 875
932 1110
933 876
933 1110
934 876
934 1110
935 876
935 1110
936 876
936 1109
937 877
937 1109
938 877
938 1109
939 877
939 1109
940 877
940 1108
941 878
941 1108
942 878
942 1108
943 878
943 1108
944 878
944 1107
945 878
945 1107
946 879
946 1107
947 879
947 1107
948 880
948 1106
949 880
949 1106
950 881
950 1106
951 881
951 1105
952 881
952 1105
953 882
953 1104
954 882
954 1103
955 883
955 1103
956 883
956 1103
957 883
957 1102
958 884
958 1102
959 884
959 1101
960 885
960 1101
961 885
961 1101
962 886
962 1100
963 886
963 1100
964 886
964 1099
965 887
965 1099
966 888
966 1099
967 889
967 1098
968 889
968 1098
969 890
969 1098
970 891
970 1097
971 891
971 1097
972 892
972 1096
973 893
973 1096
974 893
974 1095
975 894
975 1095
976 895
976 1094
977 895
977 1093
978 896
978 1093
979 897
979 1092
980 898
980 1091
981 898
981 1090
982 899
982 1090
983 900
983 1089
984 901
984 1088
985 901
985 1087
986 902
986 1086
987 903
987 1085
988 903
988 1084
989 904
989 1084
990 905
990 1083
991 906
991 1082
992 907
992 1081
993 908
993 1080
994 909
994 1079
995 910
995 1079
996 911
996 1078
997 912
997 1077
998 913
998 1076
999 913
999 1075
1000 914
1000 1074
1001 915
1001 1072
1001 1073
1002 916
1002 1071
1003 917
1003 1070
1004 918
1004 1069
1005 919
1005 1068
1006 920
1006 1067
1007 921
1007 1066
1008 922
1008 1065
1009 923
1009 1064
1010 924
1010 1062
1010 1063
1011 925
1011 1061
1012 926
1012 1060
1013 927
1013 1059
1014 928
1014 1058
1015 929
1015 930
1015 931
1015 1057
1016 932
1016 933
1016 1055
1016 1056
1017 934
1017 935
1017 1054
1018 936
1018 937
1018 1053
1019 938
1019 939
1019 1051
1019 1052
1020 940
1020 941
1020 942
1020 1050
1021 943
1021 944
1021 1049
1022 945
1022 946
1022 1047
1022 1048
1023 947
1023 948
1023 949
1023 1046
1024 950
1024 1045
1025 951
1025 952
1025 1044
1026 953
1026 954
1026 1042
1026 1043
1027 955
1027 956
1027 957
1027 1040
1027 1041
1028 958
1028 959
1028 963
1028 1038
1028 1039
1029 960
1029 961
1029 962
1029 964
1029 967
1029 1032
1029 1036
1029 1037
1030 965
1030 966
1030 968
1030 971
1030 1028
1030 1031
1030 1033
1030 1034
1030 1035
1031 969
1031 970
1031 972
1031 975
1031 976
1031 1024
1031 1027
1031 1029
1031 1030
1032 973
1032 974
1032 977
1032 980
1032 1019
1032 1020
1032 1021
1032 1023
1032 1025
1032 1026
1033 978
1033 979
1033 981
1033 1012
1033 1013
1033 1014
1033 1015
1033 1018
1033 1022
1034 982
1034 983
1034 984
1034 986
1034 987
1034 988
1034 989
1034 990
1034 991
1034 1003
1034 1004
1034 1005
1034 1006
1034 1007
1034 1008
1034 1009
1034 1011
1034 1016
1034 1017
1035 985
1035 992
1035 995
1035 996
1035 997
1035 998
1035 999
1035 1002
1035 1010
1036 993
1036 994
1036 1000
1036 1001
