681 1131
681 1140
681 1141
682 1121
682 1130
682 1132
682 1133
682 1134
682 1135
682 1136
682 1137
682 1138
682 1139
682 1142
682 1151
683 1115
683 1116
683 1120
683 1122
683 1123
683 1124
683 1125
683 1126
683 1127
683 1128
683 1129
683 1143
683 1144
683 1145
683 1146
683 1147
683 1148
683 1149
683 1150
683 1152
683 1158
683 1159
683 1160
684 1111
684 1114
684 1117
684 1118
684 1119
684 1153
684 1154
684 1155
684 1156
684 1157
684 1161
684 1163
684 1164
685 1107
685 1108
685 1110
685 1112
685 1113
685 1162
685 1165
685 1167
685 1168
685 1170
686 1102
686 1104
686 1105
686 1106
686 1109
686 1166
686 1169
686 1171
686 1172
686 1173
687 1099
687 1100
687 1101
687 1103
687 1174
687 1175
687 1176
688 1097
688 1098
688 1177
688 1178
689 1094
689 1095
689 1096
689 1179
690 1093
690 1180
690 1181
690 1182
691 1091
691 1092
691 1183
691 1184
692 1089
692 1090
692 1185
692 1186
692 1187
693 1088
693 1188
693 1189
693 1190
694 1086
694 1087
694 1191
694 1192
695 1085
695 1193
695 1194
696 1083
696 1084
696 1195
696 1196
697 1082
697 1197
697 1198
698 1080
698 1081
698 1199
698 1200
699 1079
699 1201
700 1077
700 1078
700 1202
700 1203
701 1076
701 1204
702 1075
702 1205
702 1206
703 1074
703 1207
704 1072
704 1073
704 1208
705 1071
705 1209
706 1069
706 1070
706 1210
707 1067
707 1068
707 1211
708 1066
708 1212
709 1065
709 1212
710 1064
710 1213
711 1063
711 1214
712 1062
712 1215
713 1061
713 1216
714 1060
714 1217
715 1059
715 1218
716 1058
716 1218
717 1057
717 1219
718 1056
718 1220
719 1055
719 1221
720 1054
720 1222
721 1054
721 1223
722 1053
722 1223
723 1052
723 1224
724 1051
724 1225
725 1050
725 1226
726 1049
726 1227
727 1048
727 1228
728 1047
728 1228
729 1046
729 1229
730 1045
730 1230
731 1045
731 1231
732 1044
732 1232
733 1043
733 1232
734 1042
734 1233
735 1041
735 1234
736 1040
736 1234
737 1039
737 1234
738 1039
738 1234
739 1038
739 1235
740 1037
740 1236
741 1037
741 1236
742 1036
742 1237
743 1036
743 1237
744 1036
744 1238
745 1035
745 1238
746 1035
746 1239
747 1034
747 1240
748 1034
748 1240
749 1033
749 1241
750 1033
750 1241
751 1032
751 1242
752 1031
752 1242
753 1031
753 1242
754 1030
754 1242
755 1030
755 1243
756 1029
756 1243
757 1029
757 1244
758 1028
758 1244
759 1028
759 1245
760 1027
760 1245
761 1027
761 1245
762 1027
762 1246
763 1026
763 1247
764 1026
764 1247
765 1025
765 1247
766 1024
766 1247
767 1023
767 1248
768 1023
768 1248
769 1023
769 1248
770 1022
770 1248
771 1022
771 1249
772 1022
772 1249
773 1022
773 1249
774 1021
774 1249
775 1021
775 1250
776 1021
776 1250
777 1021
777 1250
778 1021
778 1250
779 1020
779 1250
780 1020
780 1251
781 1020
781 1251
782 1020
782 1251
783 1019
783 1251
784 1019
784 1252
785 1019
785 1252
786 1018
786 1252
787 1018
787 1252
788 1018
788 1253
789 1017
789 1253
790 1017
790 1253
791 1017
791 1253
792 1017
792 1254
793 1016
793 1254
794 1016
794 1254
795 1016
795 1254
796 1016
796 1254
797 1016
797 1254
798 1016
798 1254
799 1016
799 1254
800 1016
800 1254
801 1016
801 1254
802 1016
802 1254
803 1016
803 1254
804 1016
804 1254
805 1016
805 1253
806 1016
806 1253
807 1016
807 1253
808 1016
808 1253
809 1016
809 1253
810 1016
810 1253
811 1016
811 1253
812 1016
812 1253
813 1016
813 1253
814 1016
814 1253
815 1016
815 1253
816 1016
816 1253
817 1016
817 1253
818 1016
818 1253
819 1016
819 1253
820 1016
820 1253
821 1016
821 1253
822 1016
822 1253
823 1016
823 1252
824 1016
824 1252
825 1016
825 1252
826 1016
826 1252
827 1016
827 1252
828 1016
828 1252
829 1016
829 1252
830 1016
830 1252
831 1016
831 1251
832 1016
832 1251
833 1017
833 1251
834 1017
834 1251
835 1018
835 1251
836 1018
836 1251
837 1018
837 1251
838 1018
838 1251
839 1018
839 1251
840 1018
840 1250
841 1019
841 1250
842 1019
842 1250
843 1019
843 1250
844 1019
844 1250
845 1019
845 1250
846 1019
846 1249
847 1020
847 1249
848 1020
848 1249
849 1020
849 1249
850 1021
850 1248
851 1021
851 1247
852 1021
852 1247
853 1022
853 1247
854 1023
854 1246
855 1023
855 1246
856 1024
856 1246
857 1024
857 1245
858 1024
858 1245
859 1025
859 1244
860 1025
860 1244
861 1025
861 1244
862 1026
862 1243
863 1026
863 1243
864 1026
864 1242
865 1026
865 1242
866 1027
866 1241
867 1027
867 1241
868 1028
868 1241
869 1028
869 1240
870 1029
870 1240
871 1029
871 1239
872 1030
872 1239
873 1030
873 1238
874 1031
874 1238
875 1031
875 1237
876 1032
876 1237
877 1032
877 1237
878 1033
878 1236
879 1033
879 1236
880 1034
880 1235
881 1034
881 1235
882 1035
882 1234
883 1036
883 1234
884 1036
884 1233
885 1037
885 1232
886 1038
886 1231
887 1038
887 1230
888 1039
888 1230
889 1040
889 1229
890 1041
890 1229
891 1041
891 1228
892 1042
892 1227
893 1043
893 1227
894 1043
894 1226
895 1044
895 1226
896 1045
896 1225
897 1046
897 1224
898 1046
898 1224
899 1047
899 1223
900 1048
900 1222
901 1049
901 1222
902 1050
902 1221
903 1051
903 1220
904 1052
904 1220
905 1053
905 1219
906 1054
906 1218
907 1054
907 1217
908 1055
908 1217
909 1056
909 1215
909 1216
910 1057
910 1214
911 1058
911 1214
912 1059
912 1213
913 1060
913 1212
914 1061
914 1211
915 1062
915 1210
916 1063
916 1208
916 1209
917 1064
917 1207
918 1065
918 1206
919 1066
919 1205
920 1067
920 1204
921 1068
921 1203
922 1069
922 1070
922 1202
923 1071
923 1201
924 1072
924 1073
924 1200
925 1074
925 1198
925 1199
926 1075
926 1076
926 1197
927 1077
927 1196
928 1078
928 1079
928 1194
928 1195
929 1080
929 1081
929 1193
930 1082
930 1083
930 1191
930 1192
931 1084
931 1189
931 1190
932 1085
932 1086
932 1188
933 1087
933 1088
933 1089
933 1186
933 1187
934 1090
934 1091
934 1185
935 1092
935 1093
935 1183
935 1184
936 1094
936 1095
936 1181
936 1182
937 1096
937 1097
937 1099
937 1178
937 1179
937 1180
938 1098
938 1100
938 1176
938 1177
939 1101
939 1102
939 1103
939 1106
939 1171
939 1173
939 1174
939 1175
940 1104
940 1105
940 1107
940 1109
940 1168
940 1170
940 1172
941 1108
941 1110
941 1113
941 1164
941 1167
941 1169
942 1111
942 1112
942 1114
942 1117
942 1158
942 1159
942 1160
942 1161
942 1163
942 1165
942 1166
943 1115
943 1116
943 1118
943 1120
943 1121
943 1147
943 1148
943 1149
943 1150
943 1152
943 1153
943 1154
943 1157
943 1162
944 1119
944 1122
944 1125
944 1126
944 1131
944 1132
944 1133
944 1134
944 1135
944 1136
944 1137
944 1138
944 1139
944 1140
944 1141
944 1142
944 1143
944 1146
944 1151
944 1155
944 1156
945 1123
945 1124
945 1127
945 1130
945 1144
945 1145
946 1128
946 1129
