631 1126
631 1140
631 1153
631 1154
632 1121
632 1122
632 1125
632 1127
632 1128
632 1129
632 1130
632 1131
632 1132
632 1133
632 1134
632 1135
632 1136
632 1137
632 1138
632 1139
632 1141
632 1142
632 1143
632 1144
632 1145
632 1146
632 1147
632 1148
632 1149
632 1150
632 1151
632 1152
632 1155
632 1163
632 1167
633 1115
633 1116
633 1120
633 1123
633 1124
633 1156
633 1157
633 1158
633 1159
633 1160
633 1161
633 1162
633 1164
633 1165
633 1166
633 1168
633 1171
633 1172
634 1113
634 1114
634 1117
634 1118
634 1119
634 1169
634 1170
634 1173
634 1176
634 1177
635 1109
635 1110
635 1112
635 1174
635 1175
635 1178
635 1181
636 1106
636 1107
636 1108
636 1111
636 1179
636 1180
636 1182
636 1184
636 1185
637 1103
637 1104
637 1105
637 1183
637 1186
637 1187
637 1188
638 1099
638 1100
638 1102
638 1189
638 1191
638 1192
639 1096
639 1097
639 1098
639 1101
639 1190
639 1193
639 1194
640 1093
640 1094
640 1095
640 1195
640 1196
641 1091
641 1092
641 1197
641 1198
642 1087
642 1088
642 1089
642 1090
642 1199
642 1200
643 1084
643 1085
643 1086
643 1201
643 1202
644 1082
644 1083
644 1203
644 1204
645 1080
645 1081
645 1205
645 1206
646 1078
646 1079
646 1207
646 1208
647 1076
647 1077
647 1209
647 1210
648 1074
648 1075
648 1211
648 1212
649 1073
649 1213
649 1214
650 1071
650 1072
650 1215
650 1216
651 1069
651 1070
651 1217
651 1218
652 1068
652 1219
652 1220
653 1066
653 1067
653 1221
654 1064
654 1065
654 1222
655 1063
655 1223
656 1061
656 1062
656 1224
657 1059
657 1060
657 1225
658 1058
658 1226
659 1056
659 1057
659 1227
660 1055
660 1228
661 1053
661 1054
661 1229
662 1052
662 1229
663 1051
663 1230
664 1050
664 1231
665 1048
665 1049
665 1232
666 1047
666 1233
667 1046
667 1234
668 1045
668 1235
669 1043
669 1044
669 1236
670 1042
670 1237
671 1041
671 1238
671 1239
672 1041
672 1240
673 1040
673 1241
674 1039
674 1242
675 1038
675 1243
676 1037
676 1244
677 1036
677 1245
678 1035
678 1246
679 1034
679 1247
680 1032
680 1033
680 1248
681 1031
681 1249
682 1030
682 1250
683 1029
683 1251
684 1028
684 1252
685 1027
685 1253
686 1027
686 1254
687 1026
687 1255
688 1025
688 1256
689 1023
689 1024
689 1256
690 1022
690 1257
691 1021
691 1258
692 1021
692 1259
693 1020
693 1260
694 1019
694 1260
695 1018
695 1261
696 1018
696 1262
697 1017
697 1263
698 1016
698 1264
699 1015
699 1264
700 1015
700 1265
701 1014
701 1266
702 1013
702 1266
703 1013
703 1267
704 1012
704 1267
705 1011
705 1268
706 1011
706 1268
707 1010
707 1269
708 1010
708 1269
709 1009
709 1270
710 1008
710 1270
711 1008
711 1270
712 1008
712 1271
713 1007
713 1271
714 1007
714 1272
715 1006
715 1272
716 1006
716 1273
717 1005
717 1273
718 1004
718 1274
719 1004
719 1274
720 1003
720 1274
721 1003
721 1275
722 1002
722 1275
723 1001
723 1276
724 1001
724 1276
725 1000
725 1277
726 1000
726 1277
727 999
727 1277
728 999
728 1278
729 998
729 1278
730 997
730 1278
731 997
731 1279
732 996
732 1279
733 996
733 1279
734 996
734 1280
735 995
735 1281
736 995
736 1281
737 994
737 1281
738 994
738 1282
739 993
739 1282
740 993
740 1282
741 992
741 1282
742 992
742 1283
743 992
743 1283
744 991
744 1283
745 990
745 1283
746 989
746 1283
747 989
747 1284
748 988
748 1284
749 988
749 1284
750 988
750 1284
751 987
751 1285
752 987
752 1285
753 986
753 1285
754 986
754 1285
755 985
755 1285
756 985
756 1285
757 985
757 1285
758 985
758 1285
759 984
759 1286
760 984
760 1286
761 983
761 1286
762 983
762 1286
763 983
763 1287
764 982
764 1287
765 982
765 1287
766 982
766 1287
767 981
767 1287
768 981
768 1287
769 981
769 1288
770 980
770 1289
771 980
771 1289
772 980
772 1289
773 979
773 1289
774 979
774 1289
775 979
775 1289
776 979
776 1289
777 978
777 1289
778 978
778 1289
779 978
779 1289
780 977
780 1289
781 977
781 1290
782 977
782 1290
783 977
783 1290
784 976
784 1290
785 976
785 1290
786 976
786 1290
787 976
787 1290
788 976
788 1290
789 976
789 1290
790 976
790 1290
791 976
791 1290
792 976
792 1291
793 975
793 1291
794 975
794 1291
795 975
795 1291
796 975
796 1291
797 975
797 1291
798 975
798 1291
799 975
799 1291
800 975
800 1291
801 975
801 1291
802 975
802 1291
803 975
803 1291
804 975
804 1291
805 975
805 1291
806 975
806 1291
807 975
807 1291
808 975
808 1291
809 975
809 1291
810 975
810 1291
811 975
811 1291
812 975
812 1291
813 975
813 1291
814 975
814 1291
815 975
815 1291
816 975
816 1291
817 975
817 1291
818 975
818 1291
819 975
819 1291
820 975
820 1291
821 975
821 1291
822 975
822 1291
823 975
823 1291
824 975
824 1291
825 975
825 1291
826 975
826 1291
827 976
827 1291
828 976
828 1291
829 976
829 1290
830 976
830 1289
831 976
831 1289
832 977
832 1289
833 977
833 1289
834 977
834 1289
835 977
835 1289
836 977
836 1289
837 977
837 1288
838 977
838 1288
839 977
839 1288
840 977
840 1288
841 977
841 1287
842 977
842 1287
843 977
843 1287
844 977
844 1287
845 978
845 1287
846 978
846 1287
847 978
847 1287
848 978
848 1286
849 979
849 1286
850 979
850 1286
851 979
851 1286
852 979
852 1285
853 980
853 1284
854 980
854 1284
855 980
855 1284
856 980
856 1284
857 980
857 1284
858 980
858 1284
859 980
859 1284
860 981
860 1283
861 981
861 1283
862 981
862 1283
863 981
863 1283
864 982
864 1282
865 982
865 1282
866 982
866 1282
867 982
867 1281
868 983
868 1281
869 984
869 1281
870 984
870 1281
871 984
871 1280
872 985
872 1280
873 985
873 1280
874 985
874 1280
875 986
875 1279
876 986
876 1278
877 986
877 1278
878 986
878 1278
879 987
879 1278
880 987
880 1278
881 987
881 1277
882 987
882 1277
883 987
883 1277
884 988
884 1276
885 988
885 1276
886 989
886 1276
887 989
887 1275
888 990
888 1275
889 990
889 1275
890 991
890 1274
891 991
891 1274
892 992
892 1274
893 992
893 1273
894 993
894 1273
895 993
895 1272
896 994
896 1272
897 994
897 1271
898 995
898 1271
899 995
899 1270
900 996
900 1270
901 996
901 1270
902 997
902 1269
903 997
903 1269
904 998
904 1268
905 999
905 1268
906 1000
906 1267
907 1001
907 1267
908 1001
908 1266
909 1002
909 1266
910 1002
910 1265
911 1003
911 1265
912 1003
912 1263
912 1264
913 1004
913 1262
914 1005
914 1262
915 1005
915 1261
916 1006
916 1260
917 1006
917 1259
918 1007
918 1259
919 1007
919 1258
920 1008
920 1257
921 1009
921 1256
922 1010
922 1256
923 1010
923 1255
924 1011
924 1254
925 1012
925 1254
926 1013
926 1253
927 1014
927 1252
928 1014
928 1251
929 1015
929 1250
930 1016
930 1250
931 1017
931 1249
932 1018
932 1248
933 1019
933 1247
934 1020
934 1246
935 1021
935 1246
936 1022
936 1245
937 1023
937 1244
938 1024
938 1243
939 1025
939 1026
939 1242
940 1027
940 1242
941 1028
941 1241
942 1029
942 1240
943 1030
943 1239
944 1031
944 1032
944 1238
945 1033
945 1237
946 1034
946 1236
947 1035
947 1235
948 1036
948 1234
949 1037
949 1233
950 1038
950 1232
951 1039
951 1040
951 1231
952 1041
952 1229
952 1230
953 1042
953 1228
954 1043
954 1044
954 1227
955 1045
955 1225
955 1226
956 1046
956 1047
956 1224
957 1048
957 1223
958 1049
958 1050
958 1222
959 1051
959 1220
959 1221
960 1052
960 1053
960 1219
961 1054
961 1055
961 1218
962 1056
962 1217
963 1057
963 1058
963 1215
963 1216
964 1059
964 1213
964 1214
965 1060
965 1061
965 1211
965 1212
966 1062
966 1063
966 1209
966 1210
967 1064
967 1065
967 1207
967 1208
968 1066
968 1206
969 1067
969 1068
969 1204
969 1205
970 1069
970 1070
970 1202
970 1203
971 1071
971 1072
971 1073
971 1200
971 1201
972 1074
972 1075
972 1198
972 1199
973 1076
973 1077
973 1195
973 1196
973 1197
974 1078
974 1079
974 1193
974 1194
975 1080
975 1081
975 1082
975 1190
975 1191
975 1192
976 1083
976 1187
976 1188
976 1189
977 1084
977 1085
977 1184
977 1185
977 1186
978 1086
978 1087
978 1088
978 1180
978 1181
978 1182
978 1183
979 1089
979 1090
979 1091
979 1174
979 1177
979 1178
979 1179
980 1092
980 1093
980 1094
980 1097
980 1099
980 1100
980 1173
980 1175
980 1176
981 1095
981 1096
981 1098
981 1101
981 1104
981 1164
981 1165
981 1166
981 1170
981 1171
981 1172
982 1102
982 1103
982 1105
982 1108
982 1158
982 1159
982 1160
982 1163
982 1167
982 1168
982 1169
983 1106
983 1107
983 1109
983 1157
983 1161
983 1162
984 1110
984 1112
984 1113
984 1114
984 1115
984 1116
984 1117
984 1118
984 1119
984 1120
984 1121
984 1122
984 1123
984 1124
984 1125
984 1127
984 1128
984 1129
984 1130
984 1131
984 1132
984 1133
984 1134
984 1135
984 1136
984 1137
984 1138
984 1139
984 1140
984 1141
984 1142
984 1143
984 1144
984 1145
984 1146
984 1147
984 1148
984 1149
984 1150
984 1151
984 1152
984 1154
984 1155
984 1156
985 1111
985 1126
985 1153
