986 1026
986 1030
986 1036
987 1020
987 1023
987 1025
987 1027
987 1028
987 1029
987 1031
987 1032
987 1033
987 1034
987 1035
987 1037
987 1041
987 1043
988 1016
988 1017
988 1019
988 1021
988 1022
988 1024
988 1038
988 1039
988 1040
988 1042
988 1044
988 1046
989 1013
989 1015
989 1018
989 1045
989 1047
989 1048
989 1050
990 1010
990 1012
990 1014
990 1049
990 1051
990 1052
990 1053
990 1055
991 1007
991 1008
991 1009
991 1011
991 1054
991 1056
991 1057
992 1006
992 1058
992 1059
993 1004
993 1005
993 1060
993 1061
994 1002
994 1003
994 1062
995 1000
995 1001
995 1063
996 999
996 1064
996 1065
997 997
997 998
997 1066
997 1067
998 996
998 1068
999 994
999 995
999 1069
1000 993
1000 1070
1000 1071
1001 991
1001 992
1001 1072
1002 990
1002 1073
1002 1074
1003 990
1003 1075
1004 989
1004 1076
1005 988
1005 1077
1006 987
1006 1077
1007 986
1007 1078
1008 985
1008 1079
1009 985
1009 1080
1010 984
1010 1081
1011 984
1011 1082
1012 983
1012 1082
1013 983
1013 1083
1014 982
1014 1084
1015 981
1015 1085
1016 981
1016 1085
1017 980
1017 1086
1018 979
1018 1087
1019 979
1019 1087
1020 978
1020 1088
1021 977
1021 1088
1022 977
1022 1088
1023 976
1023 1089
1024 976
1024 1090
1025 976
1025 1090
1026 975
1026 1091
1027 975
1027 1091
1028 975
1028 1091
1029 975
1029 1091
1030 975
1030 1091
1031 974
1031 1091
1032 974
1032 1091
1033 974
1033 1091
1034 974
1034 1091
1035 974
1035 1091
1036 974
1036 1091
1037 974
1037 1091
1038 974
1038 1092
1039 973
1039 1093
1040 973
1040 1093
1041 973
1041 1093
1042 972
1042 1093
1043 972
1043 1093
1044 972
1044 1093
1045 972
1045 1093
1046 972
1046 1093
1047 972
1047 1093
1048 972
1048 1093
1049 972
1049 1092
1050 972
1050 1092
1051 972
1051 1092
1052 972
1052 1092
1053 972
1053 1092
1054 973
1054 1092
1055 973
1055 1092
1056 973
1056 1092
1057 973
1057 1092
1058 974
1058 1092
1059 974
1059 1092
1060 974
1060 1091
1061 974
1061 1091
1062 974
1062 1091
1063 974
1063 1091
1064 974
1064 1091
1065 974
1065 1090
1066 974
1066 1090
1067 974
1067 1090
1068 975
1068 1090
1069 975
1069 1089
1070 976
1070 1089
1071 976
1071 1089
1072 976
1072 1088
1073 977
1073 1088
1074 978
1074 1088
1075 979
1075 1087
1076 980
1076 1087
1077 980
1077 1086
1078 981
1078 1085
1079 982
1079 1085
1080 982
1080 1084
1081 983
1081 1084
1082 984
1082 1083
1083 984
1083 1082
1084 985
1084 1082
1085 985
1085 1082
1086 985
1086 1081
1087 986
1087 1080
1088 987
1088 1079
1089 988
1089 1078
1090 989
1090 1077
1091 990
1091 991
1091 1076
1092 992
1092 1075
1093 993
1093 1074
1094 994
1094 1074
1095 995
1095 1072
1095 1073
1096 996
1096 1071
1097 997
1097 998
1097 1070
1098 999
1098 1067
1098 1068
1098 1069
1099 1000
1099 1001
1099 1066
1100 1002
1100 1064
1100 1065
1101 1003
1101 1004
1101 1063
1102 1005
1102 1006
1102 1062
1103 1007
1103 1008
1103 1009
1103 1056
1103 1059
1103 1060
1103 1061
1104 1010
1104 1011
1104 1012
1104 1051
1104 1054
1104 1055
1104 1057
1104 1058
1105 1013
1105 1014
1105 1016
1105 1017
1105 1018
1105 1046
1105 1047
1105 1048
1105 1050
1105 1052
1105 1053
1106 1015
1106 1019
1106 1023
1106 1024
1106 1025
1106 1026
1106 1045
1106 1049
1107 1020
1107 1021
1107 1022
1107 1027
1107 1029
1107 1030
1107 1031
1107 1032
1107 1033
1107 1034
1107 1035
1107 1036
1107 1037
1107 1038
1107 1039
1107 1040
1107 1042
1107 1043
1107 1044
1108 1028
1108 1041
