844 1026
844 1040
844 1041
844 1054
845 1021
845 1022
845 1025
845 1027
845 1028
845 1029
845 1030
845 1031
845 1032
845 1033
845 1034
845 1035
845 1036
845 1037
845 1038
845 1039
845 1042
845 1043
845 1044
845 1045
845 1046
845 1047
845 1048
845 1049
845 1050
845 1051
845 1052
845 1053
845 1055
845 1061
845 1062
846 1016
846 1017
846 1020
846 1023
846 1024
846 1056
846 1057
846 1058
846 1059
846 1060
846 1063
846 1068
847 1013
847 1015
847 1018
847 1019
847 1064
847 1065
847 1066
847 1067
847 1069
847 1070
847 1071
848 1009
848 1012
848 1014
848 1072
848 1073
849 1004
849 1005
849 1008
849 1010
849 1011
849 1074
849 1075
849 1076
850 1000
850 1003
850 1006
850 1007
850 1077
850 1078
851 996
851 997
851 999
851 1001
851 1002
851 1079
851 1080
851 1081
852 993
852 994
852 995
852 998
852 1082
852 1083
852 1084
853 989
853 990
853 992
853 1085
853 1086
854 987
854 988
854 991
854 1087
854 1088
855 985
855 986
855 1089
855 1090
855 1091
856 982
856 983
856 984
856 1092
856 1093
857 980
857 981
857 1094
858 978
858 979
858 1095
858 1096
859 976
859 977
859 1097
859 1098
860 974
860 975
860 1099
860 1100
861 972
861 973
861 1101
861 1102
861 1103
862 970
862 971
862 1104
862 1105
863 968
863 969
863 1106
863 1107
864 966
864 967
864 1108
864 1109
865 964
865 965
865 1110
865 1111
866 962
866 963
866 1112
867 960
867 961
867 1113
867 1114
868 959
868 1115
868 1116
869 957
869 958
869 1117
870 955
870 956
870 1118
870 1119
871 954
871 1120
872 952
872 953
872 1121
872 1122
873 950
873 951
873 1123
874 949
874 1124
874 1125
875 947
875 948
875 1126
876 946
876 1127
877 945
877 1128
877 1129
878 944
878 1130
878 1131
879 942
879 943
879 1132
880 941
880 1133
880 1134
881 940
881 1135
882 939
882 1136
882 1137
883 937
883 938
883 1138
884 936
884 1139
884 1140
885 935
885 1141
886 934
886 1142
887 932
887 933
887 1143
888 931
888 1144
889 929
889 930
889 1145
890 928
890 1146
890 1147
891 927
891 1148
892 926
892 1148
893 925
893 1149
894 924
894 1150
895 923
895 1151
896 922
896 1152
897 921
897 1153
898 920
898 1154
899 919
899 1155
900 919
900 1156
901 918
901 1157
902 917
902 1158
903 916
903 1159
904 915
904 1160
905 914
905 1161
906 913
906 1162
907 913
907 1163
908 912
908 1164
909 911
909 1165
910 910
910 1166
911 909
911 1166
912 908
912 1166
913 907
913 1167
914 906
914 1168
915 906
915 1168
916 905
916 1169
917 904
917 1170
918 903
918 1170
919 902
919 1171
920 902
920 1172
921 901
921 1172
922 901
922 1173
923 900
923 1173
924 899
924 1174
925 899
925 1175
926 898
926 1175
927 897
927 1176
928 897
928 1176
929 896
929 1177
930 895
930 1178
931 894
931 1178
932 893
932 1179
933 893
933 1179
934 892
934 1180
935 892
935 1181
936 891
936 1182
937 891
937 1182
938 890
938 1183
939 890
939 1183
940 889
940 1184
941 888
941 1184
942 888
942 1185
943 887
943 1185
944 887
944 1186
945 886
945 1186
946 886
946 1187
947 885
947 1187
948 885
948 1188
949 884
949 1188
950 884
950 1188
951 883
951 1189
952 883
952 1189
953 883
953 1189
954 882
954 1190
955 882
955 1190
956 882
956 1190
957 881
957 1190
958 881
958 1191
959 881
959 1191
960 880
960 1191
961 880
961 1192
962 879
962 1192
963 879
963 1192
964 879
964 1193
965 878
965 1193
966 878
966 1193
967 877
967 1193
968 877
968 1194
969 876
969 1195
970 876
970 1195
971 876
971 1195
972 876
972 1195
973 875
973 1195
974 875
974 1196
975 875
975 1196
976 875
976 1196
977 874
977 1196
978 874
978 1196
979 874
979 1196
980 874
980 1196
981 874
981 1197
982 874
982 1197
983 873
983 1197
984 873
984 1197
985 873
985 1197
986 873
986 1197
987 873
987 1197
988 872
988 1197
989 872
989 1197
990 872
990 1197
991 872
991 1197
992 872
992 1197
993 872
993 1198
994 872
994 1198
995 872
995 1198
996 871
996 1198
997 871
997 1198
998 871
998 1198
999 871
999 1198
1000 871
1000 1198
1001 871
1001 1198
1002 871
1002 1198
1003 871
1003 1198
1004 871
1004 1198
1005 871
1005 1198
1006 871
1006 1198
1007 871
1007 1198
1008 871
1008 1198
1009 871
1009 1198
1010 871
1010 1198
1011 871
1011 1198
1012 871
1012 1198
1013 871
1013 1198
1014 871
1014 1198
1015 871
1015 1198
1016 871
1016 1198
1017 871
1017 1198
1018 871
1018 1198
1019 871
1019 1198
1020 871
1020 1198
1021 871
1021 1198
1022 871
1022 1198
1023 871
1023 1198
1024 871
1024 1198
1025 871
1025 1198
1026 871
1026 1198
1027 871
1027 1198
1028 871
1028 1198
1029 871
1029 1198
1030 871
1030 1198
1031 871
1031 1198
1032 871
1032 1197
1033 871
1033 1197
1034 871
1034 1197
1035 871
1035 1197
1036 871
1036 1197
1037 871
1037 1197
1038 871
1038 1197
1039 871
1039 1197
1040 871
1040 1197
1041 871
1041 1197
1042 871
1042 1197
1043 871
1043 1196
1044 871
1044 1196
1045 872
1045 1196
1046 872
1046 1196
1047 872
1047 1196
1048 872
1048 1196
1049 872
1049 1196
1050 872
1050 1196
1051 872
1051 1196
1052 873
1052 1196
1053 873
1053 1196
1054 873
1054 1196
1055 873
1055 1195
1056 873
1056 1194
1057 873
1057 1194
1058 874
1058 1194
1059 874
1059 1194
1060 874
1060 1194
1061 874
1061 1194
1062 874
1062 1194
1063 875
1063 1194
1064 875
1064 1194
1065 875
1065 1194
1066 876
1066 1194
1067 876
1067 1193
1068 876
1068 1193
1069 877
1069 1193
1070 877
1070 1193
1071 877
1071 1193
1072 877
1072 1193
1073 878
1073 1192
1074 878
1074 1192
1075 878
1075 1192
1076 879
1076 1192
1077 879
1077 1191
1078 879
1078 1191
1079 880
1079 1191
1080 880
1080 1191
1081 880
1081 1191
1082 881
1082 1190
1083 881
1083 1190
1084 882
1084 1190
1085 882
1085 1189
1086 883
1086 1189
1087 883
1087 1189
1088 883
1088 1188
1089 884
1089 1188
1090 884
1090 1188
1091 884
1091 1187
1092 885
1092 1187
1093 885
1093 1186
1094 885
1094 1186
1095 886
1095 1186
1096 886
1096 1185
1097 886
1097 1185
1098 887
1098 1184
1099 887
1099 1184
1100 888
1100 1184
1101 889
1101 1183
1102 889
1102 1183
1103 890
1103 1182
1104 890
1104 1182
1105 891
1105 1181
1106 892
1106 1180
1107 892
1107 1180
1108 893
1108 1179
1109 894
1109 1179
1110 894
1110 1178
1111 895
1111 1178
1112 896
1112 1177
1113 896
1113 1177
1114 897
1114 1176
1115 898
1115 1176
1116 898
1116 1175
1117 899
1117 1175
1118 900
1118 1175
1119 901
1119 1174
1120 901
1120 1174
1121 902
1121 1173
1122 903
1122 1173
1123 903
1123 1172
1124 904
1124 1172
1125 905
1125 1171
1126 905
1126 1171
1127 906
1127 1171
1128 907
1128 1170
1129 907
1129 1170
1130 908
1130 1169
1131 909
1131 910
1131 1169
1132 911
1132 1169
1133 912
1133 1168
1134 913
1134 1167
1135 914
1135 1167
1136 915
1136 1166
1137 916
1137 1166
1138 917
1138 1165
1139 918
1139 1165
1140 918
1140 1164
1141 919
1141 1163
1142 920
1142 1163
1143 921
1143 1162
1144 922
1144 1161
1145 923
1145 1160
1146 924
1146 1159
1147 925
1147 1158
1148 926
1148 1157
1149 927
1149 1156
1150 928
1150 929
1150 1155
1151 930
1151 1154
1152 931
1152 1153
1153 932
1153 933
1153 1152
1154 934
1154 1151
1155 935
1155 1149
1155 1150
1156 936
1156 1148
1157 937
1157 938
1157 1147
1158 939
1158 1146
1159 940
1159 1145
1160 941
1160 1144
1161 942
1161 943
1161 1142
1161 1143
1162 944
1162 1140
1162 1141
1163 945
1163 946
1163 1139
1164 947
1164 1137
1164 1138
1165 948
1165 1136
1166 949
1166 950
1166 951
1166 1134
1166 1135
1167 952
1167 953
1167 1132
1167 1133
1168 954
1168 1131
1169 955
1169 956
1169 1129
1169 1130
1170 957
1170 958
1170 1127
1170 1128
1171 959
1171 1125
1171 1126
1172 960
1172 961
1172 1123
1172 1124
1173 962
1173 1121
1173 1122
1174 963
1174 964
1174 1120
1175 965
1175 966
1175 1119
1176 967
1176 968
1176 1117
1176 1118
1177 969
1177 970
1177 1115
1177 1116
1178 971
1178 972
1178 1113
1178 1114
1179 973
1179 974
1179 975
1179 976
1179 1111
1179 1112
1180 977
1180 978
1180 1108
1180 1109
1180 1110
1181 979
1181 980
1181 981
1181 1105
1181 1106
1181 1107
1182 982
1182 983
1182 1102
1182 1103
1182 1104
1183 984
1183 985
1183 986
1183 1099
1183 1100
1183 1101
1184 987
1184 988
1184 1093
1184 1096
1184 1097
1184 1098
1185 989
1185 990
1185 991
1185 1089
1185 1092
1185 1094
1185 1095
1186 992
1186 993
1186 994
1186 1085
1186 1088
1186 1090
1186 1091
1187 995
1187 996
1187 997
1187 1084
1187 1086
1187 1087
1188 998
1188 999
1188 1001
1188 1002
1188 1003
1188 1079
1188 1080
1188 1082
1188 1083
1189 1000
1189 1004
1189 1007
1189 1008
1189 1074
1189 1075
1189 1078
1189 1081
1190 1005
1190 1006
1190 1009
1190 1012
1190 1013
1190 1015
1190 1016
1190 1017
1190 1018
1190 1059
1190 1060
1190 1061
1190 1062
1190 1063
1190 1064
1190 1065
1190 1066
1190 1068
1190 1069
1190 1070
1190 1073
1190 1076
1190 1077
1191 1010
1191 1011
1191 1014
1191 1019
1191 1022
1191 1023
1191 1024
1191 1025
1191 1058
1191 1067
1191 1071
1191 1072
1192 1020
1192 1021
1192 1026
1192 1028
1192 1029
1192 1030
1192 1031
1192 1032
1192 1033
1192 1034
1192 1035
1192 1036
1192 1037
1192 1038
1192 1039
1192 1043
1192 1044
1192 1045
1192 1046
1192 1047
1192 1048
1192 1049
1192 1050
1192 1051
1192 1052
1192 1053
1192 1055
1192 1056
1192 1057
1193 1027
1193 1040
1193 1042
1193 1054
1194 1041
