633 862
634 854
634 855
634 861
634 863
634 876
635 848
635 853
635 856
635 857
635 858
635 859
635 860
635 864
635 865
635 866
635 867
635 868
635 869
635 870
635 871
635 872
635 873
635 874
635 875
635 877
635 883
635 884
635 890
636 844
636 845
636 847
636 849
636 850
636 851
636 852
636 878
636 879
636 880
636 881
636 882
636 885
636 886
636 887
636 888
636 889
636 891
636 895
636 896
637 841
637 842
637 843
637 846
637 892
637 893
637 894
637 897
637 900
637 901
638 835
638 837
638 838
638 840
638 898
638 899
638 902
638 903
639 832
639 833
639 834
639 836
639 839
639 904
639 907
639 908
640 829
640 830
640 831
640 905
640 906
640 909
640 912
641 826
641 827
641 828
641 910
641 911
641 913
641 916
641 917
642 823
642 824
642 825
642 914
642 915
642 918
642 919
642 920
643 822
643 921
643 922
644 820
644 821
644 923
644 924
644 925
645 818
645 819
645 926
645 927
646 816
646 817
646 928
646 929
647 814
647 815
647 930
647 931
647 932
648 812
648 813
648 933
648 934
649 810
649 811
649 935
649 936
649 937
650 808
650 809
650 938
650 939
651 806
651 807
651 940
651 941
651 942
652 804
652 805
652 943
652 944
653 802
653 803
653 945
653 946
654 800
654 801
654 947
654 948
655 798
655 799
655 949
655 950
656 796
656 797
656 951
656 952
657 795
657 953
657 954
658 793
658 794
658 955
659 791
659 792
659 956
660 789
660 790
660 957
661 787
661 788
661 958
661 959
662 786
662 960
663 784
663 785
663 961
663 962
664 783
664 963
665 781
665 782
665 964
665 965
666 780
666 966
667 778
667 779
667 967
667 968
668 777
668 969
668 970
669 775
669 776
669 971
670 774
670 972
670 973
671 773
671 974
671 975
672 772
672 976
673 770
673 771
673 977
674 769
674 978
675 768
675 979
676 766
676 767
676 980
677 765
677 981
678 763
678 764
678 982
679 762
679 983
680 761
680 984
681 760
681 985
682 758
682 759
682 986
683 757
683 987
684 756
684 988
685 755
685 989
686 755
686 990
687 754
687 991
688 752
688 753
688 991
689 751
689 992
690 750
690 993
691 749
691 993
692 748
692 994
693 747
693 995
694 746
694 996
695 745
695 996
696 744
696 997
697 743
697 998
698 742
698 998
699 741
699 999
700 740
700 1000
701 739
701 1000
702 738
702 1001
703 737
703 1002
704 736
704 1002
705 735
705 1003
706 735
706 1004
707 734
707 1005
708 733
708 1006
709 732
709 1006
710 732
710 1007
711 731
711 1007
712 730
712 1008
713 729
713 1008
714 729
714 1009
715 728
715 1009
716 727
716 1010
717 727
717 1010
718 726
718 1010
719 726
719 1011
720 725
720 1011
721 724
721 1012
722 724
722 1012
723 723
723 1013
724 722
724 1013
725 722
725 1014
726 721
726 1014
727 721
727 1015
728 720
728 1015
729 720
729 1015
730 719
730 1016
731 719
731 1017
732 718
732 1017
733 717
733 1018
734 717
734 1018
735 717
735 1018
736 716
736 1019
737 716
737 1019
738 715
738 1019
739 715
739 1020
740 715
740 1020
741 714
741 1020
742 714
742 1020
743 714
743 1020
744 713
744 1021
745 713
745 1021
746 712
746 1021
747 712
747 1022
748 712
748 1022
749 711
749 1022
750 711
750 1022
751 711
751 1023
752 710
752 1023
753 710
753 1023
754 709
754 1023
755 709
755 1024
756 709
756 1025
757 708
757 1025
758 708
758 1025
759 708
759 1025
760 707
760 1026
761 707
761 1026
762 707
762 1026
763 707
763 1026
764 706
764 1026
765 706
765 1027
766 706
766 1027
767 706
767 1027
768 705
768 1027
769 705
769 1027
770 705
770 1028
771 705
771 1028
772 704
772 1028
773 704
773 1028
774 704
774 1028
775 704
775 1028
776 704
776 1028
777 703
777 1028
778 703
778 1028
779 703
779 1028
780 703
780 1028
781 703
781 1028
782 702
782 1028
783 702
783 1028
784 702
784 1028
785 702
785 1028
786 702
786 1028
787 702
787 1028
788 702
788 1028
789 702
789 1028
790 702
790 1028
791 702
791 1028
792 702
792 1028
793 702
793 1028
794 702
794 1028
795 702
795 1028
796 702
796 1028
797 702
797 1028
798 702
798 1028
799 702
799 1028
800 702
800 1028
801 702
801 1028
802 702
802 1028
803 702
803 1028
804 702
804 1028
805 702
805 1028
806 702
806 1028
807 702
807 1028
808 703
808 1028
809 703
809 1028
810 703
810 1028
811 703
811 1028
812 703
812 1028
813 703
813 1028
814 703
814 1028
815 703
815 1028
816 703
816 1028
817 703
817 1028
818 703
818 1028
819 703
819 1028
820 703
820 1028
821 703
821 1028
822 703
822 1027
823 703
823 1027
824 703
824 1027
825 703
825 1027
826 703
826 1027
827 703
827 1027
828 703
828 1027
829 703
829 1027
830 703
830 1027
831 703
831 1027
832 703
832 1027
833 703
833 1026
834 703
834 1026
835 704
835 1026
836 704
836 1026
837 704
837 1026
838 704
838 1026
839 704
839 1025
840 704
840 1025
841 704
841 1025
842 704
842 1025
843 704
843 1025
844 704
844 1024
845 705
845 1024
846 705
846 1024
847 706
847 1024
848 706
848 1024
849 706
849 1023
850 707
850 1023
851 707
851 1023
852 707
852 1023
853 707
853 1023
854 708
854 1022
855 708
855 1022
856 708
856 1022
857 709
857 1022
858 709
858 1021
859 709
859 1021
860 709
860 1021
861 709
861 1021
862 710
862 1020
863 710
863 1020
864 710
864 1019
865 710
865 1019
866 711
866 1018
867 711
867 1018
868 711
868 1017
869 711
869 1017
870 712
870 1016
871 712
871 1016
872 712
872 1016
873 712
873 1015
874 713
874 1015
875 713
875 1014
876 713
876 1014
877 714
877 1013
878 714
878 1013
879 714
879 1012
880 714
880 1012
881 715
881 1011
882 715
882 1011
883 715
883 1010
884 715
884 1010
885 715
885 1009
886 715
886 1008
887 716
887 1008
888 716
888 1007
889 716
889 1006
890 717
890 1006
891 717
891 1005
892 717
892 1004
893 717
893 1004
894 718
894 1003
895 718
895 1002
896 718
896 1001
897 719
897 1001
898 719
898 1000
899 720
899 999
900 720
900 999
901 721
901 998
902 721
902 997
903 722
903 997
904 722
904 996
905 723
905 995
906 723
906 995
907 723
907 995
908 724
908 994
909 724
909 993
910 724
910 993
911 725
911 992
912 725
912 991
913 726
913 991
914 726
914 990
915 727
915 989
916 727
916 989
917 728
917 988
918 728
918 987
919 728
919 986
920 729
920 985
921 730
921 984
922 731
922 984
923 732
923 983
924 732
924 982
925 733
925 982
926 734
926 981
927 734
927 980
928 735
928 980
929 736
929 979
930 736
930 978
931 737
931 978
932 738
932 977
933 739
933 976
934 740
934 975
935 741
935 974
936 742
936 973
937 743
937 972
938 744
938 971
939 745
939 970
940 746
940 970
941 747
941 969
942 748
942 968
943 749
943 967
944 750
944 967
945 751
945 966
946 752
946 965
947 753
947 964
948 754
948 963
949 755
949 963
950 756
950 962
951 757
951 961
952 758
952 960
953 759
953 959
954 760
954 958
955 761
955 762
955 957
956 763
956 956
957 764
957 765
957 955
958 766
958 954
959 767
959 768
959 954
960 769
960 953
961 770
961 952
962 771
962 772
962 951
963 773
963 950
964 774
964 775
964 949
965 776
965 777
965 948
966 778
966 947
967 779
967 780
967 946
968 781
968 782
968 945
969 783
969 784
969 943
969 944
970 785
970 941
970 942
971 786
971 787
971 940
972 788
972 789
972 938
972 939
973 790
973 937
974 791
974 792
974 935
974 936
975 793
975 794
975 795
975 934
976 796
976 797
976 932
976 933
977 798
977 799
977 930
977 931
978 800
978 801
978 928
978 929
979 802
979 803
979 804
979 925
979 926
979 927
980 805
980 806
980 923
980 924
981 807
981 808
981 920
981 921
981 922
982 809
982 810
982 811
982 917
982 918
982 919
983 812
983 813
983 814
983 914
983 915
983 916
984 815
984 816
984 817
984 912
984 913
985 818
985 819
985 821
985 909
985 910
985 911
986 820
986 822
986 903
986 906
986 907
986 908
987 823
987 824
987 825
987 828
987 899
987 902
987 904
987 905
988 826
988 827
988 829
988 895
988 898
988 900
988 901
989 830
989 831
989 832
989 835
989 836
989 837
989 838
989 839
989 883
989 884
989 885
989 886
989 887
989 888
989 889
989 891
989 894
989 896
989 897
990 833
990 834
990 840
990 843
990 844
990 845
990 846
990 878
990 879
990 882
990 890
990 892
990 893
991 841
991 842
991 847
991 849
991 850
991 851
991 852
991 853
991 854
991 855
991 856
991 857
991 858
991 859
991 860
991 861
991 862
991 863
991 864
991 865
991 866
991 867
991 868
991 869
991 870
991 871
991 872
991 873
991 874
991 875
991 877
991 880
991 881
992 848
992 876
