656 863
657 851
657 862
657 864
657 875
658 843
658 850
658 852
658 853
658 854
658 855
658 856
658 857
658 858
658 859
658 860
658 861
658 865
658 866
658 867
658 868
658 869
658 870
658 871
658 872
658 873
658 874
658 876
658 884
658 885
658 887
659 839
659 842
659 844
659 845
659 846
659 847
659 848
659 849
659 877
659 878
659 879
659 880
659 881
659 882
659 883
659 886
659 888
659 893
659 894
660 835
660 836
660 838
660 840
660 841
660 889
660 890
660 891
660 892
660 895
660 899
661 831
661 832
661 834
661 837
661 896
661 897
661 898
661 900
661 902
661 903
662 827
662 828
662 830
662 833
662 901
662 904
662 905
662 906
663 824
663 825
663 826
663 829
663 907
663 908
663 909
663 910
664 822
664 823
664 911
664 912
664 913
665 819
665 820
665 821
665 914
665 915
666 816
666 817
666 818
666 916
666 917
666 918
667 814
667 815
667 919
667 920
668 811
668 812
668 813
668 921
669 809
669 810
669 922
669 923
669 924
670 807
670 808
670 925
670 926
671 806
671 927
671 928
672 804
672 805
672 929
672 930
673 802
673 803
673 931
673 932
674 800
674 801
674 933
674 934
675 799
675 935
675 936
676 797
676 798
676 937
676 938
677 796
677 939
678 794
678 795
678 940
678 941
679 792
679 793
679 942
680 791
680 943
680 944
681 789
681 790
681 945
681 946
682 788
682 947
683 785
683 786
683 787
683 948
683 949
684 783
684 784
684 950
685 782
685 951
685 952
686 781
686 953
686 954
687 779
687 780
687 955
688 778
688 956
689 777
689 957
690 776
690 958
691 775
691 959
692 774
692 960
693 773
693 961
694 772
694 962
695 771
695 963
696 770
696 964
697 769
697 965
698 767
698 768
698 966
699 766
699 967
700 765
700 968
701 764
701 969
702 763
702 970
703 762
703 970
704 761
704 971
705 760
705 972
706 758
706 759
706 973
707 757
707 974
708 756
708 975
709 756
709 976
710 755
710 977
711 754
711 978
712 753
712 979
713 753
713 980
714 752
714 981
715 751
715 981
716 751
716 982
717 750
717 983
718 749
718 983
719 749
719 984
720 748
720 984
721 747
721 985
722 747
722 986
723 746
723 987
724 746
724 987
725 745
725 988
726 745
726 988
727 744
727 989
728 743
728 989
729 743
729 990
730 742
730 990
731 742
731 990
732 741
732 991
733 741
733 991
734 740
734 992
735 739
735 992
736 738
736 993
737 738
737 993
738 738
738 994
739 737
739 994
740 737
740 995
741 736
741 995
742 736
742 996
743 735
743 996
744 735
744 997
745 735
745 997
746 735
746 997
747 735
747 998
748 734
748 998
749 734
749 999
750 734
750 999
751 733
751 999
752 733
752 1000
753 732
753 1001
754 732
754 1001
755 732
755 1001
756 731
756 1002
757 731
757 1002
758 731
758 1002
759 730
759 1003
760 730
760 1003
761 730
761 1003
762 730
762 1003
763 729
763 1003
764 729
764 1004
765 729
765 1004
766 729
766 1004
767 729
767 1004
768 728
768 1004
769 728
769 1005
770 728
770 1005
771 728
771 1005
772 727
772 1005
773 727
773 1005
774 727
774 1005
775 727
775 1005
776 726
776 1006
777 726
777 1006
778 726
778 1006
779 726
779 1006
780 726
780 1006
781 726
781 1006
782 726
782 1006
783 726
783 1006
784 726
784 1006
785 726
785 1006
786 726
786 1006
787 726
787 1007
788 725
788 1007
789 725
789 1007
790 725
790 1007
791 725
791 1007
792 725
792 1007
793 725
793 1007
794 725
794 1007
795 725
795 1007
796 725
796 1007
797 725
797 1007
798 725
798 1007
799 725
799 1007
800 725
800 1007
801 725
801 1007
802 725
802 1007
803 725
803 1007
804 725
804 1007
805 725
805 1007
806 725
806 1007
807 725
807 1007
808 726
808 1007
809 726
809 1007
810 726
810 1006
811 726
811 1006
812 726
812 1006
813 726
813 1006
814 726
814 1006
815 726
815 1006
816 726
816 1006
817 726
817 1006
818 726
818 1006
819 726
819 1006
820 726
820 1006
821 727
821 1005
822 727
822 1004
823 727
823 1004
824 727
824 1004
825 727
825 1004
826 727
826 1004
827 727
827 1004
828 727
828 1004
829 727
829 1004
830 727
830 1004
831 727
831 1003
832 727
832 1003
833 727
833 1003
834 727
834 1003
835 728
835 1003
836 728
836 1002
837 728
837 1002
838 728
838 1002
839 728
839 1002
840 729
840 1001
841 729
841 1001
842 729
842 1001
843 729
843 1001
844 729
844 1000
845 729
845 1000
846 729
846 1000
847 730
847 1000
848 730
848 1000
849 730
849 1000
850 730
850 999
851 730
851 999
852 731
852 999
853 731
853 998
854 732
854 997
855 732
855 997
856 732
856 997
857 733
857 997
858 733
858 997
859 733
859 997
860 734
860 996
861 734
861 996
862 735
862 996
863 735
863 996
864 735
864 995
865 735
865 994
866 736
866 994
867 736
867 993
868 736
868 993
869 736
869 993
870 737
870 992
871 737
871 992
872 737
872 991
873 737
873 991
874 737
874 991
875 737
875 990
876 737
876 990
877 738
877 989
878 738
878 989
879 738
879 988
880 739
880 987
881 739
881 987
882 739
882 986
883 740
883 985
884 740
884 985
885 740
885 984
886 741
886 983
887 741
887 983
888 741
888 982
889 742
889 981
890 742
890 981
891 742
891 980
892 743
892 979
893 743
893 979
894 744
894 978
895 744
895 977
896 744
896 977
897 745
897 976
898 745
898 975
899 746
899 975
900 746
900 974
901 746
901 973
902 747
902 973
903 747
903 972
904 748
904 972
905 748
905 971
906 749
906 971
907 749
907 970
908 750
908 969
909 750
909 969
910 751
910 968
911 751
911 967
912 752
912 967
913 752
913 966
914 753
914 965
915 753
915 964
916 754
916 963
917 754
917 963
918 755
918 962
919 755
919 961
920 756
920 961
921 757
921 960
922 757
922 959
923 758
923 959
924 759
924 958
925 759
925 958
926 760
926 957
927 761
927 956
928 762
928 955
929 763
929 954
930 764
930 954
931 765
931 953
932 766
932 952
933 767
933 951
934 768
934 950
935 769
935 949
936 770
936 948
937 771
937 947
938 772
938 946
939 773
939 945
940 774
940 944
941 775
941 943
942 776
942 941
942 942
943 777
943 940
944 778
944 939
945 779
945 780
945 938
946 781
946 936
946 937
947 782
947 783
947 935
948 784
948 934
949 785
949 786
949 933
950 787
950 932
951 788
951 789
951 930
951 931
952 790
952 929
953 791
953 792
953 927
953 928
954 793
954 926
955 794
955 795
955 924
955 925
956 796
956 797
956 923
957 798
957 921
957 922
958 799
958 800
958 919
958 920
959 801
959 917
959 918
960 802
960 803
960 916
961 804
961 805
961 914
961 915
962 806
962 807
962 911
962 912
962 913
963 808
963 809
963 909
963 910
964 810
964 811
964 906
964 907
964 908
965 812
965 813
965 904
965 905
966 814
966 815
966 816
966 899
966 901
966 902
966 903
967 817
967 818
967 819
967 895
967 898
967 900
968 820
968 821
968 822
968 825
968 826
968 827
968 890
968 891
968 894
968 896
968 897
969 823
969 824
969 828
969 831
969 832
969 885
969 886
969 889
969 892
969 893
970 829
970 830
970 833
970 881
970 884
970 887
970 888
971 834
971 835
971 836
971 838
971 839
971 840
971 841
971 877
971 880
971 882
971 883
972 837
972 842
972 845
972 846
972 847
972 871
972 872
972 873
972 874
972 876
972 878
972 879
973 843
973 844
973 848
973 851
973 852
973 853
973 854
973 855
973 856
973 857
973 858
973 859
973 860
973 861
973 862
973 863
973 864
973 865
973 866
973 867
973 870
973 875
974 849
974 850
974 868
974 869
