840 1022
840 1029
840 1030
840 1037
841 1015
841 1021
841 1023
841 1024
841 1025
841 1026
841 1027
841 1028
841 1031
841 1032
841 1033
841 1034
841 1035
841 1036
841 1038
841 1044
842 1007
842 1008
842 1014
842 1016
842 1017
842 1018
842 1019
842 1020
842 1039
842 1040
842 1041
842 1042
842 1043
842 1045
842 1049
842 1050
842 1051
843 999
843 1003
843 1004
843 1006
843 1009
843 1010
843 1011
843 1012
843 1013
843 1046
843 1047
843 1048
843 1052
843 1054
843 1055
844 996
844 997
844 998
844 1000
844 1001
844 1002
844 1005
844 1053
844 1056
844 1057
845 993
845 994
845 995
845 1058
845 1059
845 1060
846 992
846 1061
846 1062
847 990
847 991
847 1063
847 1064
848 988
848 989
848 1065
848 1066
849 985
849 986
849 987
849 1067
849 1068
850 983
850 984
850 1069
851 982
851 1070
851 1071
852 980
852 981
852 1072
852 1073
853 979
853 1074
853 1075
854 977
854 978
854 1076
855 976
855 1077
855 1078
856 974
856 975
856 1079
856 1080
857 973
857 1081
858 972
858 1082
858 1083
859 970
859 971
859 1084
860 968
860 969
860 1085
861 967
861 1086
862 964
862 965
862 966
862 1087
863 963
863 1088
864 962
864 1089
865 961
865 1090
866 959
866 960
866 1091
867 958
867 1091
868 957
868 1092
869 957
869 1093
870 956
870 1094
871 955
871 1095
872 954
872 1096
873 953
873 1097
874 952
874 1098
875 951
875 1099
876 950
876 1099
877 950
877 1100
878 949
878 1101
879 948
879 1102
880 946
880 947
880 1102
881 945
881 1103
882 944
882 1104
883 944
883 1105
884 943
884 1105
885 943
885 1106
886 942
886 1106
887 941
887 1107
888 941
888 1108
889 941
889 1108
890 940
890 1109
891 939
891 1109
892 939
892 1110
893 938
893 1111
894 938
894 1111
895 937
895 1111
896 937
896 1112
897 937
897 1113
898 936
898 1113
899 936
899 1114
900 935
900 1114
901 935
901 1114
902 934
902 1115
903 934
903 1115
904 933
904 1116
905 933
905 1116
906 932
906 1116
907 932
907 1117
908 931
908 1117
909 931
909 1118
910 931
910 1118
911 930
911 1118
912 930
912 1118
913 930
913 1119
914 929
914 1119
915 929
915 1119
916 929
916 1119
917 929
917 1119
918 928
918 1120
919 928
919 1120
920 928
920 1120
921 928
921 1120
922 928
922 1120
923 927
923 1121
924 927
924 1122
925 927
925 1122
926 927
926 1122
927 927
927 1122
928 926
928 1122
929 926
929 1122
930 926
930 1122
931 926
931 1122
932 926
932 1122
933 926
933 1122
934 925
934 1122
935 925
935 1122
936 925
936 1122
937 925
937 1122
938 925
938 1122
939 925
939 1122
940 925
940 1122
941 925
941 1123
942 925
942 1123
943 925
943 1123
944 925
944 1123
945 925
945 1123
946 925
946 1123
947 925
947 1123
948 926
948 1123
949 926
949 1123
950 926
950 1123
951 926
951 1123
952 926
952 1123
953 926
953 1123
954 927
954 1123
955 927
955 1123
956 927
956 1122
957 927
957 1122
958 928
958 1122
959 928
959 1122
960 928
960 1122
961 928
961 1122
962 929
962 1122
963 929
963 1122
964 929
964 1122
965 929
965 1122
966 930
966 1122
967 930
967 1122
968 930
968 1121
969 930
969 1121
970 930
970 1121
971 931
971 1121
972 931
972 1121
973 931
973 1121
974 932
974 1120
975 932
975 1119
976 932
976 1119
977 932
977 1119
978 933
978 1119
979 933
979 1118
980 934
980 1118
981 934
981 1118
982 934
982 1117
983 935
983 1117
984 936
984 1117
985 936
985 1116
986 937
986 1116
987 937
987 1116
988 938
988 1115
989 938
989 1115
990 939
990 1114
991 939
991 1114
992 940
992 1113
993 940
993 1113
994 941
994 1112
995 941
995 1112
996 942
996 1111
997 942
997 1110
998 943
998 1110
999 944
999 1110
1000 944
1000 1109
1001 945
1001 1108
1002 946
1002 1108
1003 947
1003 1107
1004 948
1004 1107
1005 948
1005 1106
1006 949
1006 1105
1007 950
1007 1105
1008 950
1008 1104
1009 950
1009 1103
1010 951
1010 1102
1011 952
1011 1102
1012 953
1012 1101
1013 954
1013 1100
1014 955
1014 1099
1015 955
1015 1098
1016 956
1016 957
1016 1097
1017 958
1017 1097
1018 959
1018 1096
1019 960
1019 1095
1020 961
1020 962
1020 1093
1020 1094
1021 963
1021 1092
1022 964
1022 965
1022 1089
1022 1090
1022 1091
1023 966
1023 1088
1024 967
1024 968
1024 1086
1024 1087
1025 969
1025 1085
1026 970
1026 971
1026 1084
1027 972
1027 1083
1028 973
1028 1082
1029 974
1029 975
1029 1080
1029 1081
1030 976
1030 977
1030 1078
1030 1079
1031 978
1031 1076
1031 1077
1032 979
1032 980
1032 981
1032 982
1032 1074
1032 1075
1033 983
1033 984
1033 985
1033 1072
1033 1073
1034 986
1034 987
1034 988
1034 1069
1034 1070
1034 1071
1035 989
1035 991
1035 1067
1035 1068
1036 990
1036 992
1036 1064
1036 1065
1036 1066
1037 993
1037 994
1037 995
1037 1059
1037 1061
1037 1062
1037 1063
1038 996
1038 997
1038 998
1038 1000
1038 1001
1038 1055
1038 1058
1038 1060
1039 999
1039 1002
1039 1005
1039 1049
1039 1050
1039 1054
1039 1056
1039 1057
1040 1003
1040 1004
1040 1006
1040 1009
1040 1010
1040 1011
1040 1012
1040 1013
1040 1045
1040 1048
1040 1051
1040 1052
1040 1053
1041 1007
1041 1008
1041 1014
1041 1018
1041 1019
1041 1020
1041 1021
1041 1022
1041 1023
1041 1024
1041 1025
1041 1026
1041 1027
1041 1028
1041 1029
1041 1030
1041 1031
1041 1032
1041 1033
1041 1034
1041 1035
1041 1036
1041 1037
1041 1038
1041 1039
1041 1040
1041 1041
1041 1042
1041 1044
1041 1046
1041 1047
1042 1015
1042 1016
1042 1017
1042 1043
