757 1042
758 1029
758 1041
758 1043
758 1056
759 1021
759 1022
759 1028
759 1030
759 1031
759 1032
759 1033
759 1034
759 1035
759 1036
759 1037
759 1038
759 1039
759 1040
759 1044
759 1045
759 1046
759 1047
759 1048
759 1049
759 1050
759 1051
759 1052
759 1053
759 1054
759 1055
759 1057
759 1066
759 1067
759 1069
760 1015
760 1020
760 1023
760 1024
760 1025
760 1026
760 1027
760 1058
760 1059
760 1060
760 1061
760 1062
760 1063
760 1064
760 1065
760 1068
760 1070
760 1074
760 1075
761 1010
761 1011
761 1014
761 1016
761 1017
761 1018
761 1019
761 1071
761 1072
761 1073
761 1076
761 1080
761 1081
762 1006
762 1007
762 1009
762 1012
762 1013
762 1077
762 1078
762 1079
762 1082
763 1002
763 1005
763 1008
763 1083
763 1085
763 1086
764 999
764 1000
764 1001
764 1003
764 1004
764 1084
764 1087
764 1089
764 1090
765 995
765 996
765 998
765 1088
765 1091
765 1093
765 1094
765 1095
766 991
766 992
766 994
766 997
766 1092
766 1096
766 1097
766 1098
767 990
767 993
767 1099
767 1100
767 1101
768 987
768 988
768 989
768 1102
768 1103
769 984
769 985
769 986
769 1104
769 1105
769 1106
770 981
770 982
770 983
770 1107
770 1108
771 977
771 978
771 979
771 980
771 1109
771 1110
772 974
772 975
772 976
772 1111
772 1112
773 972
773 973
773 1113
773 1114
774 970
774 971
774 1115
774 1116
775 968
775 969
775 1117
775 1118
776 966
776 967
776 1119
777 964
777 965
777 1120
778 963
778 1121
778 1122
779 961
779 962
779 1123
779 1124
780 960
780 1125
781 958
781 959
781 1126
781 1127
782 956
782 957
782 1128
783 955
783 1129
783 1130
784 953
784 954
784 1131
785 951
785 952
785 1132
785 1133
786 950
786 1134
786 1135
787 948
787 949
787 1136
788 947
788 1137
788 1138
789 945
789 946
789 1139
790 944
790 1140
790 1141
791 942
791 943
791 1142
792 941
792 1143
792 1144
793 940
793 1145
794 939
794 1146
795 938
795 1147
796 937
796 1148
796 1149
797 936
797 1150
798 935
798 1151
799 934
799 1152
800 933
800 1153
801 932
801 1154
801 1155
802 931
802 1156
803 930
803 1157
804 929
804 1158
805 928
805 1159
806 927
806 1160
807 926
807 1161
808 925
808 1162
809 924
809 1163
810 923
810 1164
811 922
811 1165
812 922
812 1166
813 921
813 1167
814 920
814 1167
815 919
815 1168
816 919
816 1169
817 918
817 1170
818 917
818 1171
819 916
819 1171
820 915
820 1172
821 914
821 1173
822 913
822 1174
823 912
823 1175
824 911
824 1175
825 911
825 1176
826 910
826 1177
827 909
827 1177
828 909
828 1178
829 908
829 1179
830 907
830 1179
831 907
831 1180
832 906
832 1181
833 906
833 1181
834 905
834 1182
835 905
835 1183
836 904
836 1183
837 904
837 1184
838 903
838 1184
839 903
839 1185
840 902
840 1186
841 902
841 1186
842 901
842 1186
843 900
843 1187
844 900
844 1187
845 900
845 1188
846 899
846 1188
847 899
847 1189
848 898
848 1189
849 898
849 1190
850 897
850 1190
851 896
851 1191
852 896
852 1191
853 895
853 1192
854 895
854 1193
855 894
855 1193
856 893
856 1194
857 893
857 1194
858 892
858 1195
859 892
859 1195
860 891
860 1196
861 891
861 1196
862 890
862 1196
863 890
863 1197
864 889
864 1197
865 889
865 1197
866 888
866 1198
867 888
867 1198
868 888
868 1198
869 887
869 1198
870 887
870 1199
871 886
871 1199
872 886
872 1199
873 886
873 1199
874 885
874 1200
875 885
875 1200
876 885
876 1200
877 884
877 1200
878 884
878 1200
879 884
879 1201
880 883
880 1201
881 883
881 1201
882 883
882 1201
883 883
883 1202
884 882
884 1202
885 882
885 1202
886 882
886 1202
887 881
887 1202
888 881
888 1202
889 881
889 1202
890 881
890 1202
891 880
891 1203
892 880
892 1203
893 880
893 1203
894 880
894 1203
895 879
895 1203
896 879
896 1203
897 879
897 1203
898 879
898 1203
899 879
899 1203
900 878
900 1203
901 878
901 1203
902 878
902 1204
903 878
903 1204
904 877
904 1204
905 877
905 1204
906 877
906 1204
907 877
907 1204
908 877
908 1204
909 877
909 1204
910 877
910 1204
911 877
911 1204
912 877
912 1204
913 877
913 1204
914 877
914 1204
915 876
915 1204
916 876
916 1203
917 876
917 1203
918 876
918 1203
919 876
919 1203
920 876
920 1203
921 876
921 1203
922 876
922 1203
923 876
923 1203
924 876
924 1203
925 876
925 1203
926 876
926 1203
927 876
927 1203
928 876
928 1203
929 876
929 1203
930 876
930 1203
931 876
931 1203
932 876
932 1203
933 876
933 1203
934 876
934 1203
935 876
935 1203
936 876
936 1203
937 876
937 1203
938 876
938 1203
939 876
939 1203
940 876
940 1203
941 876
941 1203
942 876
942 1202
943 876
943 1201
944 876
944 1201
945 876
945 1201
946 876
946 1201
947 876
947 1201
948 876
948 1201
949 876
949 1201
950 876
950 1201
951 876
951 1201
952 876
952 1201
953 876
953 1201
954 876
954 1200
955 876
955 1199
956 877
956 1199
957 877
957 1199
958 877
958 1199
959 877
959 1199
960 877
960 1199
961 877
961 1199
962 877
962 1199
963 877
963 1198
964 877
964 1198
965 877
965 1198
966 877
966 1198
967 877
967 1198
968 877
968 1197
969 877
969 1197
970 877
970 1197
971 877
971 1197
972 877
972 1197
973 877
973 1196
974 877
974 1196
975 877
975 1196
976 877
976 1196
977 877
977 1195
978 877
978 1195
979 878
979 1195
980 878
980 1194
981 878
981 1194
982 878
982 1194
983 878
983 1194
984 878
984 1193
985 878
985 1193
986 878
986 1192
987 879
987 1192
988 879
988 1192
989 879
989 1191
990 879
990 1191
991 879
991 1191
992 879
992 1190
993 880
993 1189
994 880
994 1189
995 880
995 1189
996 881
996 1189
997 881
997 1188
998 881
998 1188
999 882
999 1188
1000 882
1000 1187
1001 882
1001 1187
1002 882
1002 1187
1003 883
1003 1186
1004 883
1004 1186
1005 883
1005 1186
1006 883
1006 1186
1007 884
1007 1185
1008 884
1008 1185
1009 884
1009 1185
1010 884
1010 1184
1011 884
1011 1184
1012 885
1012 1184
1013 885
1013 1183
1014 885
1014 1183
1015 886
1015 1182
1016 886
1016 1181
1017 887
1017 1181
1018 887
1018 1180
1019 887
1019 1180
1020 888
1020 1179
1021 888
1021 1179
1022 889
1022 1178
1023 890
1023 1178
1024 891
1024 1177
1025 891
1025 1177
1026 892
1026 1176
1027 892
1027 1176
1028 893
1028 1175
1029 894
1029 1174
1030 894
1030 1173
1031 895
1031 1173
1032 895
1032 1172
1033 896
1033 1171
1034 896
1034 1171
1035 896
1035 1170
1036 897
1036 1169
1037 897
1037 1169
1038 898
1038 1168
1039 899
1039 1168
1040 899
1040 1168
1041 900
1041 1167
1042 901
1042 1166
1043 901
1043 1166
1044 902
1044 1165
1045 903
1045 1164
1046 903
1046 1163
1047 904
1047 1163
1048 905
1048 1162
1049 906
1049 1160
1049 1161
1050 907
1050 1159
1051 907
1051 1158
1052 908
1052 1157
1053 909
1053 1157
1054 910
1054 1156
1055 910
1055 1155
1056 911
1056 1154
1057 912
1057 1153
1058 913
1058 1152
1059 914
1059 1152
1060 915
1060 1151
1061 916
1061 1150
1062 917
1062 1149
1063 917
1063 1148
1064 918
1064 1147
1065 919
1065 1146
1066 920
1066 1145
1067 921
1067 1143
1067 1144
1068 921
1068 1142
1069 922
1069 1141
1070 922
1070 1139
1070 1140
1071 923
1071 1138
1072 924
1072 1137
1073 925
1073 1135
1073 1136
1074 926
1074 1134
1075 927
1075 1133
1076 928
1076 1131
1076 1132
1077 929
1077 1129
1077 1130
1078 930
1078 1128
1079 931
1079 1126
1079 1127
1080 932
1080 933
1080 1125
1081 934
1081 1123
1081 1124
1082 935
1082 1122
1083 936
1083 1120
1083 1121
1084 937
1084 938
1084 1118
1084 1119
1085 939
1085 1116
1085 1117
1086 940
1086 1114
1086 1115
1087 941
1087 1113
1088 942
1088 1111
1088 1112
1089 943
1089 1109
1089 1110
1090 944
1090 1107
1090 1108
1091 945
1091 946
1091 1105
1091 1106
1092 947
1092 948
1092 1103
1092 1104
1093 949
1093 950
1093 1101
1093 1102
1094 951
1094 952
1094 1099
1094 1100
1095 953
1095 954
1095 1097
1095 1098
1096 955
1096 956
1096 1095
1096 1096
1097 957
1097 958
1097 1093
1097 1094
1098 959
1098 960
1098 1091
1098 1092
1099 961
1099 962
1099 1089
1099 1090
1100 963
1100 964
1100 965
1100 1087
1100 1088
1101 966
1101 967
1101 1085
1101 1086
1102 968
1102 969
1102 972
1102 1084
1103 970
1103 971
1103 973
1103 1082
1103 1083
1104 974
1104 975
1104 976
1104 1079
1104 1080
1104 1081
1105 977
1105 978
1105 979
1105 1076
1105 1077
1105 1078
1106 980
1106 981
1106 982
1106 986
1106 1069
1106 1073
1106 1074
1106 1075
1107 983
1107 984
1107 985
1107 987
1107 1065
1107 1068
1107 1070
1107 1071
1107 1072
1108 988
1108 989
1108 990
1108 993
1108 1061
1108 1064
1108 1066
1108 1067
1109 991
1109 992
1109 994
1109 1060
1109 1062
1109 1063
1110 995
1110 996
1110 997
1110 999
1110 1000
1110 1001
1110 1002
1110 1003
1110 1004
1110 1052
1110 1053
1110 1054
1110 1055
1110 1057
1110 1058
1110 1059
1111 998
1111 1005
1111 1008
1111 1009
1111 1010
1111 1011
1111 1046
1111 1047
1111 1048
1111 1051
1111 1056
1112 1006
1112 1007
1112 1012
1112 1014
1112 1015
1112 1016
1112 1017
1112 1018
1112 1019
1112 1020
1112 1021
1112 1022
1112 1023
1112 1024
1112 1025
1112 1026
1112 1027
1112 1028
1112 1029
1112 1030
1112 1031
1112 1032
1112 1033
1112 1034
1112 1035
1112 1036
1112 1037
1112 1038
1112 1039
1112 1040
1112 1041
1112 1045
1112 1049
1112 1050
1113 1013
1113 1042
1113 1043
1113 1044
