683 1049
683 1066
684 1043
684 1044
684 1048
684 1050
684 1051
684 1052
684 1053
684 1054
684 1055
684 1056
684 1057
684 1058
684 1059
684 1060
684 1061
684 1062
684 1063
684 1064
684 1065
684 1067
684 1076
684 1077
684 1082
685 1034
685 1037
685 1038
685 1042
685 1045
685 1046
685 1047
685 1068
685 1069
685 1070
685 1071
685 1072
685 1073
685 1074
685 1075
685 1078
685 1079
685 1080
685 1081
685 1083
685 1087
685 1088
686 1028
686 1029
686 1033
686 1035
686 1036
686 1039
686 1040
686 1041
686 1084
686 1085
686 1086
686 1089
686 1092
686 1093
687 1023
687 1024
687 1027
687 1030
687 1031
687 1032
687 1090
687 1091
687 1094
687 1098
688 1019
688 1022
688 1025
688 1026
688 1095
688 1096
688 1097
688 1099
688 1101
688 1102
689 1016
689 1017
689 1018
689 1020
689 1021
689 1100
689 1103
689 1104
689 1105
690 1012
690 1013
690 1015
690 1106
690 1108
691 1009
691 1010
691 1011
691 1014
691 1107
691 1109
691 1111
691 1112
692 1006
692 1007
692 1008
692 1110
692 1113
693 1004
693 1005
693 1114
693 1115
693 1116
694 1001
694 1002
694 1003
694 1117
694 1118
694 1119
695 999
695 1000
695 1120
695 1121
696 996
696 997
696 998
696 1122
696 1123
696 1124
697 994
697 995
697 1125
697 1126
698 991
698 992
698 993
698 1127
698 1128
698 1129
699 989
699 990
699 1130
699 1131
699 1132
700 987
700 988
700 1133
700 1134
701 985
701 986
701 1135
701 1136
701 1137
702 982
702 983
702 984
702 1138
702 1139
703 980
703 981
703 1140
703 1141
703 1142
704 977
704 978
704 979
704 1143
705 974
705 975
705 976
705 1144
705 1145
706 972
706 973
706 1146
706 1147
707 970
707 971
707 1148
707 1149
708 968
708 969
708 1150
708 1151
709 967
709 1152
709 1153
710 965
710 966
710 1154
710 1155
711 963
711 964
711 1156
711 1157
711 1158
712 961
712 962
712 1159
712 1160
713 959
713 960
713 1161
713 1162
714 958
714 1163
714 1164
715 956
715 957
715 1165
715 1166
716 954
716 955
716 1167
717 953
717 1168
717 1169
718 951
718 952
718 1170
718 1171
719 950
719 1172
720 948
720 949
720 1173
721 946
721 947
721 1174
722 944
722 945
722 1175
723 943
723 1176
724 941
724 942
724 1177
724 1178
725 940
725 1179
726 938
726 939
726 1180
727 936
727 937
727 1181
728 935
728 1182
729 934
729 1183
729 1184
730 934
730 1185
731 933
731 1186
732 931
732 932
732 1187
733 930
733 1188
734 929
734 1189
735 928
735 1190
736 927
736 1191
737 926
737 1192
738 925
738 1193
739 924
739 1194
740 923
740 1195
741 922
741 1196
742 921
742 1196
743 920
743 1197
744 919
744 1198
745 918
745 1199
746 917
746 1200
747 916
747 1201
748 915
748 1202
749 914
749 1203
750 913
750 1204
751 912
751 1205
752 911
752 1206
753 910
753 1207
754 909
754 1208
755 908
755 1209
756 907
756 1210
757 906
757 1210
758 905
758 1211
759 904
759 1212
760 903
760 1212
761 902
761 1213
762 901
762 1214
763 900
763 1214
764 899
764 1215
765 898
765 1216
766 898
766 1216
767 897
767 1216
768 896
768 1217
769 895
769 1218
770 895
770 1218
771 894
771 1219
772 893
772 1219
773 892
773 1220
774 891
774 1220
775 891
775 1221
776 890
776 1221
777 890
777 1222
778 889
778 1222
779 888
779 1223
780 888
780 1223
781 887
781 1223
782 887
782 1224
783 886
783 1224
784 886
784 1225
785 885
785 1225
786 884
786 1226
787 883
787 1226
788 883
788 1227
789 882
789 1227
790 881
790 1228
791 881
791 1228
792 880
792 1229
793 880
793 1229
794 879
794 1229
795 878
795 1230
796 878
796 1231
797 877
797 1231
798 877
798 1232
799 876
799 1232
800 875
800 1232
801 875
801 1233
802 875
802 1233
803 874
803 1234
804 874
804 1234
805 874
805 1234
806 873
806 1235
807 873
807 1235
808 873
808 1235
809 872
809 1235
810 872
810 1235
811 872
811 1236
812 871
812 1236
813 871
813 1236
814 871
814 1237
815 871
815 1237
816 871
816 1237
817 871
817 1237
818 870
818 1238
819 870
819 1238
820 870
820 1238
821 869
821 1238
822 869
822 1239
823 869
823 1239
824 868
824 1239
825 868
825 1240
826 868
826 1240
827 867
827 1240
828 867
828 1241
829 866
829 1241
830 866
830 1241
831 865
831 1241
832 865
832 1242
833 865
833 1242
834 864
834 1242
835 864
835 1243
836 864
836 1243
837 863
837 1243
838 863
838 1243
839 863
839 1243
840 862
840 1244
841 862
841 1244
842 862
842 1244
843 862
843 1244
844 862
844 1244
845 862
845 1244
846 862
846 1244
847 861
847 1244
848 861
848 1244
849 861
849 1244
850 861
850 1244
851 861
851 1244
852 861
852 1244
853 861
853 1244
854 861
854 1245
855 861
855 1246
856 860
856 1246
857 860
857 1246
858 860
858 1246
859 860
859 1246
860 860
860 1246
861 860
861 1246
862 859
862 1246
863 859
863 1246
864 859
864 1246
865 859
865 1246
866 859
866 1246
867 859
867 1246
868 859
868 1246
869 859
869 1246
870 859
870 1246
871 859
871 1246
872 859
872 1246
873 858
873 1246
874 858
874 1246
875 858
875 1246
876 858
876 1246
877 858
877 1246
878 858
878 1246
879 858
879 1246
880 858
880 1246
881 858
881 1246
882 858
882 1246
883 858
883 1246
884 858
884 1246
885 858
885 1246
886 858
886 1246
887 858
887 1246
888 858
888 1246
889 858
889 1246
890 858
890 1246
891 858
891 1246
892 858
892 1246
893 858
893 1246
894 858
894 1246
895 858
895 1246
896 858
896 1246
897 858
897 1246
898 858
898 1246
899 858
899 1246
900 858
900 1246
901 858
901 1246
902 859
902 1246
903 859
903 1246
904 859
904 1245
905 859
905 1245
906 859
906 1245
907 859
907 1245
908 859
908 1245
909 859
909 1245
910 859
910 1245
911 859
911 1245
912 860
912 1244
913 860
913 1244
914 860
914 1244
915 860
915 1244
916 860
916 1244
917 860
917 1244
918 860
918 1244
919 860
919 1243
920 861
920 1243
921 861
921 1243
922 861
922 1243
923 861
923 1243
924 861
924 1243
925 861
925 1242
926 861
926 1242
927 861
927 1242
928 861
928 1242
929 862
929 1242
930 862
930 1241
931 862
931 1241
932 862
932 1241
933 862
933 1241
934 862
934 1241
935 862
935 1240
936 862
936 1240
937 863
937 1240
938 863
938 1240
939 863
939 1239
940 863
940 1239
941 864
941 1238
942 864
942 1238
943 864
943 1238
944 865
944 1237
945 865
945 1237
946 866
946 1236
947 866
947 1236
948 866
948 1235
949 867
949 1234
950 867
950 1234
951 867
951 1233
952 868
952 1233
953 868
953 1232
954 868
954 1232
955 868
955 1232
956 869
956 1231
957 869
957 1231
958 869
958 1230
959 870
959 1230
960 870
960 1229
961 870
961 1229
962 870
962 1228
963 871
963 1228
964 871
964 1228
965 871
965 1227
966 872
966 1227
967 872
967 1226
968 872
968 1226
969 873
969 1225
970 873
970 1225
971 873
971 1224
972 874
972 1224
973 874
973 1223
974 874
974 1223
975 875
975 1222
976 875
976 1222
977 876
977 1222
978 876
978 1221
979 877
979 1221
980 877
980 1220
981 878
981 1220
982 879
982 1219
983 879
983 1219
984 880
984 1218
985 880
985 1217
986 881
986 1217
987 882
987 1216
988 882
988 1216
989 883
989 1215
990 884
990 1214
991 884
991 1214
992 885
992 1213
993 886
993 1213
994 886
994 1212
995 887
995 1212
996 887
996 1211
997 888
997 1210
998 889
998 1210
999 889
999 1209
1000 890
1000 1209
1001 890
1001 1208
1002 891
1002 1207
1003 892
1003 1206
1004 893
1004 1205
1005 893
1005 1204
1006 894
1006 1203
1007 895
1007 1202
1008 895
1008 1201
1009 896
1009 1200
1010 897
1010 1199
1011 898
1011 1198
1012 898
1012 1197
1013 899
1013 1196
1014 900
1014 1195
1015 901
1015 1194
1016 902
1016 1192
1016 1193
1017 903
1017 1191
1018 904
1018 1190
1019 905
1019 1189
1020 906
1020 1187
1020 1188
1021 907
1021 1186
1022 908
1022 1184
1022 1185
1023 909
1023 1183
1024 910
1024 1182
1025 911
1025 1180
1025 1181
1026 912
1026 1179
1027 913
1027 1178
1028 914
1028 1176
1028 1177
1029 915
1029 1175
1030 916
1030 1173
1030 1174
1031 917
1031 1171
1031 1172
1032 918
1032 1170
1033 919
1033 1169
1034 920
1034 1168
1035 921
1035 1166
1035 1167
1036 922
1036 1165
1037 923
1037 924
1037 1164
1038 925
1038 1162
1038 1163
1039 926
1039 1161
1040 927
1040 1161
1041 928
1041 1159
1041 1160
1042 929
1042 1158
1043 930
1043 931
1043 1157
1044 932
1044 1155
1044 1156
1045 933
1045 1154
1046 934
1046 1153
1047 935
1047 1151
1047 1152
1048 936
1048 1149
1048 1150
1049 937
1049 938
1049 1147
1049 1148
1050 939
1050 1146
1051 940
1051 941
1051 1144
1051 1145
1052 942
1052 1143
1053 943
1053 944
1053 1141
1053 1142
1054 945
1054 1140
1055 946
1055 947
1055 948
1055 1138
1055 1139
1056 949
1056 950
1056 1137
1057 951
1057 1136
1058 952
1058 953
1058 1134
1058 1135
1059 954
1059 955
1059 1132
1059 1133
1060 956
1060 1131
1061 957
1061 958
1061 1129
1061 1130
1062 959
1062 960
1062 1128
1063 961
1063 962
1063 1126
1063 1127
1064 963
1064 964
1064 1124
1064 1125
1065 965
1065 966
1065 1123
1066 967
1066 968
1066 1121
1066 1122
1067 969
1067 970
1067 1119
1067 1120
1068 971
1068 972
1068 1117
1068 1118
1069 973
1069 974
1069 1115
1069 1116
1070 975
1070 976
1070 1113
1070 1114
1071 977
1071 978
1071 979
1071 1111
1071 1112
1072 980
1072 981
1072 982
1072 1109
1072 1110
1073 983
1073 984
1073 985
1073 1107
1073 1108
1074 986
1074 987
1074 988
1074 991
1074 1105
1074 1106
1075 989
1075 990
1075 992
1075 1102
1075 1103
1075 1104
1076 993
1076 994
1076 995
1076 1100
1076 1101
1077 996
1077 997
1077 998
1077 1097
1077 1098
1077 1099
1078 999
1078 1000
1078 1001
1078 1091
1078 1094
1078 1095
1078 1096
1079 1002
1079 1003
1079 1006
1079 1087
1079 1090
1079 1092
1079 1093
1080 1004
1080 1005
1080 1007
1080 1010
1080 1083
1080 1086
1080 1088
1080 1089
1081 1008
1081 1009
1081 1011
1081 1014
1081 1015
1081 1079
1081 1080
1081 1082
1081 1084
1081 1085
1082 1012
1082 1013
1082 1016
1082 1019
1082 1021
1082 1022
1082 1023
1082 1024
1082 1025
1082 1026
1082 1027
1082 1028
1082 1029
1082 1030
1082 1074
1082 1075
1082 1078
1082 1081
1083 1017
1083 1018
1083 1020
1083 1031
1083 1070
1083 1073
1083 1076
1083 1077
1084 1032
1084 1033
1084 1034
1084 1036
1084 1037
1084 1038
1084 1039
1084 1040
1084 1041
1084 1042
1084 1043
1084 1044
1084 1045
1084 1049
1084 1050
1084 1051
1084 1052
1084 1053
1084 1054
1084 1055
1084 1056
1084 1057
1084 1058
1084 1059
1084 1060
1084 1061
1084 1062
1084 1063
1084 1064
1084 1066
1084 1069
1084 1071
1084 1072
1085 1035
1085 1046
1085 1048
1085 1065
1085 1067
1085 1068
1086 1047
