748 1041
748 1052
749 1030
749 1040
749 1042
749 1043
749 1044
749 1045
749 1046
749 1047
749 1048
749 1049
749 1050
749 1051
749 1053
749 1059
749 1060
750 1018
750 1021
750 1022
750 1029
750 1031
750 1032
750 1033
750 1034
750 1035
750 1036
750 1037
750 1038
750 1039
750 1054
750 1055
750 1056
750 1057
750 1058
750 1061
750 1063
751 1013
751 1014
751 1017
751 1019
751 1020
751 1023
751 1024
751 1025
751 1026
751 1027
751 1028
751 1062
751 1064
751 1068
751 1069
752 1008
752 1012
752 1015
752 1016
752 1065
752 1066
752 1067
752 1070
752 1073
753 1004
753 1005
753 1007
753 1009
753 1010
753 1011
753 1071
753 1072
753 1074
753 1076
753 1077
754 1000
754 1001
754 1003
754 1006
754 1075
754 1078
754 1080
755 996
755 997
755 999
755 1002
755 1079
755 1081
755 1083
756 993
756 994
756 995
756 998
756 1082
756 1084
756 1086
756 1087
757 990
757 991
757 992
757 1085
757 1088
757 1089
757 1090
758 985
758 986
758 987
758 989
758 1091
758 1092
758 1093
758 1094
759 983
759 984
759 988
759 1095
759 1096
759 1097
760 981
760 982
760 1098
760 1099
761 979
761 980
761 1100
761 1101
762 977
762 978
762 1102
762 1103
763 975
763 976
763 1104
763 1105
764 974
764 1106
764 1107
765 973
765 1108
766 971
766 972
766 1109
766 1110
767 969
767 970
767 1111
767 1112
768 967
768 968
768 1113
769 965
769 966
769 1114
770 963
770 964
770 1115
770 1116
771 961
771 962
771 1117
772 959
772 960
772 1118
772 1119
773 958
773 1120
774 955
774 956
774 957
774 1121
775 954
775 1122
775 1123
776 953
776 1124
777 951
777 952
777 1125
777 1126
778 950
778 1127
779 949
779 1128
779 1129
780 948
780 1130
781 946
781 947
781 1131
782 945
782 1132
783 945
783 1133
784 944
784 1134
785 943
785 1135
786 942
786 1136
786 1137
787 941
787 1138
788 940
788 1139
789 939
789 1140
790 938
790 1141
791 937
791 1142
792 936
792 1143
793 935
793 1144
794 934
794 1145
795 933
795 1146
796 932
796 1147
797 931
797 1148
798 930
798 1149
799 929
799 1149
800 928
800 1150
801 927
801 1151
802 926
802 1151
803 926
803 1151
804 925
804 1152
805 924
805 1153
806 923
806 1153
807 922
807 1154
808 921
808 1155
809 921
809 1155
810 920
810 1156
811 919
811 1157
812 919
812 1158
813 918
813 1159
814 918
814 1159
815 917
815 1160
816 916
816 1160
817 916
817 1161
818 915
818 1162
819 915
819 1162
820 914
820 1162
821 914
821 1163
822 913
822 1164
823 913
823 1164
824 913
824 1165
825 912
825 1165
826 912
826 1166
827 911
827 1166
828 911
828 1167
829 910
829 1168
830 910
830 1169
831 909
831 1169
832 909
832 1170
833 908
833 1170
834 908
834 1171
835 907
835 1171
836 907
836 1172
837 907
837 1172
838 906
838 1173
839 906
839 1173
840 905
840 1174
841 905
841 1174
842 904
842 1175
843 904
843 1175
844 904
844 1175
845 903
845 1175
846 903
846 1175
847 903
847 1176
848 902
848 1176
849 902
849 1176
850 901
850 1177
851 901
851 1177
852 901
852 1177
853 901
853 1178
854 900
854 1178
855 900
855 1178
856 899
856 1178
857 899
857 1179
858 899
858 1179
859 898
859 1179
860 898
860 1180
861 898
861 1180
862 897
862 1180
863 897
863 1181
864 897
864 1181
865 896
865 1181
866 896
866 1182
867 896
867 1182
868 896
868 1182
869 895
869 1182
870 895
870 1182
871 895
871 1182
872 894
872 1182
873 894
873 1182
874 894
874 1182
875 894
875 1182
876 893
876 1183
877 893
877 1184
878 893
878 1184
879 893
879 1184
880 893
880 1184
881 893
881 1184
882 893
882 1184
883 893
883 1184
884 893
884 1184
885 893
885 1184
886 893
886 1184
887 893
887 1184
888 893
888 1184
889 892
889 1184
890 892
890 1184
891 892
891 1184
892 892
892 1184
893 891
893 1184
894 891
894 1184
895 891
895 1184
896 891
896 1184
897 891
897 1184
898 891
898 1184
899 891
899 1184
900 891
900 1184
901 891
901 1184
902 891
902 1184
903 891
903 1184
904 891
904 1184
905 891
905 1184
906 891
906 1184
907 891
907 1184
908 891
908 1184
909 891
909 1184
910 891
910 1184
911 891
911 1184
912 891
912 1184
913 891
913 1184
914 891
914 1184
915 891
915 1183
916 891
916 1183
917 891
917 1183
918 891
918 1183
919 891
919 1182
920 891
920 1182
921 891
921 1182
922 891
922 1182
923 892
923 1182
924 892
924 1181
925 892
925 1181
926 892
926 1181
927 892
927 1180
928 892
928 1180
929 893
929 1180
930 893
930 1179
931 893
931 1179
932 893
932 1179
933 893
933 1178
934 894
934 1178
935 894
935 1178
936 894
936 1177
937 894
937 1177
938 894
938 1177
939 894
939 1176
940 894
940 1175
941 894
941 1175
942 895
942 1175
943 895
943 1175
944 895
944 1174
945 895
945 1174
946 895
946 1173
947 896
947 1173
948 896
948 1173
949 896
949 1172
950 897
950 1172
951 897
951 1172
952 897
952 1171
953 898
953 1171
954 898
954 1170
955 898
955 1170
956 899
956 1170
957 899
957 1169
958 899
958 1169
959 900
959 1168
960 900
960 1167
961 900
961 1167
962 901
962 1166
963 901
963 1166
964 901
964 1165
965 902
965 1165
966 902
966 1164
967 902
967 1164
968 903
968 1163
969 903
969 1163
970 904
970 1163
971 904
971 1163
972 904
972 1162
973 905
973 1162
974 905
974 1161
975 906
975 1161
976 907
976 1160
977 907
977 1160
978 908
978 1159
979 908
979 1158
980 909
980 1158
981 909
981 1158
982 910
982 1157
983 910
983 1156
984 911
984 1156
985 911
985 1155
986 912
986 1155
987 912
987 1154
988 912
988 1154
989 913
989 1153
990 913
990 1152
991 914
991 1151
992 914
992 1151
993 915
993 1150
994 915
994 1149
995 916
995 1148
996 916
996 1148
997 917
997 1147
998 918
998 1145
998 1146
999 919
999 1144
1000 920
1000 1143
1001 921
1001 1142
1002 922
1002 1142
1003 923
1003 1141
1004 924
1004 1140
1005 925
1005 1139
1006 925
1006 1138
1007 926
1007 1138
1008 927
1008 1138
1009 928
1009 1137
1010 928
1010 1136
1011 929
1011 1135
1012 930
1012 1134
1013 931
1013 1133
1014 932
1014 1132
1015 933
1015 1131
1016 934
1016 1130
1017 935
1017 1129
1018 936
1018 1128
1019 937
1019 1127
1020 938
1020 1126
1021 939
1021 1125
1022 940
1022 1125
1023 941
1023 1124
1024 942
1024 1123
1025 943
1025 1121
1025 1122
1026 944
1026 1120
1027 945
1027 1119
1028 946
1028 1118
1029 947
1029 948
1029 1116
1029 1117
1030 949
1030 1115
1031 950
1031 951
1031 1114
1032 952
1032 1113
1033 953
1033 954
1033 1112
1034 955
1034 1111
1035 956
1035 957
1035 1110
1036 958
1036 1108
1036 1109
1037 959
1037 1107
1038 960
1038 961
1038 1105
1038 1106
1039 962
1039 963
1039 1101
1039 1104
1040 964
1040 1100
1040 1102
1040 1103
1041 965
1041 966
1041 1098
1041 1099
1042 967
1042 968
1042 1097
1043 969
1043 1095
1043 1096
1044 970
1044 971
1044 972
1044 973
1044 1093
1044 1094
1045 974
1045 975
1045 1091
1045 1092
1046 976
1046 977
1046 1090
1047 978
1047 979
1047 980
1047 1088
1047 1089
1048 981
1048 982
1048 1086
1048 1087
1049 983
1049 1083
1049 1084
1049 1085
1050 984
1050 985
1050 1077
1050 1080
1050 1081
1050 1082
1051 986
1051 987
1051 988
1051 1075
1051 1076
1051 1078
1051 1079
1052 989
1052 990
1052 991
1052 1072
1052 1073
1052 1074
1053 992
1053 993
1053 996
1053 998
1053 999
1053 1000
1053 1069
1053 1070
1053 1071
1054 994
1054 995
1054 997
1054 1001
1054 1004
1054 1005
1054 1066
1054 1067
1054 1068
1055 1002
1055 1003
1055 1006
1055 1061
1055 1062
1055 1063
1055 1065
1056 1007
1056 1008
1056 1009
1056 1011
1056 1012
1056 1013
1056 1014
1056 1015
1056 1055
1056 1056
1056 1057
1056 1060
1056 1064
1057 1010
1057 1016
1057 1019
1057 1020
1057 1021
1057 1022
1057 1040
1057 1041
1057 1042
1057 1043
1057 1044
1057 1045
1057 1046
1057 1047
1057 1048
1057 1049
1057 1050
1057 1054
1057 1058
1057 1059
1058 1017
1058 1018
1058 1023
1058 1025
1058 1026
1058 1027
1058 1028
1058 1029
1058 1030
1058 1031
1058 1032
1058 1033
1058 1034
1058 1035
1058 1036
1058 1037
1058 1039
1058 1051
1058 1052
1058 1053
1059 1024
1059 1038
