811 1096
812 1083
812 1095
812 1097
812 1110
813 1068
813 1071
813 1072
813 1082
813 1084
813 1085
813 1086
813 1087
813 1088
813 1089
813 1090
813 1091
813 1092
813 1093
813 1094
813 1098
813 1099
813 1100
813 1101
813 1102
813 1103
813 1104
813 1105
813 1106
813 1107
813 1108
813 1109
813 1111
813 1119
813 1120
813 1124
814 1063
814 1064
814 1067
814 1069
814 1070
814 1073
814 1074
814 1075
814 1076
814 1077
814 1078
814 1079
814 1080
814 1081
814 1112
814 1113
814 1114
814 1115
814 1116
814 1117
814 1118
814 1121
814 1122
814 1123
814 1125
814 1129
815 1057
815 1058
815 1062
815 1065
815 1066
815 1126
815 1127
815 1128
815 1130
815 1134
816 1055
816 1056
816 1059
816 1060
816 1061
816 1131
816 1132
816 1133
816 1135
816 1138
817 1052
817 1053
817 1054
817 1136
817 1137
817 1139
817 1141
817 1142
818 1049
818 1050
818 1051
818 1140
818 1143
818 1144
818 1145
819 1045
819 1046
819 1048
819 1146
819 1147
819 1148
820 1042
820 1043
820 1044
820 1047
820 1149
820 1151
821 1039
821 1040
821 1041
821 1150
821 1152
821 1153
821 1154
822 1036
822 1037
822 1038
822 1155
822 1156
823 1034
823 1035
823 1157
823 1158
823 1159
824 1031
824 1032
824 1033
824 1160
824 1161
825 1028
825 1029
825 1030
825 1162
825 1163
826 1026
826 1027
826 1164
826 1165
827 1024
827 1025
827 1166
827 1167
828 1022
828 1023
828 1168
828 1169
829 1020
829 1021
829 1170
829 1171
830 1018
830 1019
830 1172
830 1173
831 1016
831 1017
831 1174
831 1175
831 1176
832 1015
832 1177
832 1178
833 1013
833 1014
833 1179
833 1180
834 1012
834 1181
835 1011
835 1182
835 1183
836 1009
836 1010
836 1184
837 1008
837 1185
837 1186
838 1006
838 1007
838 1187
839 1005
839 1188
840 1003
840 1004
840 1189
841 1002
841 1190
842 1000
842 1001
842 1191
842 1192
843 999
843 1193
844 997
844 998
844 1194
844 1195
845 996
845 1196
846 995
846 1197
846 1198
846 1199
847 993
847 994
847 1200
847 1201
848 992
848 1202
849 991
849 1203
850 990
850 1204
851 988
851 989
851 1205
851 1206
852 987
852 1207
853 986
853 1208
854 985
854 1209
855 984
855 1210
856 983
856 1210
857 982
857 1211
858 981
858 1212
859 980
859 1213
860 979
860 1214
861 978
861 1215
862 977
862 1216
863 976
863 1217
864 975
864 1218
865 974
865 1219
866 974
866 1219
867 973
867 1220
868 973
868 1221
869 972
869 1222
870 971
870 1223
871 971
871 1224
872 970
872 1225
873 969
873 1226
874 968
874 1227
875 967
875 1228
876 965
876 966
876 1229
877 964
877 1230
878 964
878 1231
879 963
879 1231
880 962
880 1232
881 962
881 1233
882 961
882 1233
883 960
883 1234
884 960
884 1235
885 959
885 1235
886 959
886 1236
887 958
887 1236
888 957
888 1237
889 957
889 1237
890 956
890 1238
891 955
891 1238
892 955
892 1239
893 954
893 1239
894 954
894 1240
895 953
895 1240
896 953
896 1241
897 952
897 1241
898 951
898 1242
899 951
899 1242
900 950
900 1243
901 950
901 1243
902 949
902 1244
903 949
903 1244
904 948
904 1245
905 948
905 1245
906 947
906 1246
907 947
907 1246
908 946
908 1247
909 945
909 1247
910 945
910 1248
911 944
911 1248
912 944
912 1249
913 943
913 1249
914 943
914 1250
915 943
915 1250
916 942
916 1250
917 942
917 1251
918 942
918 1251
919 941
919 1251
920 941
920 1252
921 941
921 1252
922 940
922 1252
923 940
923 1252
924 940
924 1253
925 939
925 1253
926 939
926 1254
927 938
927 1254
928 938
928 1254
929 938
929 1255
930 937
930 1255
931 937
931 1255
932 937
932 1256
933 936
933 1256
934 936
934 1256
935 936
935 1256
936 935
936 1257
937 935
937 1257
938 934
938 1258
939 934
939 1258
940 934
940 1258
941 933
941 1259
942 933
942 1259
943 933
943 1259
944 932
944 1260
945 932
945 1260
946 932
946 1260
947 931
947 1260
948 931
948 1261
949 931
949 1262
950 931
950 1262
951 931
951 1262
952 931
952 1262
953 931
953 1262
954 931
954 1262
955 931
955 1262
956 930
956 1262
957 930
957 1262
958 930
958 1262
959 930
959 1262
960 930
960 1262
961 930
961 1262
962 930
962 1263
963 929
963 1263
964 929
964 1263
965 929
965 1263
966 928
966 1263
967 928
967 1263
968 928
968 1263
969 928
969 1263
970 928
970 1263
971 928
971 1263
972 928
972 1263
973 928
973 1263
974 928
974 1263
975 928
975 1263
976 928
976 1263
977 928
977 1263
978 928
978 1263
979 928
979 1263
980 928
980 1263
981 928
981 1263
982 928
982 1263
983 928
983 1263
984 928
984 1263
985 928
985 1263
986 928
986 1263
987 927
987 1263
988 927
988 1263
989 927
989 1263
990 927
990 1264
991 927
991 1264
992 927
992 1264
993 927
993 1264
994 927
994 1264
995 927
995 1264
996 927
996 1264
997 927
997 1263
998 927
998 1263
999 927
999 1263
1000 928
1000 1263
1001 928
1001 1263
1002 928
1002 1262
1003 928
1003 1262
1004 928
1004 1262
1005 928
1005 1262
1006 928
1006 1262
1007 928
1007 1261
1008 928
1008 1261
1009 928
1009 1261
1010 928
1010 1261
1011 928
1011 1261
1012 928
1012 1261
1013 928
1013 1260
1014 928
1014 1260
1015 928
1015 1260
1016 928
1016 1260
1017 929
1017 1260
1018 929
1018 1259
1019 929
1019 1259
1020 929
1020 1259
1021 929
1021 1259
1022 929
1022 1259
1023 929
1023 1258
1024 930
1024 1258
1025 930
1025 1258
1026 930
1026 1258
1027 930
1027 1258
1028 931
1028 1257
1029 931
1029 1256
1030 932
1030 1256
1031 932
1031 1256
1032 933
1032 1256
1033 933
1033 1255
1034 933
1034 1255
1035 934
1035 1255
1036 934
1036 1255
1037 935
1037 1254
1038 935
1038 1254
1039 936
1039 1254
1040 936
1040 1253
1041 936
1041 1253
1042 937
1042 1253
1043 937
1043 1253
1044 938
1044 1252
1045 938
1045 1252
1046 939
1046 1252
1047 939
1047 1251
1048 940
1048 1251
1049 940
1049 1251
1050 941
1050 1250
1051 941
1051 1250
1052 941
1052 1250
1053 941
1053 1249
1054 942
1054 1248
1055 942
1055 1248
1056 943
1056 1248
1057 943
1057 1247
1058 944
1058 1247
1059 944
1059 1246
1060 944
1060 1246
1061 945
1061 1246
1062 945
1062 1245
1063 946
1063 1245
1064 946
1064 1245
1065 947
1065 1244
1066 947
1066 1244
1067 948
1067 1243
1068 948
1068 1243
1069 949
1069 1242
1070 949
1070 1242
1071 950
1071 1241
1072 950
1072 1241
1073 951
1073 1240
1074 951
1074 1239
1075 952
1075 1239
1076 952
1076 1238
1077 953
1077 1238
1078 953
1078 1238
1079 954
1079 1237
1080 954
1080 1237
1081 955
1081 1236
1082 956
1082 1235
1083 956
1083 1235
1084 957
1084 1234
1085 957
1085 1234
1086 958
1086 1233
1087 959
1087 1233
1088 959
1088 1232
1089 960
1089 1232
1090 960
1090 1231
1091 961
1091 1230
1092 962
1092 1230
1093 962
1093 1229
1094 963
1094 1228
1095 963
1095 1228
1096 964
1096 1227
1097 965
1097 1226
1098 965
1098 1226
1099 966
1099 1225
1100 967
1100 1224
1101 968
1101 1223
1102 969
1102 1222
1103 969
1103 1221
1104 970
1104 1221
1105 971
1105 1220
1106 972
1106 1219
1107 973
1107 1218
1108 973
1108 1217
1109 974
1109 1216
1110 975
1110 1215
1111 976
1111 1214
1112 977
1112 1213
1113 978
1113 1212
1114 979
1114 1211
1115 980
1115 1211
1116 980
1116 1210
1117 981
1117 1209
1118 982
1118 1208
1119 983
1119 1207
1120 984
1120 1206
1121 985
1121 1205
1122 986
1122 1203
1122 1204
1123 987
1123 1202
1124 988
1124 1201
1125 989
1125 1199
1125 1200
1126 990
1126 1198
1127 991
1127 992
1127 1196
1127 1197
1128 993
1128 1195
1129 994
1129 995
1129 1193
1129 1194
1130 996
1130 1192
1131 997
1131 998
1131 1190
1131 1191
1132 999
1132 1188
1132 1189
1133 1000
1133 1001
1133 1187
1134 1002
1134 1185
1134 1186
1135 1003
1135 1183
1135 1184
1136 1004
1136 1005
1136 1182
1137 1006
1137 1180
1137 1181
1138 1007
1138 1008
1138 1179
1139 1009
1139 1177
1139 1178
1140 1010
1140 1011
1140 1176
1141 1012
1141 1174
1141 1175
1142 1013
1142 1014
1142 1173
1143 1015
1143 1016
1143 1170
1143 1171
1143 1172
1144 1017
1144 1018
1144 1168
1144 1169
1145 1019
1145 1020
1145 1166
1145 1167
1146 1021
1146 1022
1146 1164
1146 1165
1147 1023
1147 1024
1147 1160
1147 1161
1147 1162
1147 1163
1148 1025
1148 1026
1148 1158
1148 1159
1149 1027
1149 1028
1149 1155
1149 1156
1149 1157
1150 1029
1150 1030
1150 1031
1150 1152
1150 1153
1150 1154
1151 1032
1151 1033
1151 1034
1151 1150
1151 1151
1152 1035
1152 1036
1152 1148
1152 1149
1153 1037
1153 1038
1153 1039
1153 1145
1153 1146
1153 1147
1154 1040
1154 1041
1154 1142
1154 1143
1154 1144
1155 1042
1155 1043
1155 1135
1155 1139
1155 1140
1155 1141
1156 1044
1156 1045
1156 1046
1156 1134
1156 1136
1156 1137
1156 1138
1157 1047
1157 1048
1157 1049
1157 1128
1157 1131
1157 1132
1157 1133
1158 1050
1158 1051
1158 1052
1158 1127
1158 1129
1158 1130
1159 1053
1159 1054
1159 1056
1159 1057
1159 1058
1159 1120
1159 1121
1159 1122
1159 1124
1159 1125
1159 1126
1160 1055
1160 1059
1160 1061
1160 1062
1160 1063
1160 1114
1160 1115
1160 1116
1160 1119
1160 1123
1161 1060
1161 1064
1161 1066
1161 1067
1161 1098
1161 1099
1161 1100
1161 1101
1161 1102
1161 1103
1161 1104
1161 1105
1161 1106
1161 1107
1161 1108
1161 1109
1161 1113
1161 1117
1161 1118
1162 1065
1162 1068
1162 1070
1162 1071
1162 1072
1162 1073
1162 1074
1162 1075
1162 1076
1162 1077
1162 1078
1162 1079
1162 1080
1162 1081
1162 1082
1162 1083
1162 1084
1162 1085
1162 1086
1162 1087
1162 1088
1162 1089
1162 1090
1162 1091
1162 1092
1162 1093
1162 1094
1162 1095
1162 1097
1162 1110
1162 1111
1162 1112
1163 1069
1163 1096
