855 1086
855 1087
855 1097
855 1108
856 1081
856 1082
856 1085
856 1088
856 1089
856 1090
856 1091
856 1092
856 1093
856 1094
856 1095
856 1096
856 1098
856 1099
856 1100
856 1101
856 1102
856 1103
856 1104
856 1105
856 1106
856 1107
856 1109
856 1118
857 1076
857 1077
857 1078
857 1080
857 1083
857 1084
857 1110
857 1111
857 1112
857 1113
857 1114
857 1115
857 1116
857 1117
857 1119
857 1120
857 1121
858 1072
858 1073
858 1075
858 1079
858 1122
858 1123
858 1124
859 1069
859 1070
859 1071
859 1074
859 1125
859 1126
859 1128
860 1066
860 1068
860 1127
860 1129
860 1130
860 1131
861 1062
861 1065
861 1067
861 1132
861 1133
862 1056
862 1058
862 1061
862 1063
862 1064
862 1134
862 1135
863 1054
863 1055
863 1057
863 1059
863 1060
863 1136
863 1137
864 1052
864 1053
864 1138
865 1049
865 1050
865 1051
865 1139
866 1047
866 1048
866 1140
866 1141
867 1046
867 1142
867 1143
868 1045
868 1144
868 1145
869 1043
869 1044
869 1146
869 1147
870 1041
870 1042
870 1148
870 1149
871 1038
871 1039
871 1040
871 1150
871 1151
872 1036
872 1037
872 1152
872 1153
873 1034
873 1035
873 1154
874 1032
874 1033
874 1155
875 1030
875 1031
875 1156
875 1157
876 1029
876 1158
876 1159
877 1027
877 1028
877 1160
878 1025
878 1026
878 1161
878 1162
879 1023
879 1024
879 1163
879 1164
880 1022
880 1165
880 1166
881 1019
881 1020
881 1021
881 1167
882 1018
882 1168
883 1017
883 1169
884 1016
884 1170
885 1014
885 1015
885 1171
885 1172
886 1013
886 1173
887 1012
887 1174
888 1011
888 1175
889 1010
889 1176
890 1009
890 1177
891 1009
891 1178
892 1008
892 1179
893 1007
893 1180
894 1006
894 1180
895 1005
895 1181
896 1004
896 1182
897 1004
897 1183
898 1003
898 1184
899 1002
899 1184
900 1001
900 1185
901 1000
901 1186
902 999
902 1187
903 998
903 1188
904 997
904 1188
905 997
905 1189
906 996
906 1189
907 996
907 1190
908 995
908 1190
909 994
909 1190
910 994
910 1190
911 993
911 1191
912 992
912 1192
913 992
913 1192
914 991
914 1193
915 990
915 1193
916 990
916 1194
917 989
917 1194
918 989
918 1195
919 988
919 1196
920 988
920 1197
921 987
921 1197
922 986
922 1198
923 986
923 1198
924 985
924 1199
925 985
925 1199
926 984
926 1199
927 984
927 1200
928 983
928 1200
929 982
929 1201
930 982
930 1201
931 982
931 1202
932 981
932 1202
933 981
933 1203
934 980
934 1203
935 980
935 1204
936 979
936 1204
937 979
937 1205
938 978
938 1205
939 977
939 1206
940 977
940 1206
941 976
941 1206
942 976
942 1206
943 975
943 1207
944 975
944 1208
945 975
945 1208
946 974
946 1208
947 974
947 1208
948 974
948 1208
949 973
949 1208
950 973
950 1208
951 973
951 1208
952 972
952 1208
953 972
953 1209
954 972
954 1210
955 971
955 1210
956 971
956 1210
957 971
957 1211
958 970
958 1211
959 970
959 1211
960 970
960 1211
961 970
961 1212
962 969
962 1212
963 969
963 1212
964 969
964 1212
965 969
965 1212
966 968
966 1212
967 968
967 1212
968 968
968 1212
969 968
969 1212
970 968
970 1212
971 967
971 1212
972 967
972 1212
973 967
973 1212
974 967
974 1212
975 966
975 1212
976 966
976 1212
977 966
977 1212
978 966
978 1212
979 966
979 1212
980 966
980 1212
981 966
981 1212
982 966
982 1212
983 966
983 1212
984 966
984 1212
985 966
985 1212
986 966
986 1212
987 966
987 1212
988 966
988 1212
989 966
989 1212
990 966
990 1212
991 966
991 1212
992 966
992 1212
993 966
993 1212
994 966
994 1212
995 966
995 1212
996 966
996 1212
997 966
997 1212
998 966
998 1211
999 966
999 1211
1000 966
1000 1211
1001 966
1001 1211
1002 966
1002 1211
1003 966
1003 1211
1004 966
1004 1211
1005 966
1005 1211
1006 966
1006 1210
1007 966
1007 1210
1008 966
1008 1210
1009 966
1009 1210
1010 966
1010 1210
1011 966
1011 1210
1012 966
1012 1210
1013 966
1013 1210
1014 966
1014 1210
1015 966
1015 1210
1016 966
1016 1210
1017 967
1017 1210
1018 967
1018 1210
1019 967
1019 1210
1020 968
1020 1210
1021 968
1021 1210
1022 968
1022 1210
1023 968
1023 1210
1024 968
1024 1209
1025 968
1025 1209
1026 968
1026 1209
1027 968
1027 1209
1028 969
1028 1209
1029 969
1029 1209
1030 969
1030 1208
1031 969
1031 1208
1032 969
1032 1208
1033 970
1033 1208
1034 970
1034 1207
1035 970
1035 1206
1036 970
1036 1206
1037 971
1037 1206
1038 971
1038 1206
1039 971
1039 1205
1040 971
1040 1205
1041 971
1041 1205
1042 972
1042 1205
1043 972
1043 1204
1044 972
1044 1203
1045 973
1045 1203
1046 973
1046 1203
1047 973
1047 1203
1048 974
1048 1203
1049 974
1049 1202
1050 975
1050 1202
1051 975
1051 1202
1052 976
1052 1201
1053 976
1053 1201
1054 976
1054 1201
1055 977
1055 1200
1056 977
1056 1200
1057 977
1057 1200
1058 978
1058 1199
1059 978
1059 1199
1060 979
1060 1199
1061 979
1061 1198
1062 980
1062 1198
1063 980
1063 1198
1064 981
1064 1198
1065 981
1065 1197
1066 981
1066 1197
1067 982
1067 1196
1068 982
1068 1196
1069 983
1069 1195
1070 983
1070 1195
1071 983
1071 1195
1072 984
1072 1194
1073 984
1073 1194
1074 985
1074 1193
1075 985
1075 1193
1076 986
1076 1192
1077 986
1077 1192
1078 987
1078 1191
1079 988
1079 1191
1080 989
1080 1190
1081 989
1081 1189
1082 990
1082 1188
1083 990
1083 1188
1084 991
1084 1187
1085 992
1085 1187
1086 992
1086 1186
1087 993
1087 1186
1088 994
1088 1185
1089 994
1089 1185
1090 995
1090 1184
1091 996
1091 1183
1092 996
1092 1182
1093 997
1093 1181
1094 998
1094 1181
1095 998
1095 1180
1096 999
1096 1179
1097 1000
1097 1178
1098 1000
1098 1177
1099 1001
1099 1177
1100 1001
1100 1176
1101 1002
1101 1175
1102 1003
1102 1174
1103 1004
1103 1173
1104 1004
1104 1172
1105 1005
1105 1171
1106 1006
1106 1170
1107 1007
1107 1169
1108 1008
1108 1168
1109 1008
1109 1168
1110 1009
1110 1167
1111 1010
1111 1166
1112 1011
1112 1165
1113 1012
1113 1164
1114 1013
1114 1163
1115 1014
1115 1162
1116 1015
1116 1162
1117 1016
1117 1161
1118 1017
1118 1018
1118 1160
1119 1019
1119 1159
1120 1020
1120 1158
1121 1021
1121 1157
1122 1022
1122 1156
1123 1023
1123 1155
1124 1024
1124 1025
1124 1153
1124 1154
1125 1026
1125 1151
1125 1152
1126 1027
1126 1150
1127 1028
1127 1148
1127 1149
1128 1029
1128 1147
1129 1030
1129 1145
1129 1146
1130 1031
1130 1143
1130 1144
1131 1032
1131 1033
1131 1142
1132 1034
1132 1141
1133 1035
1133 1139
1133 1140
1134 1036
1134 1037
1134 1138
1135 1038
1135 1136
1135 1137
1136 1039
1136 1135
1137 1040
1137 1133
1137 1134
1138 1041
1138 1132
1139 1042
1139 1130
1139 1131
1140 1043
1140 1044
1140 1128
1140 1129
1141 1045
1141 1127
1142 1046
1142 1125
1142 1126
1143 1047
1143 1123
1143 1124
1144 1048
1144 1049
1144 1120
1144 1121
1144 1122
1145 1050
1145 1051
1145 1118
1145 1119
1146 1052
1146 1053
1146 1115
1146 1116
1146 1117
1147 1054
1147 1112
1147 1113
1147 1114
1148 1055
1148 1056
1148 1059
1148 1109
1148 1110
1148 1111
1149 1057
1149 1058
1149 1060
1149 1107
1149 1108
1150 1061
1150 1062
1150 1063
1150 1104
1150 1105
1150 1106
1151 1064
1151 1065
1151 1066
1151 1069
1151 1098
1151 1101
1151 1102
1151 1103
1152 1067
1152 1068
1152 1070
1152 1072
1152 1073
1152 1074
1152 1075
1152 1076
1152 1094
1152 1095
1152 1097
1152 1099
1152 1100
1153 1071
1153 1077
1153 1080
1153 1081
1153 1082
1153 1083
1153 1088
1153 1089
1153 1090
1153 1093
1153 1096
1154 1078
1154 1079
1154 1084
1154 1087
1154 1091
1154 1092
1155 1085
1155 1086
