848 811
848 822
848 833
849 803
849 804
849 810
849 812
849 813
849 814
849 815
849 816
849 817
849 818
849 819
849 820
849 821
849 823
849 824
849 825
849 826
849 827
849 828
849 829
849 830
849 831
849 832
849 834
849 841
849 842
850 800
850 802
850 805
850 806
850 807
850 808
850 809
850 835
850 836
850 837
850 838
850 839
850 840
850 843
851 795
851 796
851 799
851 801
851 844
851 847
851 848
852 790
852 791
852 792
852 794
852 797
852 798
852 845
852 846
852 849
852 851
852 852
852 853
853 787
853 788
853 789
853 793
853 850
853 854
853 855
853 856
854 783
854 784
854 786
854 857
854 858
855 780
855 781
855 782
855 785
855 859
855 860
855 861
856 777
856 778
856 779
856 862
856 863
857 774
857 775
857 776
857 864
857 865
857 866
858 771
858 772
858 773
858 867
858 868
858 869
859 769
859 770
859 870
859 871
859 872
859 873
860 767
860 768
860 874
860 875
861 766
861 876
861 877
862 764
862 765
862 878
862 879
863 762
863 763
863 880
864 760
864 761
864 881
864 882
865 759
865 883
865 884
866 757
866 758
866 885
867 756
867 886
868 755
868 887
869 753
869 754
869 888
869 889
870 751
870 752
870 890
871 750
871 891
872 749
872 892
873 747
873 748
873 893
874 746
874 894
875 745
875 895
876 744
876 896
877 743
877 897
878 742
878 898
878 899
879 741
879 900
880 740
880 901
881 739
881 902
882 738
882 903
883 737
883 904
884 736
884 905
885 734
885 735
885 905
886 733
886 906
887 732
887 907
888 732
888 908
889 731
889 909
890 730
890 910
891 729
891 911
892 728
892 912
893 727
893 913
894 727
894 914
895 726
895 915
896 726
896 916
897 725
897 917
898 724
898 918
899 723
899 919
900 723
900 920
901 722
901 921
902 721
902 922
903 720
903 923
904 719
904 924
905 719
905 924
906 718
906 925
907 717
907 926
908 716
908 926
909 716
909 927
910 715
910 927
911 714
911 928
912 714
912 928
913 713
913 929
914 712
914 930
915 711
915 931
916 711
916 931
917 710
917 932
918 709
918 932
919 709
919 933
920 708
920 933
921 707
921 933
922 707
922 933
923 706
923 934
924 706
924 934
925 706
925 935
926 705
926 935
927 705
927 936
928 704
928 936
929 704
929 936
930 704
930 937
931 704
931 938
932 703
932 938
933 703
933 938
934 703
934 939
935 702
935 939
936 702
936 939
937 702
937 939
938 701
938 939
939 701
939 940
940 701
940 940
941 701
941 940
942 700
942 941
943 700
943 941
944 700
944 941
945 699
945 941
946 699
946 941
947 699
947 942
948 698
948 943
949 698
949 943
950 698
950 943
951 697
951 943
952 697
952 943
953 697
953 943
954 697
954 943
955 697
955 943
956 696
956 943
957 696
957 943
958 696
958 943
959 696
959 943
960 696
960 943
961 696
961 943
962 695
962 943
963 695
963 943
964 695
964 944
965 695
965 944
966 694
966 944
967 694
967 944
968 694
968 944
969 694
969 944
970 694
970 944
971 693
971 944
972 693
972 944
973 693
973 944
974 693
974 944
975 693
975 944
976 693
976 944
977 693
977 944
978 693
978 944
979 693
979 944
980 693
980 944
981 693
981 944
982 693
982 944
983 693
983 944
984 693
984 944
985 693
985 944
986 693
986 944
987 693
987 944
988 693
988 944
989 693
989 944
990 693
990 944
991 693
991 944
992 693
992 944
993 693
993 944
994 693
994 944
995 693
995 944
996 693
996 944
997 693
997 944
998 693
998 944
999 693
999 944
1000 693
1000 944
1001 693
1001 944
1002 693
1002 944
1003 693
1003 944
1004 693
1004 944
1005 693
1005 944
1006 693
1006 944
1007 693
1007 944
1008 693
1008 944
1009 693
1009 944
1010 693
1010 944
1011 693
1011 944
1012 693
1012 944
1013 693
1013 944
1014 694
1014 943
1015 694
1015 943
1016 694
1016 943
1017 694
1017 943
1018 695
1018 942
1019 695
1019 941
1020 695
1020 941
1021 696
1021 941
1022 696
1022 941
1023 696
1023 941
1024 697
1024 940
1025 697
1025 940
1026 697
1026 940
1027 697
1027 939
1028 698
1028 939
1029 698
1029 939
1030 699
1030 938
1031 699
1031 938
1032 700
1032 937
1033 700
1033 937
1034 700
1034 936
1035 701
1035 935
1036 702
1036 935
1037 703
1037 934
1038 703
1038 934
1039 704
1039 933
1040 704
1040 933
1041 705
1041 932
1042 705
1042 932
1043 706
1043 931
1044 706
1044 931
1045 707
1045 931
1046 707
1046 931
1047 708
1047 930
1048 708
1048 930
1049 709
1049 929
1050 709
1050 929
1051 710
1051 928
1052 711
1052 927
1053 711
1053 926
1054 712
1054 926
1055 712
1055 925
1056 712
1056 925
1057 713
1057 924
1058 713
1058 924
1059 714
1059 923
1060 714
1060 923
1061 715
1061 922
1062 715
1062 922
1063 716
1063 921
1064 716
1064 920
1065 717
1065 718
1065 920
1066 719
1066 919
1067 720
1067 918
1068 721
1068 917
1069 722
1069 917
1070 723
1070 916
1071 724
1071 915
1072 725
1072 915
1073 726
1073 914
1074 727
1074 913
1075 728
1075 912
1076 729
1076 911
1077 730
1077 910
1078 731
1078 910
1079 732
1079 909
1080 733
1080 908
1081 734
1081 907
1082 735
1082 907
1083 736
1083 906
1084 737
1084 906
1085 738
1085 905
1086 739
1086 904
1087 740
1087 903
1088 741
1088 742
1088 902
1089 743
1089 901
1090 744
1090 745
1090 899
1090 900
1091 746
1091 897
1091 898
1092 747
1092 748
1092 896
1093 749
1093 750
1093 894
1093 895
1094 751
1094 752
1094 893
1095 753
1095 754
1095 891
1095 892
1096 755
1096 756
1096 890
1097 757
1097 889
1098 758
1098 759
1098 887
1098 888
1099 760
1099 886
1100 761
1100 762
1100 884
1100 885
1101 763
1101 764
1101 880
1101 881
1101 882
1101 883
1102 765
1102 766
1102 878
1102 879
1103 767
1103 768
1103 772
1103 773
1103 875
1103 876
1103 877
1104 769
1104 770
1104 771
1104 774
1104 777
1104 871
1104 873
1104 874
1105 775
1105 776
1105 778
1105 867
1105 870
1105 872
1106 779
1106 780
1106 781
1106 783
1106 861
1106 863
1106 866
1106 868
1106 869
1107 782
1107 784
1107 857
1107 860
1107 862
1107 864
1107 865
1108 785
1108 786
1108 787
1108 790
1108 850
1108 851
1108 852
1108 856
1108 858
1108 859
1109 788
1109 789
1109 791
1109 793
1109 794
1109 795
1109 796
1109 844
1109 845
1109 846
1109 849
1109 853
1109 854
1109 855
1110 792
1110 797
1110 800
1110 801
1110 803
1110 804
1110 805
1110 806
1110 807
1110 808
1110 809
1110 810
1110 811
1110 835
1110 836
1110 837
1110 838
1110 839
1110 840
1110 841
1110 843
1110 847
1110 848
1111 798
1111 799
1111 802
1111 812
1111 814
1111 815
1111 816
1111 817
1111 818
1111 819
1111 820
1111 821
1111 822
1111 823
1111 824
1111 825
1111 826
1111 827
1111 828
1111 829
1111 830
1111 831
1111 832
1111 834
1111 842
1112 813
1112 833
