770 831
770 848
771 824
771 825
771 830
771 832
771 833
771 834
771 835
771 836
771 837
771 838
771 839
771 840
771 841
771 842
771 843
771 844
771 845
771 846
771 847
771 849
771 861
771 862
771 865
772 814
772 818
772 819
772 823
772 826
772 827
772 828
772 829
772 850
772 851
772 852
772 853
772 854
772 855
772 856
772 857
772 858
772 859
772 860
772 863
772 864
772 866
772 872
772 873
773 808
773 809
773 813
773 815
773 816
773 817
773 820
773 821
773 822
773 867
773 868
773 869
773 870
773 871
773 874
773 879
773 880
773 881
774 802
774 803
774 807
774 810
774 811
774 812
774 875
774 876
774 877
774 878
774 882
774 884
774 885
775 798
775 801
775 804
775 805
775 806
775 883
775 886
775 888
775 889
776 794
776 795
776 797
776 799
776 800
776 887
776 890
776 892
776 893
777 790
777 791
777 793
777 796
777 891
777 894
777 895
777 896
778 786
778 787
778 789
778 792
778 897
779 782
779 783
779 785
779 788
779 898
779 900
779 901
780 779
780 780
780 781
780 784
780 899
780 902
780 903
780 904
781 776
781 777
781 778
781 905
781 906
781 907
782 772
782 773
782 775
782 908
782 909
782 910
783 769
783 770
783 771
783 774
783 911
783 912
783 913
784 767
784 768
784 914
784 915
784 916
785 764
785 765
785 766
785 917
785 918
786 761
786 762
786 763
786 919
786 920
787 759
787 760
787 921
787 922
787 923
788 756
788 757
788 758
788 924
788 925
789 753
789 754
789 755
789 926
789 927
790 752
790 928
790 929
791 750
791 751
791 930
791 931
792 747
792 748
792 749
792 932
792 933
793 745
793 746
793 934
794 743
794 744
794 935
794 936
795 741
795 742
795 937
796 739
796 740
796 938
796 939
797 736
797 737
797 738
797 940
797 941
798 734
798 735
798 942
799 733
799 943
800 731
800 732
800 944
800 945
801 730
801 946
801 947
802 729
802 948
803 727
803 728
803 949
803 950
804 726
804 951
805 724
805 725
805 952
805 953
806 723
806 954
807 721
807 722
807 955
807 956
808 720
808 957
809 719
809 958
809 959
810 717
810 718
810 960
811 716
811 961
812 715
812 962
812 963
813 713
813 714
813 964
814 712
814 965
815 711
815 966
815 967
816 710
816 968
817 708
817 709
817 969
818 707
818 970
818 971
819 706
819 972
820 705
820 973
821 704
821 974
822 703
822 975
823 702
823 976
824 700
824 701
824 977
825 699
825 978
826 698
826 979
827 697
827 980
828 696
828 981
829 695
829 982
830 694
830 983
830 984
831 693
831 985
832 692
832 986
833 691
833 987
834 690
834 988
835 689
835 989
836 688
836 990
837 688
837 991
838 687
838 992
839 686
839 993
840 685
840 994
841 684
841 995
842 683
842 995
843 683
843 996
844 682
844 997
845 681
845 998
846 680
846 999
847 679
847 1000
848 678
848 1001
849 677
849 1002
850 676
850 1002
851 676
851 1003
852 675
852 1004
853 674
853 1005
854 673
854 1005
855 673
855 1006
856 672
856 1007
857 671
857 1008
858 671
858 1009
859 670
859 1009
860 669
860 1010
861 669
861 1011
862 668
862 1011
863 667
863 1012
864 667
864 1013
865 666
865 1013
866 665
866 1014
867 665
867 1015
868 664
868 1015
869 663
869 1015
870 663
870 1016
871 662
871 1017
872 662
872 1017
873 661
873 1018
874 660
874 1019
875 660
875 1019
876 659
876 1020
877 659
877 1021
878 658
878 1021
879 658
879 1022
880 657
880 1023
881 657
881 1023
882 656
882 1024
883 656
883 1025
884 655
884 1025
885 655
885 1026
886 654
886 1026
887 654
887 1026
888 653
888 1027
889 653
889 1027
890 652
890 1027
891 652
891 1028
892 651
892 1028
893 650
893 1028
894 650
894 1029
895 649
895 1029
896 649
896 1029
897 649
897 1029
898 648
898 1030
899 648
899 1031
900 648
900 1031
901 647
901 1031
902 647
902 1031
903 646
903 1031
904 646
904 1032
905 646
905 1032
906 645
906 1032
907 644
907 1032
908 644
908 1032
909 643
909 1033
910 643
910 1033
911 643
911 1033
912 642
912 1033
913 642
913 1033
914 642
914 1033
915 641
915 1033
916 641
916 1034
917 640
917 1034
918 640
918 1034
919 640
919 1034
920 639
920 1034
921 639
921 1034
922 639
922 1035
923 639
923 1035
924 638
924 1035
925 638
925 1035
926 638
926 1035
927 637
927 1035
928 637
928 1035
929 637
929 1035
930 636
930 1035
931 636
931 1036
932 636
932 1037
933 635
933 1037
934 635
934 1037
935 635
935 1037
936 635
936 1037
937 635
937 1037
938 634
938 1037
939 634
939 1037
940 634
940 1037
941 634
941 1037
942 634
942 1037
943 634
943 1037
944 633
944 1037
945 633
945 1037
946 633
946 1037
947 633
947 1037
948 633
948 1037
949 633
949 1038
950 633
950 1038
951 632
951 1038
952 632
952 1038
953 632
953 1038
954 632
954 1038
955 632
955 1038
956 632
956 1038
957 632
957 1038
958 632
958 1038
959 631
959 1038
960 631
960 1038
961 631
961 1038
962 631
962 1038
963 631
963 1038
964 631
964 1038
965 631
965 1038
966 630
966 1038
967 630
967 1038
968 630
968 1038
969 629
969 1038
970 629
970 1038
971 629
971 1038
972 629
972 1038
973 629
973 1038
974 629
974 1038
975 629
975 1038
976 629
976 1038
977 629
977 1038
978 629
978 1038
979 629
979 1038
980 629
980 1038
981 629
981 1038
982 629
982 1038
983 629
983 1038
984 630
984 1038
985 630
985 1038
986 630
986 1038
987 630
987 1038
988 630
988 1038
989 630
989 1038
990 630
990 1038
991 630
991 1038
992 630
992 1038
993 630
993 1038
994 630
994 1038
995 630
995 1038
996 630
996 1038
997 630
997 1038
998 630
998 1038
999 630
999 1038
1000 630
1000 1037
1001 630
1001 1036
1002 630
1002 1036
1003 630
1003 1036
1004 630
1004 1036
1005 630
1005 1036
1006 630
1006 1036
1007 630
1007 1036
1008 631
1008 1036
1009 631
1009 1036
1010 631
1010 1036
1011 631
1011 1036
1012 631
1012 1036
1013 631
1013 1035
1014 631
1014 1034
1015 631
1015 1034
1016 631
1016 1034
1017 631
1017 1034
1018 631
1018 1034
1019 631
1019 1034
1020 631
1020 1034
1021 631
1021 1034
1022 631
1022 1034
1023 631
1023 1034
1024 632
1024 1033
1025 632
1025 1033
1026 632
1026 1033
1027 632
1027 1033
1028 632
1028 1033
1029 633
1029 1033
1030 633
1030 1033
1031 633
1031 1032
1032 634
1032 1032
1033 634
1033 1032
1034 634
1034 1032
1035 635
1035 1031
1036 635
1036 1031
1037 635
1037 1031
1038 636
1038 1030
1039 636
1039 1030
1040 636
1040 1030
1041 637
1041 1029
1042 637
1042 1029
1043 638
1043 1029
1044 638
1044 1028
1045 638
1045 1028
1046 639
1046 1028
1047 639
1047 1027
1048 639
1048 1027
1049 640
1049 1027
1050 640
1050 1027
1051 640
1051 1026
1052 641
1052 1026
1053 641
1053 1026
1054 641
1054 1025
1055 642
1055 1025
1056 642
1056 1025
1057 642
1057 1024
1058 643
1058 1024
1059 643
1059 1023
1060 643
1060 1023
1061 644
1061 1023
1062 644
1062 1022
1063 645
1063 1022
1064 645
1064 1022
1065 645
1065 1021
1066 646
1066 1021
1067 646
1067 1020
1068 647
1068 1020
1069 647
1069 1019
1070 647
1070 1019
1071 648
1071 1018
1072 648
1072 1018
1073 649
1073 1017
1074 649
1074 1017
1075 650
1075 1016
1076 650
1076 1016
1077 651
1077 1015
1078 651
1078 1015
1079 652
1079 1014
1080 653
1080 1014
1081 653
1081 1013
1082 654
1082 1013
1083 654
1083 1012
1084 655
1084 1011
1085 655
1085 1011
1086 656
1086 1010
1087 657
1087 1010
1088 657
1088 1009
1089 658
1089 1008
1090 658
1090 1008
1091 659
1091 1007
1092 660
1092 1006
1093 660
1093 1005
1094 661
1094 1005
1095 661
1095 1004
1096 662
1096 1003
1097 663
1097 1003
1098 663
1098 1002
1099 664
1099 1002
1100 664
1100 1001
1101 665
1101 1000
1102 665
1102 1000
1103 666
1103 999
1104 667
1104 998
1105 667
1105 998
1106 668
1106 997
1107 669
1107 997
1108 670
1108 996
1109 670
1109 995
1110 671
1110 994
1111 672
1111 994
1112 673
1112 993
1113 673
1113 992
1114 674
1114 992
1115 675
1115 676
1115 991
1116 677
1116 990
1117 678
1117 989
1118 679
1118 988
1119 680
1119 987
1120 681
1120 986
1121 682
1121 683
1121 986
1122 684
1122 985
1123 685
1123 984
1124 686
1124 983
1125 687
1125 982
1126 688
1126 982
1127 689
1127 981
1128 690
1128 980
1129 691
1129 979
1130 692
1130 978
1131 693
1131 694
1131 978
1132 695
1132 977
1133 696
1133 977
1134 697
1134 976
1135 698
1135 975
1136 699
1136 700
1136 974
1137 701
1137 973
1138 702
1138 972
1139 703
1139 704
1139 971
1140 705
1140 970
1141 706
1141 969
1142 707
1142 968
1143 708
1143 709
1143 967
1144 710
1144 966
1145 711
1145 712
1145 965
1146 713
1146 963
1146 964
1147 714
1147 715
1147 962
1148 716
1148 717
1148 961
1149 718
1149 719
1149 960
1150 720
1150 959
1151 721
1151 722
1151 958
1152 723
1152 724
1152 956
1152 957
1153 725
1153 726
1153 954
1153 955
1154 727
1154 952
1154 953
1155 728
1155 729
1155 951
1156 730
1156 731
1156 949
1156 950
1157 732
1157 733
1157 948
1158 734
1158 946
1158 947
1159 735
1159 736
1159 945
1160 737
1160 738
1160 943
1160 944
1161 739
1161 740
1161 941
1161 942
1162 741
1162 742
1162 940
1163 743
1163 744
1163 938
1163 939
1164 745
1164 746
1164 937
1165 747
1165 748
1165 935
1165 936
1166 749
1166 750
1166 933
1166 934
1167 751
1167 752
1167 753
1167 932
1168 754
1168 755
1168 756
1168 930
1168 931
1169 757
1169 758
1169 759
1169 928
1169 929
1170 760
1170 761
1170 762
1170 927
1171 763
1171 764
1171 925
1171 926
1172 765
1172 766
1172 767
1172 923
1172 924
1173 768
1173 769
1173 771
1173 921
1173 922
1174 770
1174 772
1174 918
1174 919
1174 920
1175 773
1175 774
1175 775
1175 916
1175 917
1176 776
1176 777
1176 778
1176 910
1176 914
1176 915
1177 779
1177 780
1177 781
1177 784
1177 786
1177 787
1177 909
1177 911
1177 912
1177 913
1178 782
1178 783
1178 785
1178 788
1178 791
1178 792
1178 906
1178 907
1178 908
1179 789
1179 790
1179 793
1179 795
1179 796
1179 903
1179 904
1179 905
1180 794
1180 797
1180 900
1180 901
1180 902
1181 798
1181 799
1181 802
1181 803
1181 804
1181 805
1181 806
1181 895
1181 897
1181 898
1181 899
1182 800
1182 801
1182 807
1182 810
1182 811
1182 812
1182 813
1182 814
1182 891
1182 894
1182 896
1183 808
1183 809
1183 815
1183 817
1183 818
1183 819
1183 820
1183 821
1183 890
1183 892
1183 893
1184 816
1184 822
1184 825
1184 826
1184 827
1184 828
1184 884
1184 887
1184 888
1184 889
1185 823
1185 824
1185 829
1185 833
1185 834
1185 835
1185 836
1185 837
1185 838
1185 839
1185 840
1185 883
1185 885
1185 886
1186 830
1186 831
1186 832
1186 841
1186 844
1186 845
1186 846
1186 848
1186 849
1186 850
1186 851
1186 852
1186 853
1186 854
1186 855
1186 856
1186 857
1186 858
1186 859
1186 860
1186 861
1186 862
1186 863
1186 864
1186 865
1186 870
1186 871
1186 872
1186 873
1186 874
1186 875
1186 876
1186 877
1186 878
1186 879
1186 881
1186 882
1187 842
1187 843
1187 847
1187 866
1187 869
1187 880
1188 867
1188 868
