881 1068
881 1081
882 1055
882 1061
882 1067
882 1069
882 1070
882 1071
882 1072
882 1073
882 1074
882 1075
882 1076
882 1077
882 1078
882 1079
882 1080
882 1082
882 1087
883 1052
883 1053
883 1054
883 1056
883 1057
883 1058
883 1059
883 1060
883 1062
883 1063
883 1064
883 1065
883 1066
883 1083
883 1084
883 1085
883 1086
883 1088
883 1093
884 1050
884 1051
884 1089
884 1090
884 1091
884 1092
884 1094
884 1095
884 1096
885 1049
885 1097
885 1098
885 1099
886 1046
886 1047
886 1048
886 1100
886 1102
886 1103
887 1042
887 1043
887 1045
887 1101
887 1104
887 1105
888 1040
888 1041
888 1044
888 1106
888 1107
888 1108
889 1038
889 1039
889 1109
889 1110
890 1036
890 1037
890 1111
890 1112
891 1035
891 1113
891 1114
892 1033
892 1034
892 1115
892 1116
893 1030
893 1031
893 1032
893 1117
893 1118
894 1028
894 1029
894 1119
894 1120
895 1027
895 1121
896 1025
896 1026
896 1122
896 1123
897 1024
897 1124
897 1125
898 1023
898 1126
898 1127
899 1022
899 1128
899 1129
900 1019
900 1020
900 1021
900 1130
901 1018
901 1131
902 1017
902 1132
902 1133
903 1015
903 1016
903 1134
904 1014
904 1135
905 1013
905 1136
906 1013
906 1137
907 1012
907 1137
908 1011
908 1138
909 1010
909 1139
910 1008
910 1009
910 1140
911 1007
911 1141
912 1006
912 1142
913 1005
913 1143
914 1005
914 1143
915 1004
915 1144
916 1003
916 1144
917 1002
917 1144
918 1001
918 1145
919 1000
919 1146
920 1000
920 1146
921 999
921 1147
922 998
922 1148
923 998
923 1149
924 997
924 1149
925 997
925 1150
926 996
926 1150
927 996
927 1150
928 995
928 1151
929 995
929 1151
930 994
930 1152
931 994
931 1152
932 993
932 1152
933 993
933 1153
934 992
934 1153
935 992
935 1154
936 991
936 1154
937 991
937 1154
938 991
938 1155
939 990
939 1156
940 990
940 1156
941 990
941 1156
942 989
942 1156
943 989
943 1156
944 989
944 1156
945 989
945 1156
946 989
946 1156
947 988
947 1156
948 988
948 1156
949 988
949 1156
950 988
950 1157
951 988
951 1158
952 988
952 1158
953 988
953 1158
954 988
954 1158
955 988
955 1158
956 988
956 1158
957 988
957 1158
958 988
958 1158
959 988
959 1158
960 988
960 1158
961 988
961 1158
962 988
962 1158
963 987
963 1158
964 987
964 1158
965 987
965 1158
966 987
966 1158
967 987
967 1159
968 987
968 1159
969 987
969 1159
970 987
970 1159
971 987
971 1159
972 987
972 1159
973 987
973 1158
974 987
974 1158
975 987
975 1158
976 987
976 1158
977 988
977 1158
978 988
978 1158
979 988
979 1158
980 988
980 1158
981 988
981 1158
982 988
982 1158
983 988
983 1158
984 988
984 1158
985 989
985 1158
986 989
986 1158
987 989
987 1158
988 989
988 1158
989 990
989 1158
990 990
990 1158
991 991
991 1158
992 991
992 1158
993 991
993 1157
994 991
994 1157
995 991
995 1157
996 992
996 1157
997 992
997 1157
998 992
998 1157
999 992
999 1157
1000 992
1000 1156
1001 993
1001 1155
1002 993
1002 1155
1003 993
1003 1155
1004 994
1004 1155
1005 995
1005 1155
1006 996
1006 1155
1007 997
1007 1154
1008 997
1008 1153
1009 998
1009 1153
1010 999
1010 1153
1011 999
1011 1153
1012 999
1012 1152
1013 1000
1013 1152
1014 1001
1014 1151
1015 1001
1015 1151
1016 1002
1016 1151
1017 1003
1017 1151
1018 1003
1018 1150
1019 1004
1019 1150
1020 1005
1020 1149
1021 1006
1021 1149
1022 1007
1022 1148
1023 1008
1023 1147
1024 1009
1024 1147
1025 1010
1025 1146
1026 1011
1026 1145
1027 1012
1027 1144
1028 1013
1028 1143
1029 1013
1029 1142
1030 1014
1030 1141
1031 1015
1031 1140
1032 1016
1032 1139
1033 1017
1033 1138
1034 1018
1034 1019
1034 1137
1035 1020
1035 1136
1036 1021
1036 1135
1037 1022
1037 1023
1037 1134
1038 1024
1038 1133
1039 1025
1039 1132
1040 1026
1040 1130
1040 1131
1041 1027
1041 1028
1041 1128
1041 1129
1042 1029
1042 1127
1043 1030
1043 1031
1043 1125
1043 1126
1044 1032
1044 1033
1044 1124
1045 1034
1045 1123
1046 1035
1046 1036
1046 1122
1047 1037
1047 1038
1047 1120
1047 1121
1048 1039
1048 1040
1048 1116
1048 1119
1049 1041
1049 1042
1049 1045
1049 1115
1049 1117
1049 1118
1050 1043
1050 1044
1050 1046
1050 1113
1050 1114
1051 1047
1051 1048
1051 1049
1051 1111
1051 1112
1052 1050
1052 1052
1052 1108
1052 1110
1053 1051
1053 1053
1053 1056
1053 1104
1053 1107
1053 1109
1054 1054
1054 1055
1054 1057
1054 1059
1054 1060
1054 1061
1054 1062
1054 1063
1054 1100
1054 1101
1054 1103
1054 1105
1054 1106
1055 1058
1055 1064
1055 1067
1055 1068
1055 1069
1055 1070
1055 1071
1055 1072
1055 1074
1055 1075
1055 1076
1055 1077
1055 1078
1055 1082
1055 1083
1055 1084
1055 1085
1055 1086
1055 1087
1055 1088
1055 1089
1055 1090
1055 1091
1055 1092
1055 1093
1055 1095
1055 1096
1055 1099
1055 1102
1056 1065
1056 1066
1056 1073
1056 1079
1056 1081
1056 1094
1056 1097
1056 1098
1057 1080
