770 1063
770 1078
771 1053
771 1062
771 1064
771 1065
771 1066
771 1067
771 1068
771 1069
771 1070
771 1071
771 1072
771 1073
771 1074
771 1075
771 1076
771 1077
771 1079
771 1092
771 1093
772 1048
772 1052
772 1054
772 1055
772 1056
772 1057
772 1058
772 1059
772 1060
772 1061
772 1080
772 1081
772 1082
772 1083
772 1084
772 1085
772 1086
772 1087
772 1088
772 1089
772 1090
772 1091
772 1094
772 1097
772 1098
773 1044
773 1045
773 1047
773 1049
773 1050
773 1051
773 1095
773 1096
773 1099
773 1101
773 1102
774 1040
774 1041
774 1043
774 1046
774 1100
774 1103
774 1106
774 1107
775 1033
775 1036
775 1037
775 1039
775 1042
775 1104
775 1105
775 1108
776 1030
776 1031
776 1032
776 1034
776 1035
776 1038
776 1109
776 1112
776 1113
777 1027
777 1028
777 1029
777 1110
777 1111
777 1114
777 1116
777 1117
778 1023
778 1024
778 1026
778 1115
778 1118
778 1120
778 1121
778 1122
779 1020
779 1021
779 1022
779 1025
779 1119
779 1123
779 1124
779 1125
780 1019
780 1126
780 1127
781 1016
781 1017
781 1018
781 1128
781 1129
782 1013
782 1014
782 1015
782 1130
782 1131
782 1132
783 1011
783 1012
783 1133
783 1134
784 1008
784 1009
784 1010
784 1135
784 1136
785 1005
785 1006
785 1007
785 1137
785 1138
786 1003
786 1004
786 1139
786 1140
787 1001
787 1002
787 1141
787 1142
788 999
788 1000
788 1143
788 1144
789 997
789 998
789 1145
789 1146
790 995
790 996
790 1147
790 1148
791 993
791 994
791 1149
792 991
792 992
792 1150
792 1151
793 990
793 1152
793 1153
794 988
794 989
794 1154
794 1155
795 986
795 987
795 1156
796 984
796 985
796 1157
796 1158
797 983
797 1159
797 1160
798 981
798 982
798 1161
799 979
799 980
799 1162
799 1163
800 978
800 1164
800 1165
801 977
801 1166
802 976
802 1167
802 1168
803 975
803 1169
804 973
804 974
804 1170
804 1171
805 972
805 1172
806 971
806 1173
807 969
807 970
807 1174
807 1175
808 968
808 1176
809 967
809 1177
809 1178
810 966
810 1179
811 965
811 1180
811 1181
812 964
812 1182
813 963
813 1183
813 1184
814 962
814 1185
815 961
815 1186
815 1187
816 960
816 1188
817 959
817 1189
818 958
818 1190
819 957
819 1191
820 956
820 1192
821 955
821 1193
822 954
822 1194
823 953
823 1195
824 952
824 1196
825 952
825 1196
826 951
826 1197
827 950
827 1198
828 949
828 1199
829 948
829 1200
830 946
830 947
830 1201
831 945
831 1201
832 944
832 1202
833 944
833 1203
834 943
834 1204
835 942
835 1205
836 941
836 1206
837 940
837 1207
838 939
838 1208
839 938
839 1209
840 938
840 1209
841 937
841 1210
842 936
842 1211
843 936
843 1212
844 935
844 1213
845 934
845 1213
846 934
846 1214
847 933
847 1215
848 932
848 1216
849 932
849 1216
850 931
850 1217
851 930
851 1217
852 930
852 1218
853 929
853 1219
854 928
854 1219
855 928
855 1220
856 927
856 1220
857 927
857 1220
858 926
858 1221
859 926
859 1222
860 925
860 1223
861 924
861 1223
862 924
862 1224
863 923
863 1224
864 922
864 1225
865 922
865 1225
866 921
866 1226
867 921
867 1226
868 920
868 1227
869 920
869 1227
870 919
870 1227
871 918
871 1228
872 918
872 1228
873 917
873 1229
874 917
874 1229
875 916
875 1230
876 915
876 1230
877 915
877 1231
878 914
878 1231
879 914
879 1231
880 913
880 1232
881 913
881 1232
882 912
882 1232
883 912
883 1233
884 911
884 1234
885 911
885 1234
886 910
886 1235
887 910
887 1235
888 909
888 1235
889 909
889 1236
890 909
890 1236
891 908
891 1236
892 907
892 1237
893 907
893 1237
894 906
894 1237
895 906
895 1237
896 906
896 1238
897 905
897 1238
898 905
898 1238
899 904
899 1239
900 904
900 1239
901 904
901 1239
902 903
902 1240
903 903
903 1240
904 902
904 1240
905 902
905 1240
906 902
906 1240
907 902
907 1240
908 901
908 1241
909 901
909 1242
910 900
910 1242
911 900
911 1242
912 900
912 1243
913 899
913 1243
914 899
914 1243
915 899
915 1243
916 898
916 1244
917 898
917 1244
918 898
918 1244
919 897
919 1244
920 897
920 1244
921 897
921 1244
922 897
922 1244
923 897
923 1244
924 896
924 1244
925 896
925 1244
926 896
926 1244
927 896
927 1244
928 896
928 1244
929 895
929 1244
930 895
930 1244
931 895
931 1244
932 895
932 1244
933 895
933 1244
934 895
934 1244
935 894
935 1245
936 894
936 1245
937 894
937 1245
938 894
938 1245
939 894
939 1245
940 894
940 1245
941 893
941 1245
942 893
942 1245
943 893
943 1245
944 893
944 1245
945 893
945 1245
946 893
946 1245
947 893
947 1245
948 893
948 1245
949 893
949 1245
950 892
950 1245
951 892
951 1245
952 892
952 1245
953 892
953 1245
954 892
954 1245
955 892
955 1245
956 892
956 1245
957 892
957 1245
958 892
958 1245
959 892
959 1245
960 892
960 1245
961 892
961 1245
962 892
962 1245
963 892
963 1245
964 892
964 1245
965 892
965 1245
966 892
966 1245
967 892
967 1245
968 892
968 1245
969 892
969 1245
970 892
970 1245
971 892
971 1245
972 892
972 1245
973 892
973 1245
974 892
974 1245
975 892
975 1245
976 892
976 1245
977 892
977 1245
978 893
978 1245
979 893
979 1245
980 893
980 1244
981 893
981 1244
982 893
982 1244
983 893
983 1244
984 893
984 1244
985 893
985 1244
986 893
986 1244
987 894
987 1243
988 894
988 1242
989 894
989 1242
990 894
990 1242
991 894
991 1242
992 894
992 1242
993 894
993 1242
994 894
994 1242
995 894
995 1242
996 894
996 1242
997 894
997 1242
998 894
998 1242
999 895
999 1241
1000 895
1000 1241
1001 895
1001 1241
1002 895
1002 1241
1003 895
1003 1241
1004 895
1004 1241
1005 896
1005 1241
1006 896
1006 1241
1007 896
1007 1240
1008 896
1008 1240
1009 897
1009 1240
1010 897
1010 1240
1011 897
1011 1240
1012 898
1012 1240
1013 898
1013 1239
1014 898
1014 1238
1015 899
1015 1238
1016 899
1016 1238
1017 899
1017 1238
1018 900
1018 1238
1019 900
1019 1237
1020 900
1020 1237
1021 901
1021 1237
1022 901
1022 1237
1023 901
1023 1236
1024 902
1024 1236
1025 902
1025 1236
1026 902
1026 1236
1027 903
1027 1235
1028 903
1028 1235
1029 903
1029 1235
1030 904
1030 1235
1031 904
1031 1235
1032 905
1032 1234
1033 905
1033 1234
1034 905
1034 1234
1035 906
1035 1233
1036 906
1036 1233
1037 907
1037 1233
1038 907
1038 1233
1039 907
1039 1232
1040 908
1040 1231
1041 908
1041 1231
1042 909
1042 1231
1043 909
1043 1230
1044 909
1044 1230
1045 910
1045 1230
1046 911
1046 1229
1047 912
1047 1229
1048 912
1048 1228
1049 913
1049 1228
1050 914
1050 1228
1051 914
1051 1227
1052 915
1052 1227
1053 915
1053 1227
1054 916
1054 1226
1055 917
1055 1226
1056 917
1056 1226
1057 918
1057 1225
1058 919
1058 1225
1059 919
1059 1224
1060 920
1060 1224
1061 920
1061 1223
1062 921
1062 1223
1063 922
1063 1222
1064 922
1064 1222
1065 923
1065 1221
1066 923
1066 1220
1067 924
1067 1220
1068 925
1068 1219
1069 925
1069 1219
1070 926
1070 1218
1071 926
1071 1218
1072 926
1072 1217
1073 927
1073 1217
1074 928
1074 1216
1075 928
1075 1215
1076 929
1076 1215
1077 930
1077 1214
1078 931
1078 1213
1079 931
1079 1213
1080 932
1080 1212
1081 933
1081 1212
1082 934
1082 1211
1083 934
1083 1210
1084 935
1084 1210
1085 936
1085 1209
1086 937
1086 1208
1087 938
1087 1208
1088 939
1088 1207
1089 940
1089 1206
1090 941
1090 1206
1091 942
1091 1205
1092 943
1092 1204
1093 944
1093 1204
1094 945
1094 946
1094 1203
1095 947
1095 1202
1096 948
1096 1201
1097 949
1097 1200
1098 950
1098 1199
1099 951
1099 1199
1100 952
1100 1198
1101 953
1101 1196
1101 1197
1102 954
1102 1195
1103 955
1103 1194
1104 956
1104 1193
1105 957
1105 1192
1106 958
1106 1191
1107 959
1107 1189
1107 1190
1108 960
1108 1188
1109 961
1109 1187
1110 962
1110 1186
1111 963
1111 1185
1112 964
1112 965
1112 1184
1113 966
1113 1183
1114 967
1114 1182
1115 968
1115 1180
1115 1181
1116 969
1116 970
1116 1179
1117 971
1117 1178
1118 972
1118 973
1118 1177
1119 974
1119 975
1119 1175
1119 1176
1120 976
1120 1174
1121 977
1121 978
1121 1173
1122 979
1122 980
1122 1171
1122 1172
1123 981
1123 982
1123 1170
1124 983
1124 1168
1124 1169
1125 984
1125 985
1125 1167
1126 986
1126 1166
1127 987
1127 988
1127 1164
1127 1165
1128 989
1128 1161
1128 1162
1128 1163
1129 990
1129 991
1129 1160
1130 992
1130 1158
1130 1159
1131 993
1131 994
1131 1156
1131 1157
1132 995
1132 996
1132 1154
1132 1155
1133 997
1133 998
1133 1153
1134 999
1134 1000
1134 1151
1134 1152
1135 1001
1135 1002
1135 1149
1135 1150
1136 1003
1136 1004
1136 1147
1136 1148
1137 1005
1137 1006
1137 1007
1137 1145
1137 1146
1138 1008
1138 1009
1138 1010
1138 1143
1138 1144
1139 1011
1139 1012
1139 1013
1139 1141
1139 1142
1140 1014
1140 1015
1140 1139
1140 1140
1141 1016
1141 1017
1141 1018
1141 1021
1141 1136
1141 1137
1141 1138
1142 1019
1142 1020
1142 1022
1142 1134
1142 1135
1143 1023
1143 1024
1143 1025
1143 1131
1143 1132
1143 1133
1144 1026
1144 1027
1144 1028
1144 1129
1144 1130
1145 1029
1145 1030
1145 1031
1145 1126
1145 1127
1145 1128
1146 1032
1146 1033
1146 1035
1146 1036
1146 1121
1146 1123
1146 1124
1146 1125
1147 1034
1147 1037
1147 1040
1147 1116
1147 1117
1147 1120
1147 1122
1148 1038
1148 1039
1148 1041
1148 1044
1148 1045
1148 1112
1148 1115
1148 1118
1148 1119
1149 1042
1149 1043
1149 1046
1149 1050
1149 1051
1149 1052
1149 1053
1149 1054
1149 1055
1149 1056
1149 1057
1149 1102
1149 1103
1149 1104
1149 1105
1149 1106
1149 1108
1149 1111
1149 1113
1149 1114
1150 1047
1150 1048
1150 1049
1150 1058
1150 1060
1150 1061
1150 1062
1150 1063
1150 1065
1150 1066
1150 1067
1150 1068
1150 1069
1150 1070
1150 1071
1150 1072
1150 1073
1150 1074
1150 1075
1150 1076
1150 1077
1150 1078
1150 1079
1150 1080
1150 1081
1150 1082
1150 1083
1150 1084
1150 1085
1150 1086
1150 1087
1150 1088
1150 1089
1150 1090
1150 1091
1150 1095
1150 1096
1150 1097
1150 1098
1150 1101
1150 1107
1150 1109
1150 1110
1151 1059
1151 1064
1151 1092
1151 1094
1151 1099
1151 1100
1152 1093
